"Application","Category","Total Bytes","Bytes Received","Bytes Sent"
"Domain Name Service","Network Service","1957739364","977722716","980016648"
"Google Mail","Email","3169817828","447481678","2722336150"
"Google Search","Web","1424187059","189883323","1234303736"
"HyperText Transfer Protocol","Web","8943618977","558482647","8385136330"
"HyperText Transfer Protocol Secure","Web","27911313570","2223660782","25687652788"
"Internet Control Message Protocol","Network Service","4447183664","2672204013","1774979651"
"Internet Message Access Protocol Secure","Email","43160401","5544411","37615990"
"Internet Protocol","Network Service","0","0","0"
"Network Time Protocol","Network Service","6615393","3667499","2947894"
"Skype and Teams","Business Collaboration","203444128","58618788","144825340"
"Simple Object Access Protocol","Network Service","1829497469","893730478","935766991"
"Secure Shell","Tunneling and VPN","159504261","93693976","65810285"
"Secure Socket Layer","Tunneling and VPN","31968720032","8077136920","23891583112"
"Transmission Control Protocol","Other TCP/UDP","1878221094","749241930","1128979164"
"User Datagram Protocol","Other TCP/UDP","365254260751","24119962841","341134297910"
"Yahoo Mail v.2.0","Email","472013338","101237276","370776062"
"Youtube.com","Media","79152697054","2850332413","76302364641"
"Facebook","Social Networking","205630677862","5654023860","199976654002"
"Google Ads","Web","3413225106","630101624","2783123482"
"Apple Generic Services","Web","26411918370","646286720","25765631650"
"Online Certificate Status Protocol","Business Application","29127790","13239801","15887989"
"Mail.ru Webmail","Email","5776254","852501","4923753"
"Yandex.ru","Web","109254551","11520133","97734418"
"iTunes","Media","2669448430","224682473","2444765957"
"TeamViewer","Remote Desktop","491529614","239729674","251799940"
"Bing.com (formerly MSN Search)","Web","1232563019","184407792","1048155227"
"Firefox Update","Web","205282852","6776554","198506298"
"Windows Update","Web","8739813580","431914220","8307899360"
"Netflix.com","Media","24857737505","251554054","24606183451"
"Google Analytics,Google Marketing Platform","Web","398803794","119064629","279739165"
"Google GStatic","Web","2834542766","260196599","2574346167"
"Google Generic","Web","3158022999","1174545295","1983477704"
"AccuWeather","Web","57897136","13635462","44261674"
"Amazon Generic Services","Web","5374875408","1538559109","3836316299"
"Mozilla.com - Mozilla.org","Web","238020145","42602549","195417596"
"Weather.com","Web","42093024","5334796","36758228"
"WhatsApp Messenger","Internet Instant Messaging","16964514672","5952767203","11011747469"
"Google App Engine","Business Application","25013544","14354598","10658946"
"Apple App Store","Web","16342539111","552017118","15790521993"
"Windows Marketplace","Web","1335044907","66432363","1268612544"
"Apple Push Notification Service","Web","433730941","268684163","165046778"
"iOS over-the-air (OTA) update","Web","10664616453","184468159","10480148294"
"Google Play Store","Media","3819699535","880028081","2939671454"
"iCloud (Apple)","Storage and Backup","10965421889","2362170080","8603251809"
"Instagram","Web","133090224058","4751115682","128339108376"
"Amazon Web Services/Cloudfront CDN","Infrastructure","36786410808","28143345874","8643064934"
"Yahoo.com","Web","2900978311","257484993","2643493318"
"CloudFlare CDN","Infrastructure","16632448268","679678870","15952769398"
"Microsoft Office 365","Business Collaboration","1203798575","115774293","1088024282"
"Zoho Corporation","Business Application","30231037","9526088","20704949"
"Microsoft Outlook (Office 365)","Business Application","1678687914","530683398","1148004516"
"Apple SIRI","Web","94895554","58697376","36198178"
"Avito.ru","Web","2399222","474291","1924931"
"Google Accounts","Web","725553352","538459460","187093892"
"Adobe","Business Application","2246838845","133842151","2112996694"
"Flurry","Business Application","54298480","17916126","36382354"
"Samsung","Web","547988946","80273558","467715388"
"Facebook Messenger","Internet Instant Messaging","12295617402","6066815340","6228802062"
"Xiaomi","Web","167406660","15889168","151517492"
"Mixpanel","Web","17645490","13139885","4505605"
"Google Cloud Messaging","Web","184444368","50904849","133539519"
"Apple Location","Web","4793484749","453980839","4339503910"
"HyperText Transfer Protocol version 2","Web","21243664347","1787416578","19456247769"
"My.com","Web","1477443","453589","1023854"
"Helpshift","Web","1736712","523610","1213102"
"Adjust.com","Web","24492644","10330591","14162053"
"Android connectivity Manager","Network Service","27632358","14254474","13377884"
"Branch Metrics","Web","95146237","29289739","65856498"
"Taboola","Web","446950224","66161069","380789155"
"Microsoft OneDrive","Web","2331693096","216244844","2115448252"
"Microsoft","Web","4487674931","930966097","3556708834"
"Yandex Maps","Web","11906","3838","8068"
"Uber (formerly UberCab)","Web","1352391897","170557935","1181833962"
"Firebase Cloud Messaging","Web","832519984","428468129","404051855"
"Tealium","Web","15121320","3781673","11339647"
"Google Cloud Platform","Web","91922701","36595837","55326864"
"Tenor","Web","86362776","7551769","78811007"
"Cisco","Web","16855660","4122165","12733495"
"Apple News","Web","248781895","13158051","235623844"
"Google APIs","Web","7291590647","4106820581","3184770066"
"Amazon Cognito","Web","27424387","9073315","18351072"
"Google Messages","Internet Instant Messaging","201949504","159443707","42505797"
"Digicert","Web","16306552","6192163","10114389"
"SD-WAN Control","SD-WAN","21483079358","12797927795","8685151563"
"SD-WAN Management","SD-WAN","4242706653","1735081553","2507625100"
"TencentMeeting","Business Collaboration","426679244","136257765","290421479"
"BitTorrent","Peer to Peer","725130635","4168090","720962545"
"Dailymotion.com","Media","1439582536","24814892","1414767644"
"Google Maps","Web","435915548","33541619","402373929"
"Internet Message Access Protocol version 4","Email","23043467","5961637","17081830"
"Internet Security Association and Key Management Protocol","Tunneling and VPN","129040612","51461444","77579168"
"XMPP Protocol (Jabber)","Business Collaboration","3794107","1302451","2491656"
"McAfee Client update","Business Application","199640818","10089267","189551551"
"Remote Desktop Protocol (Windows Terminal Server)","Remote Desktop","270137","175344","94793"
"Session Initiation Protocol","Business Application","484323","254226","230097"
"Session Traversal Utilities for NAT","Business Collaboration","32135903","14457197","17678706"
"Wikipedia.com","Web","133010708","13067966","119942742"
"Yahoo Search","Web","12471120","1680576","10790544"
"Windows Live Hotmail","Email","298191782","52556032","245635750"
"Expedia.fr","Web","10328589","2411795","7916794"
"WordPress.com","Social Networking","80342824","4483965","75858859"
"LinkedIn","Social Networking","985764906","142543358","843221548"
"Xbox Live","Gaming","9451753","847620","8604133"
"ResearchGATE.net","Web","3514764","256765","3257999"
"Tumblr","Social Networking","5750414","209564","5540850"
"Twitter","Social Networking","3834019710","200876527","3633143183"
"Yelp.com","Web","36847373","1883024","34964349"
"Spotify","Media","2422339770","165952532","2256387238"
"Baidu.com","Web","130596235","10526574","120069661"
"Adobe Update Manager","Web","676321128","11318071","665003057"
"Adobe Flash Plugin Update","Web","367136","43562","323574"
"Apple Update","Web","27816218","1217911","26598307"
"Chrome Update","Web","872834319","16521628","856312691"
"Opera Update","Web","4808054","1728977","3079077"
"BitDefender Update","Web","2709855","1255967","1453888"
"Symantec Norton AntiVirus Updates","Web","65261427","930995","64330432"
"Avira Update","Web","104819","17010","87809"
"Google Translate","Web","31892371","20387491","11504880"
"iHeartRADIO","Media","4930220","816323","4113897"
"Salesforce","Business Application","26522764","9461651","17061113"
"Portal.TidalTV.com","Web","1458918","460608","998310"
"Blogger","Web","19918213","904249","19013964"
"Daily Mail","Web","134261505","5769671","128491834"
"Taobao","Web","27304647","7249889","20054758"
"Samsung Apps","Web","342886895","17874107","325012788"
"SoundCloud","Media","760007631","20232318","739775313"
"QQ.com","Web","336031035","11251153","324779882"
"Akamai Technologies CDN","Web","10902607924","414131960","10488475964"
"Limelight Networks CDN","Web","4405110795","133749308","4271361487"
"Microsoft Azure (previously Windows Azure)","Infrastructure","652642430","23720380","628922050"
"WeChat","Internet Instant Messaging","5475198680","1022845832","4452352848"
"Google Talk (incl. Hangouts and Allo and Duo)","Real Time Audio/Video","34943209","6387953","28555256"
"Nokia Here API","Web","3005701","392222","2613479"
"Microsoft SharePoint Online (Office 365)","Business Application","458072394","180154511","277917883"
"ESPN.go.com","Web","35866262","3386309","32479953"
"Pinterest","Web","383490613","42484257","341006356"
"Reddit.com","Web","3609119792","104986077","3504133715"
"Imgur.com","Storage and Backup","4807222","209745","4597477"
"Google Documents (aka Google Drive)","Storage and Backup","229518891","93074710","136444181"
"Apple Maps","Web","1150089","113755","1036334"
"Paypal.com","Web","123384394","25069347","98315047"
"BBC","Web","143822300","10462664","133359636"
"Sapo.mz - Sapo.pt","Web","69918456","1667592","68250864"
"Free","Web","900358","11235","889123"
"craigslist","Web","2768532","390728","2377804"
"Kijiji.ca","Web","139840574","11326191","128514383"
"AliExpress.com","Web","115966821","4251255","111715566"
"VnExpress.net","Web","11163114","1626488","9536626"
"Amazon Ad System","Web","323532673","91737253","231795420"
"Aol","Web","2155030","486361","1668669"
"Snapchat","Social Networking","8721935832","472314585","8249621247"
"AddThis","Web","29302159","2961881","26340278"
"Yadro","Web","1286347","735596","550751"
"Turn","Web","6896913","2073313","4823600"
"ScorecardResearch","Web","54671937","16059033","38612904"
"Quantcast","Web","36154693","6491994","29662699"
"Symantec","Web","31012921","4011177","27001744"
"Oracle","Web","13020813","4934195","8086618"
"Bitstrips","Social Networking","102717489","6091106","96626383"
"TRUSTe","Web","36478106","4291470","32186636"
"Criteo","Web","342343261","73247677","269095584"
"Google Safe Browsing","Web","18781817","4789659","13992158"
"Inneractive","Web","172194253","126751351","45442902"
"Crashlytics","Web","77918235","8839056","69079179"
"Brightcove","Media","170870606","4253407","166617199"
"InMobi","Web","260403453","159323956","101079497"
"AppsFlyer","Business Application","53370429","19125107","34245322"
"Gravatar","Business Collaboration","4681812","891808","3790004"
"FreeWheel","Web","3142412","915602","2226810"
"Nielsen","Web","14041440","2951242","11090198"
"Stickyads","Web","37016244","10745714","26270530"
"Smart AdServer","Web","115537330","53125081","62412249"
"Google Cloud Storage","Web","21547204246","20229434615","1317769631"
"Google Calendar","Web","86126165","38212861","47913304"
"Flipboard","Web","7496887","1029061","6467826"
"OpenX","Web","17161198","6404793","10756405"
"PubMatic","Web","189622077","103583197","86038880"
"Index Exchange (previously Casale Media)","Web","58909661","22884464","36025197"
"LOTAME","Web","17437051","4202367","13234684"
"Rubicon Project","Web","197368003","87481320","109886683"
"ADTECH","Web","2341064","361043","1980021"
"Sizmek (previously MediaMind)","Web","36782180","3658399","33123781"
"AppNexus","Web","412679271","250407920","162271351"
"Rlcdn","Web","15979089","3665952","12313137"
"Advertising.com","Web","12964814","4187880","8776934"
"Google Tag Manager","Web","382366278","31390447","350975831"
"Facebook Embedded Video","Media","42938369978","994997419","41943372559"
"Ad Safe Protected","Web","194800939","38233315","156567624"
"Scotiabank","Web","22567013","6330144","16236869"
"Atlas Solutions","Web","684260","227498","456762"
"Urbanairship","Web","6491386","2326353","4165033"
"BootstrapCDN","Web","8536741","807283","7729458"
"Apple Music","Media","5525275056","134708755","5390566301"
"Outbrain","Web","123857696","26322947","97534749"
"Fastly","Web","26432352","967680","25464672"
"Unruly","Web","10259657","5032812","5226845"
"Disney Channel","Web","5029575","275083","4754492"
"Rogers TV","Web","203497775","14782395","188715380"
"UpLynk","Web","12086527","456114","11630413"
"Localytics","Web","3182470","1071853","2110617"
"MoPub","Web","645751","180979","464772"
"Applovin","Web","1847620521","700548043","1147072478"
"Moat","Web","221478521","85095527","136382994"
"Krux","Web","18832318","3087117","15745201"
"Microsoft Office OneNote (Office 365)","Business Application","1936969","375234","1561735"
"Heap","Web","28679497","16917284","11762213"
"Optimizely","Web","31128395","10659722","20468673"
"Liveperson","Web","19739853","1473424","18266429"
"Ensighten","Web","9775701","2176257","7599444"
"Smaato","Web","14614266","7343430","7270836"
"Verizon","Web","19292681","12686607","6606074"
"MediaMath","Web","13977268","5915107","8062161"
"LKQD","Web","3918452","1765907","2152545"
"jQuery","Web","18207826","1507307","16700519"
"Everest Technologies","Web","27092423","9341616","17750807"
"TubeMogul","Web","2108063","388097","1719966"
"SpotXchange","Web","12126356","4627851","7498505"
"Revcontent","Web","14684331","3382850","11301481"
"New Relic","Web","156485892","99872272","56613620"
"Google Photos (formerly Google Picasa)","Web","134851375","116528714","18322661"
"Liftoff","Web","11041730","5252514","5789216"
"Conversant","Web","12665803","4913107","7752696"
"Bazaarvoice","Web","25284177","3719601","21564576"
"Teads","Web","36242679","9199199","27043480"
"Adform","Web","29502903","11350679","18152224"
"hotjar","Web","33731522","9037483","24694039"
"ZoomMeetings","Business Collaboration","1023932884","181010544","842922340"
"HyperText Transfer Protocol proxy","Network Service","12733888","2334803","10399085"
"Highwinds","Web","27368324","1026125","26342199"
"Innovid","Web","334492806","8840692","325652114"
"Wix","Web","74820794","6717879","68102915"
"GIPHY","Web","808885389","20242468","788642921"
"Bidswitch","Web","52027840","27457226","24570614"
"Bugsnag","Web","7867611","5507305","2360306"
"Flashtalking","Web","38405028","3021142","35383886"
"Sharethrough","Web","121002537","43342669","77659868"
"AdColony","Web","13443743","5496390","7947353"
"Yieldmo","Web","45973254","11740527","34232727"
"MGID","Web","22006609","1054774","20951835"
"MaxCDN","Web","118100","29359","88741"
"DoubleVerify","Web","113988655","28203609","85785046"
"Media Innovation Group","Web","3218472","1092408","2126064"
"Booking.com","Web","47260612","7444055","39816557"
"Okta","Web","98666077","27078972","71587105"
"PulsePoint","Web","9573515","3779563","5793952"
"eXelate","Web","4350478","1513478","2837000"
"Sonobi","Web","35650628","17017369","18633259"
"Cloudinary","Web","27123925","1100127","26023798"
"Google Secure User Plane Location","Web","570180","116870","453310"
"Amplitude","Web","627915513","585466759","42448754"
"Kahoot!","Web","9354556","232651","9121905"
"Microsoft teams","Internet Instant Messaging","3559621652","1752382021","1807239631"
"Opera turbo","Network Service","1643861","197179","1446682"
"Youtube Music","Media","643456","86547","556909"
"Akamai Video","Media","54499581","1267803","53231778"
"IronSource","Business Application","186040750","31779734","154261016"
"Splunk Cloud","Storage and Backup","306445","221578","84867"
"Disqus","Web","37740579","3830384","33910195"
"Grammarly","Web","52322932","21945228","30377704"
"Simpli.fi","Web","4848547","1409150","3439397"
"ByteDance","Web","395635493","55307681","340327812"
"TikTok (Musical.ly)","Social Networking","88471654447","3680464576","84791189871"
"Visual IQ","Web","5775809","570889","5204920"
"Discourse","Web","57157","5566","51591"
"Inskin","Web","51477","10809","40668"
"Google GSuite","Web","46057577","27284267","18773310"
"AnonyTun","Tunneling and VPN","274116718","1368236","272748482"
"Vungle","Web","338504994","24608299","313896695"
"OpenSignal","Web","2433132","2092613","340519"
"Unknown virtual protocol","Unclassified","5493582","648328","4845254"
"Unknown virtual protocol","Unclassified","7866422","605006","7261416"
"Unknown virtual protocol","Unclassified","90937597","21239255","69698342"
"Unknown virtual protocol","Unclassified","208718974","96504919","112214055"
"Unknown virtual protocol","Unclassified","78196446","1967093","76229353"
"Google Pay","Web","16720482","4159384","12561098"
"JWPLAYER","Web","743259375","21771400","721487975"
"Quora","Social Networking","56126311","5598533","50527778"
"Shopify","Web","150039825","5687535","144352290"
"DoorDash","Web","6874766","2242720","4632046"
"Amber Weather","Web","942396","359076","583320"
"KOCHAVA","Web","2062156","667199","1394957"
"Amazon Alexa Assistant","Business Collaboration","4086184","1624322","2461862"
"Connatix","Real Time Audio/Video","54562566","4864665","49697901"
"UserReport","Web","597208","159620","437588"
"Pendo","Web","18524694","8599055","9925639"
"Go Daddy","Web","17974139","1236397","16737742"
"Contentful","Web","729775307","144551264","585224043"
"Indeed","Web","122176315","50878536","71297779"
"Geforce Now","Gaming","3894584","364865","3529719"
"Font Awesome","Web","21768503","2296238","19472265"
"Intercom","Web","70467170","24234401","46232769"
"eBay.com","Web","57164225","6863657","50300568"
"File Transfer Protocol","File Sharing","35551","18676","16875"
"Google Earth","Web","63995","10743","53252"
"Google Groups","Social Networking","41398","8849","32549"
"GPRS Tunneling Protocol","Tunneling and VPN","21482628","3312132","18170496"
"IPsec (AH and ESP)","Tunneling and VPN","1202818262","296445288","906372974"
"HP Printer Job Language","Business Application","10532315","1732092","8800223"
"Kerberos","Authentication","3159","2160","999"
"Layer 2 Tunneling Protocol","Tunneling and VPN","670137","58718","611419"
"Netbios Name Service","Network Service","13137","13137","0"
"Post Office Protocol (Version 3)","Email","2444987","213074","2231913"
"Secure POP3","Email","4808685","176409","4632276"
"Port Mapper","Network Service","2878","1990","888"
"QQ","Internet Instant Messaging","35135020","17222882","17912138"
"Remote Authentication Dial-In User Service","Authentication","444344","282173","162171"
"Real Time Control Protocol","Business Collaboration","396273","196053","200220"
"Real Time Protocol","Business Collaboration","341813255","172426483","169386772"
"SAP","Business Application","1408840","484358","924482"
"Server Message Block (Windows File Server)","File Sharing","8571","6240","2331"
"Simple Mail Transfer Protocol","Email","5429836","4938256","491580"
"Simple Mail Transfer Protocol Secure","Email","868430","204899","663531"
"Simple Network Management Protocol","Management","24485712","24485712","0"
"X Window System","Business Application","3159","2160","999"
"MPEG-Transport Stream","Real Time Audio/Video","5227271477","42962627","5184308850"
"Secure AIM","Internet Instant Messaging","1030941","217458","813483"
"Travelocity.com","Web","29838","6850","22988"
"Realtor.com","Web","16560804","258394","16302410"
"Flickr","Social Networking","154192849","7771213","146421636"
"Deezer","Web","90873378","1236309","89637069"
"Steampowered.com","Gaming","43542732","2000725","41542007"
"Badoo.com","Internet Instant Messaging","14746584","1053167","13693417"
"Classmates","Social Networking","269700","86738","182962"
"FetLife.com","Web","72989","29434","43555"
"Flixster.com","Web","8047506","362740","7684766"
"Foursquare.com","Web","2316478","547666","1768812"
"Goodreads.com","Web","1228211","237910","990301"
"Last.fm","Media","783107","129360","653747"
"Meetup","Web","10028631","1088444","8940187"
"MyAnimeList.net","Web","3378927","123130","3255797"
"Odnoklassniki.ru","Social Networking","18837","4488","14349"
"Vk.com (Vkontakte)","Social Networking","6022030","433639","5588391"
"Teredo protocol","Tunneling and VPN","58250596","16739628","41510968"
"Java Update","Web","1275898","137277","1138621"
"Archive.org","Web","20436426","1236548","19199878"
"Debian/Ubuntu Update","Web","4050","1866","2184"
"Viber","Real Time Audio/Video","163892605","105168266","58724339"
"Playstation Network","Gaming","20822","2230","18592"
"Kaspersky Update","Web","4964","3397","1567"
"Trendmicro Update protocol","Web","729496","177338","552158"
"AVG Update","Web","627105","511801","115304"
"BBC Player","Media","10737","2432","8305"
"Box","File Sharing","286718","52799","233919"
"Concur","Business Application","11378870","2749829","8629041"
"Dropbox","Storage and Backup","17908501","11379598","6528903"
"Pandora Radio","Media","99500","88734","10766"
"Psiphon","Web","340057","175237","164820"
"Shutterfly.com","Web","133358","26096","107262"
"Tokbox.com","Web","354063419","27420986","326642433"
"SiriusXm.com","Media","4019452","296641","3722811"
"YouKu","Media","1342497","1158324","184173"
"Zoho CRM","Business Application","24757","5453","19304"
"Zoho Chat","Business Collaboration","38186","14827","23359"
"WebEx","Business Collaboration","1245581","367474","878107"
"Bloomberg.com","Web","3352916","325205","3027711"
"GoToMyPC Remote Access","Remote Desktop","38126","26028","12098"
"Tor","Anonymizers and Proxies","8343283","857008","7486275"
"RSS","Web","2230008","205746","2024262"
"ABCNews","Web","1586020","122488","1463532"
"Acer","Web","54418","8930","45488"
"Adobe Acrobat DC (Document Cloud)","Web","16532988","1614265","14918723"
"Alexa","Web","140376","23080","117296"
"AmericanExpress","Web","237133","87923","149210"
"ATT.com (AT&T)","Web","423305","20705","402600"
"Capital One","Web","5426197","587761","4838436"
"Cnet.com","Web","748734","99275","649459"
"CNN (Cable News Network)","Web","119397147","12243791","107153356"
"Comcast","Web","5958195","1342241","4615954"
"Daum.net","Web","3149228","368858","2780370"
"Drupal.org","Web","758475","50373","708102"
"Fox News","Web","126736695","4363061","122373634"
"FoxSports.com","Web","413639","10700","402939"
"Groupon","Web","178364","15629","162735"
"IKEA.com","Web","99930660","15570600","84360060"
"Intuit.com","Business Application","50686796","34426687","16260109"
"Kaspersky.com","Web","1318325","721609","596716"
"Mashable.com","Web","104030","12971","91059"
"Monster.com","Web","51118","14975","36143"
"NASA.gov","Web","2259177","106669","2152508"
"NationalGeographic.com","Web","8309","1314","6995"
"Naver Corporation (formerly NHN Corporation)","Web","91721380","8548654","83172726"
"NBA.com","Web","15005814","659748","14346066"
"Nike.com","Web","22705228","4078542","18626686"
"NYTimes.com","Web","61523064","1815920","59707144"
"PlayStation.com","Web","5164576","280204","4884372"
"Reuters.com","Web","9496651","315963","9180688"
"Sky","Web","403565","29903","373662"
"SlideShare","Web","225552","21585","203967"
"Spiegel.de","Web","273461","6572","266889"
"Sprint.com","Web","40951","12451","28500"
"SurveyMonkey.com","Web","67045","14271","52774"
"Vimeo","Web","1338692016","27416814","1311275202"
"WashingtonPost.com","Web","5305582","316965","4988617"
"WindowsMedia.com","Media","1087","636","451"
"Xbox","Gaming","112551","19682","92869"
"Youdao.com","Web","4942190","2264609","2677581"
"Sina.com.cn","Internet Instant Messaging","86850250","4506571","82343679"
"Sina Weibo","Web","492711684","24462938","468248746"
"QQ WeiBo","Web","3257604","217831","3039773"
"Apple FaceTime","Real Time Audio/Video","4254339026","2183102482","2071236544"
"Line","Internet Instant Messaging","46006226","3004830","43001396"
"Google Plus","Web","17690","5656","12034"
"Hulu","Media","9236","1455","7781"
"Shazam","Web","598356","77285","521071"
"TuneIn","Real Time Audio/Video","2441325","126525","2314800"
"KakaoTalk","Internet Instant Messaging","368991","106528","262463"
"Asiae.co.kr","Web","2937349","298526","2638823"
"Chosun services","Web","559472","35024","524448"
"Coupang","Web","2822978","461629","2361349"
"Donga.com","Web","522632","127091","395541"
"Hankyung.com","Web","1785859","186558","1599301"
"The Kyunghyang Shinmun","Web","8267957","349701","7918256"
"Mk.co.kr","Web","1255239","113045","1142194"
"mt","Web","27796","7259","20537"
"Amazon Prime Video","Media","1243638365","38164176","1205474189"
"163.com","Web","157471","78687","78784"
"Sohu.com","Web","179993","7027","172966"
"Ifeng.com","Web","529177","426514","102663"
"Alipay","Web","1610853","247368","1363485"
"Sogou.com","Web","84453","44088","40365"
"Alibaba.com","Web","3497922","696012","2801910"
"iQiyi","Web","8789","3686","5103"
"51.la","Web","45255","16240","29015"
"Zynga.com","Gaming","20222319","9823009","10399310"
"Datagram Transport Layer Security","Tunneling and VPN","167330400","47456862","119873538"
"ISO Base Media File Format","Real Time Audio/Video","7542118947","218911443","7323207504"
"KIK Messenger","Internet Instant Messaging","427225","151315","275910"
"MiTalk Messenger (Miliao)","Internet Instant Messaging","11799","2105","9694"
"MEGA","Peer to Peer","3434","2370","1064"
"Rakuten.co.jp","Web","2212356","503418","1708938"
"Sakura.ne.jp","Web","14690","2228","12462"
"Ettoday.net","Web","55926","5054","50872"
"Pixnet.net","Social Networking","252000","76481","175519"
"QQ Games","Gaming","349935","71092","278843"
"QQ Mail","Email","4082354","2172181","1910173"
"QQ News","Web","542471","56251","486220"
"Qunar.com","Web","10019440","3428475","6590965"
"Sina finance","Web","1464588","201604","1262984"
"Sina News","Web","70434","15451","54983"
"Tencent.com","Internet Instant Messaging","25915754","1778644","24137110"
"Xuite.net","Gaming","838973","103026","735947"
"Pornhub","Web","148907","37804","111103"
"Nend.net","Web","15738","1654","14084"
"iperf","File Sharing","38730","18736","19994"
"Speedtest","File Sharing","13523020","1505227","12017793"
"BuzzFeed.com","Web","6769381","412655","6356726"
"Internet Movie Database","Web","1020558437","11834061","1008724376"
"ThePirateBay.se","Web","77717","17339","60378"
"Evernote","Web","59026863","19128206","39898657"
"JingDong","Web","2229868","179643","2050225"
"WebSocket","Network Service","12954901","2687844","10267057"
"Bet365.com","Web","1592507","274428","1318079"
"Egnyte Enterprise File Sharing","Storage and Backup","9699","1950","7749"
"Issuu.com","Web","1503582","246251","1257331"
"LastPass.com","Web","114731201","876945","113854256"
"Mendeley.com","File Sharing","7926","3024","4902"
"ITV Player","Real Time Audio/Video","946788","21736","925052"
"Microsoft Skype for Business (formerly Microsoft Lync)","Business Collaboration","46355","12961","33394"
"Saavn Bollywood Music","Media","329974","29320","300654"
"touch","Internet Instant Messaging","1761","430","1331"
"Vuze Bittorrent client","Peer to Peer","41723","23829","17894"
"ElPais.com","Web","368892","10554","358338"
"Marca.com","Web","452035","119563","332472"
"Olx","Web","3653157","1564077","2089080"
"ESPNCricinfo.com","Web","235147","14270","220877"
"Goal.com","Web","1379777","24513","1355264"
"Telegraf.rs","Web","5079607","364479","4715128"
"Apple HTTP Live Streaming","Real Time Audio/Video","770314324","19683001","750631323"
"Index.hr","Web","1505687","241005","1264682"
"B92.net","Web","7428068","562592","6865476"
"Gazeta.pl","Web","13253218","369214","12884004"
"Globo.com","Web","40859","10155","30704"
"Hurriyet.com.tr","Web","20785","8459","12326"
"Indiatimes","Web","14073999","1974649","12099350"
"Interia.pl","Web","7564545","1397973","6166572"
"Internet Small Computer Systems Interface","Network Service","1040","476","564"
"Background Intelligent Transfer Service","File Sharing","64529166","3690434","60838732"
"Walla.co.il","Web","8799","1727","7072"
"Hotspot Shield","Tunneling and VPN","1635209009","101204043","1534004966"
"Conviva","Infrastructure","2589107","1527913","1061194"
"EdgeCast Networks CDN","Infrastructure","15489977","1390793","14099184"
"Elcomercio.pe","Web","42466","1940","40526"
"Rt.com","Web","5074211","377388","4696823"
"UOL.com.br","Web","9367663","912943","8454720"
"Wp.pl","Web","7954423","2432070","5522353"
"Ynet.co.il","Web","2934858","70960","2863898"
"Emol.com","Web","2976086","527911","2448175"
"Flipkart.com","Web","1812","1126","686"
"Milliyet.com.tr","Web","1832155","129244","1702911"
"Onet.pl","Web","1657452","155437","1502015"
"Top.channel","Web","15936088","674957","15261131"
"Over-blog","Web","40375","4556","35819"
"Xl","Web","744078","93204","650874"
"Fox Business Network","Web","629064","56927","572137"
"News","Web","836994","93415","743579"
"Gameloft Games","Gaming","21048451","1267961","19780490"
"Aparat","Web","801618","42440","759178"
"uTorrent","Peer to Peer","3900850","2844564","1056286"
"Telegram","Internet Instant Messaging","12767131938","363163578","12403968360"
"Candy Crush Saga","Gaming","22247452","8967719","13279733"
"King Digital Entertainment","Gaming","5175759","942003","4233756"
"Waze Social GPS Maps & Traffic","Web","90579403","8947831","81631572"
"Huffington Post","Web","37658","3595","34063"
"Plants vs Zombies","Gaming","839134","155960","683174"
"OpenStreetMap","Infrastructure","938877","72781","866096"
"Videoplaza","Web","55853","14248","41605"
"Zendesk","Business Collaboration","31971227","2366153","29605074"
"magicJack","Business Application","45571","16588","28983"
"Wrike","Business Application","60829","17403","43426"
"Plenty Of Fish","Web","18856890","2979847","15877043"
"Beatport","Media","32723","5306","27417"
"Twitch","Media","49786637","3040543","46746094"
"BoldChat Live Chat","Internet Instant Messaging","1715171","579096","1136075"
"Apsalar","Business Application","38641","11141","27500"
"Turner","Web","71911729","1086758","70824971"
"zalo","Internet Instant Messaging","9219506","432627","8786879"
"Ukr","Web","24027","7367","16660"
"AAJTAK","Web","39129","8191","30938"
"Vine","Media","50039","8162","41877"
"Taobao Ad Network and Exchange","Web","69813","22303","47510"
"Cedexis","Web","7791598","2475025","5316573"
"Lazada","Web","3318964","154670","3164294"
"Gettyimages","Web","1568643","121250","1447393"
"Theladbible","Web","153594","10259","143335"
"quic","Network Service","85731459","37035301","48696158"
"CPMSTAR","Web","391463","102021","289442"
"AOL One","Web","3008201","554746","2453455"
"Australian Broadcasting Corporation","Web","2085685","148477","1937208"
"Realestate","Web","311230","75555","235675"
"SBS","Media","42554","4989","37565"
"Constant Contact","Web","4037336","167046","3870290"
"GitHub","Web","10174667","551391","9623276"
"Xbox Music","Media","650904","19998","630906"
"Bitbucket","Web","13064","3684","9380"
"Sabah","Web","10462","2255","8207"
"Atlassian","Web","804508","40304","764204"
"Internet.org","Web","75362","26577","48785"
"Kakaocdn","Infrastructure","873708","89388","784320"
"SourceForge","Web","14221163","879910","13341253"
"Bizographics","Web","12688","3412","9276"
"CBS Video","Web","920236","123048","797188"
"Microsoft SpyNet (aka Microsoft Active Protection Service)","Web","16792","7186","9606"
"LogMeIn","Remote Desktop","160469","10233","150236"
"NBC","Web","23194725","1250476","21944249"
"Microsoft Translator (Bing Translator)","Web","50670","12865","37805"
"Perform","Web","2390722","111019","2279703"
"Periscope","Media","103782469","5008696","98773773"
"ngrok","Web","4714","814","3900"
"Olark","Web","2962694","224056","2738638"
"Zopim","Web","5706746","1571757","4134989"
"Mapbox","Web","16458401","1275410","15182991"
"ABS-CBN Entertainment","Web","11424","4296","7128"
"Debian","Web","197965","15751","182214"
"Rollout","Web","180383","52476","127907"
"Microsoft Excel Online (Office 365)","Web","37850417","14496511","23353906"
"Rackspace","Web","1985389","163279","1822110"
"Signal","Web","1351234","224715","1126519"
"LiveChat","Web","5812977","632681","5180296"
"Riffsy (Tenor.co)","Web","3589016","411803","3177213"
"Tune","Web","279848","84216","195632"
"Braintree","Web","1440077","445831","994246"
"MiaoPai","Web","35628","2981","32647"
"Lookout Mobile Security","Business Application","48286","10966","37320"
"ArenaBG","Web","3391152","1681508","1709644"
"Bleacher Report","Web","11013926","84241","10929685"
"Umeng","Web","3704520","1734516","1970004"
"AdF.ly","Web","17610","2261","15349"
"funCaptcha","Web","22535","6433","16102"
"MobFox","Web","162535","46492","116043"
"Baidu Maps","Web","58310965","12801265","45509700"
"QQVideo","Web","28815200","726684","28088516"
"Slack","Web","207430546","6374305","201056241"
"Younow","Web","16583859","8274852","8309007"
"MQ Telemetry Transport","Network Service","7358","4133","3225"
"Clicktale","Web","18997334","13485100","5512234"
"nuomi.com","Web","39196","6006","33190"
"Adk2","Web","966936","40050","926886"
"Pokemon GO","Gaming","108462529","21053827","87408702"
"CDNetworks","Infrastructure","870822","100309","770513"
"Weborama","Web","391088","107188","283900"
"StackExchange","Web","4701085","121927","4579158"
"StackOverflow","Web","4176660","104493","4072167"
"Tinder","Web","484644792","35751081","448893711"
"Eskimi","Web","269244","27321","241923"
"Shutterstock","Web","59976","5852","54124"
"Ubuntu","Web","29049","1173","27876"
"Heroku","Web","2064330","373269","1691061"
"IMO Video Calling Application","Media","17076753","8285598","8791155"
"Hola","Web","57427","20499","36928"
"Clash of Clans","Gaming","6192058","968550","5223508"
"Supercell","Gaming","451094","204446","246648"
"Amazon Music","Media","73427811","5792698","67635113"
"Cheetah Mobile","Web","87032","36013","51019"
"Radiumone","Web","9967","4766","5201"
"Microsoft Word Online (Office 365)","Business Collaboration","9984034","1031482","8952552"
"Microsoft Powerpoint Online (Office 365)","Business Collaboration","7146533","182018","6964515"
"Signal Private Messenger (Open Whisper Systems)","Internet Instant Messaging","3177698","1179494","1998204"
"StreamRail","Media","27446362","1576262","25870100"
"Vidyard","Web","27564575","240141","27324434"
"Apple Game Center","Gaming","12446968","3363621","9083347"
"Nintendo","Gaming","14669659","3871453","10798206"
"OpenRTB","Web","4320910","3558936","761974"
"ADventori","Web","197435","52701","144734"
"Audible","Real Time Audio/Video","1186610","730709","455901"
"En Son Haber","Web","22224","4047","18177"
"Google Classroom","Web","1998908","576743","1422165"
"Samsung Update","Web","3597289504","134127896","3463161608"
"Huawei","Web","142546266","4384552","138161714"
"Huawei Update","Web","9402","1202","8200"
"Mail.Ru Love","Web","6740","2206","4534"
"ULP","Network Service","2292491","262281","2030210"
"Amazon Chime","Business Collaboration","12676","2988","9688"
"AnyDesk","Remote Desktop","2351298","1157786","1193512"
"Livescore","Web","709759","88779","620980"
"Naij","Web","4687","1861","2826"
"Savefrom","Web","920928","74595","846333"
"Zhihu","Web","1929049","138634","1790415"
"Walmart","Web","968245","744336","223909"
"Avast","Web","75115846","4372356","70743490"
"DocuSign","Web","16187945","1347699","14840246"
"Automatic Data Processing (ADP)","Web","18930158","3017929","15912229"
"Zippyshare","Web","38249616","1070042","37179574"
"Autodesk Fusion 360","Tunneling and VPN","196049","83553","112496"
"Optus","Web","567446","46734","520712"
"Gfycat","Web","1420800","84823","1335977"
"T-Mobile","Web","24875796","16948586","7927210"
"World Of Tanks","Gaming","22361","5827","16534"
"Chunghwa Telecom","Web","69507","15799","53708"
"Citrix Cloud","Web","135523","24534","110989"
"Sportradar","Web","6838774","385737","6453037"
"Wall Street Journal","Web","579517261","4455570","575061691"
"ChinaNetCenter ","Web","11146358","712645","10433713"
"Niantic, Inc","Web","2383564","395141","1988423"
"Meitu","Web","33891584","1075771","32815813"
"Snow","Internet Instant Messaging","2167880","444375","1723505"
"Clash Royale","Gaming","189444","97545","91899"
"Origin","Web","2839184","771831","2067353"
"Canvas Student","Web","4637622","138325","4499297"
"Instructure","Web","183660","21485","162175"
"Mail.com","Email","1407962","178888","1229074"
"United Internet","Web","674725","80304","594421"
"Workplace By Facebook","Social Networking","81072","21034","60038"
"shopee.tw","Web","35684","2894","32790"
"Electronic Arts","Web","20048833","1108372","18940461"
"Facebook Lite","Social Networking","36476444","8391907","28084537"
"ShareFile","Web","367794","63795","303999"
"Key management service","Management","19416","9186","10230"
"Kakao","Web","170767","56948","113819"
"Digioh","Web","3740957","240635","3500322"
"Apptimize","Web","581907","206554","375353"
"UC Browser","Web","5011331","3077665","1933666"
"x_vpn","Tunneling and VPN","64976","20828","44148"
"Mediascope","Web","294257","93527","200730"
"Data Saver","Web","7945178","1239704","6705474"
"Domain Name Service Crypt","Network Service","21806","10573","11233"
"Adtelligent","Web","2820962","1514718","1306244"
"Symantec Endpoint Protection","Web","343882","141734","202148"
"Appnext","Web","2714759","1289896","1424863"
"Fortnite","Gaming","82441940","7240250","75201690"
"Fox Networks","Web","704811","58751","646060"
"9GAG","File Sharing","109739656","4262866","105476790"
"Text Me","Internet Instant Messaging","1544257","772018","772239"
"AnchorFree","Tunneling and VPN","614622","360535","254087"
"textPlus","Internet Instant Messaging","979268","381149","598119"
"Epic_games","Gaming","100869760","20124692","80745068"
"Unreal_engine","Gaming","15621997","780272","14841725"
"IBM","Web","105320","12857","92463"
"Microsoft AD Right Management Service","Business Application","195895","139321","56574"
"Barracuda Networks","Web","333913","97134","236779"
"Kodi","Management","238811538","2075011","236736527"
"RingCentral","Business Collaboration","1795257","618956","1176301"
"Google News","Web","3698492","566285","3132207"
"Alibaba Group","Web","895859","154277","741582"
"Alibaba Cloud","Web","45467747","3245302","42222445"
"CyberGhost","Tunneling and VPN","7541","2683","4858"
"Discord","Internet Instant Messaging","524495939","24156983","500338956"
"ExpressVPN","Tunneling and VPN","968147","127378","840769"
"Redis","Business Application","1746","1014","732"
"Future_plc","Web","2943598","243860","2699738"
"Wish","Web","6945712","827722","6117990"
"Google Play Books","Web","769433","247495","521938"
"ProtonMail","Email","769919","99480","670439"
"MAkeMyTrip","Web","17605","7698","9907"
"Minecraft","Gaming","18779475","941779","17837696"
"Ted Conferences","Web","2896723","188579","2708144"
"Prezi","Web","1554401","142669","1411732"
"WorkspaceOne","Web","41840","6971","34869"
"Google Takeout","Web","22212","7420","14792"
"iBooks","Web","11831346","1494544","10336802"
"Fandom","Web","16002233","1059895","14942338"
"Tesla","Web","315121","98604","216517"
"W3Schools","Web","210594","7581","203013"
"Codepen","Web","24761","7849","16912"
"Megaphone","Web","1751956208","27875025","1724081183"
"UDP Data Transfer protocol","File Sharing","4746","2986","1760"
"TripAdvisor","Web","58540277","7239070","51301207"
"Moodle","Social Networking","122061","16740","105321"
"DAZN","Real Time Audio/Video","46692614","9281739","37410875"
"PubNub","Web","228033","61207","166826"
"Unknown virtual protocol","Unclassified","7904597981","174654199","7729943782"
"Gaana","Real Time Audio/Video","104248","33898","70350"
"Unknown virtual protocol","Unclassified","47652958","380478","47272480"
"Unknown virtual protocol","Unclassified","9705","2156","7549"
"NetEase","Web","4425086","175743","4249343"
"Unknown virtual protocol","Unclassified","224076","120599","103477"
"Unknown virtual protocol","Unclassified","80120031","69534126","10585905"
"Google Blog","Web","12992","2096","10896"
"Eurosport","Web","105359","4255","101104"
"Bumble","Web","170945492","14481802","156463690"
"National Public Radio","Web","3994164","121947","3872217"
"Acast","Real Time Audio/Video","111660706","3046173","108614533"
"Raknet","Gaming","413359","183225","230134"
"Wireguard","Tunneling and VPN","541087510","56356055","484731455"
"Firework","Internet Instant Messaging","10308410","819208","9489202"
"Bigo","Web","221647847","16245182","205402665"
"BAMTech","Real Time Audio/Video","21179806","11006276","10173530"
"Disney Plus","Real Time Audio/Video","1795222601","43305659","1751916942"
"Apple TV Plus","Real Time Audio/Video","38429235","310394","38118841"
"Engage Digital","Network Service","24297","5457","18840"
"Agora","Network Service","151619","38215","113404"
"Toutiao","Web","180537","20204","160333"
"Tuchong","Web","382584","350864","31720"
"Airbnb","Web","17040250","2959040","14081210"
"Zhenai","Web","17879","10060","7819"
"MediaLab","Web","593515","156404","437111"
"Baidu Tieba","Social Networking","27415","10717","16698"
"Wangwang","Internet Instant Messaging","1916368","960919","955449"
"Advanced Hosting","Web","44516328","755860","43760468"
"Workday","Business Application","19295602","993035","18302567"
"StackPath","Web","4705220","268901","4436319"
"Ximalaya","Real Time Audio/Video","902024","128719","773305"
"Uber Eats","Web","5558322","409998","5148324"
"Houseparty","Real Time Audio/Video","348656","73889","274767"
"Radio Javan","Real Time Audio/Video","5435","864","4571"
"Roblox","Gaming","2506424661","245834013","2260590648"
"BridTV","Real Time Audio/Video","5253273","183243","5070030"
"Likee","Internet Instant Messaging","47650236","13347545","34302691"
"Acronis Backup","File Sharing","2984149","305129","2679020"
"Citrix","Web","133013","47961","85052"
"Microsoft Dynamics","Business Application","6081330","1122022","4959308"
"Digital Turbine","Web","23299483","920577","22378906"
"Pluto TV","Real Time Audio/Video","676825650","14493814","662331836"
"adRise","Real Time Audio/Video","362097","25479","336618"
"Tubi TV","Real Time Audio/Video","2440256354","39960426","2400295928"
"iFunny","Web","198943","84733","114210"
"Demandbase","Web","1529150","143080","1386070"
"Sift Science","Web","1156780","325304","831476"
"Spotify Audio","Real Time Audio/Video","2997597855","37585784","2960012071"
"Yubo","Internet Instant Messaging","13581","2936","10645"
"Arena of Valor","Gaming","762662","26622","736040"
"Minute Media","Web","68670815","2149948","66520867"
"Jitsi","Real Time Audio/Video","254554605","161763856","92790749"
"Coursera","Web","117662","8250","109412"
"The Blaze","Web","413859","21396","392463"
"European Union","Web","937253","14533","922720"
"E! Online","Web","202059","7576","194483"
"Hotels.com","Web","6742421","2036872","4705549"
"NHL.com","Web","1008366130","30746501","977619629"
"Official Major League Baseball","Web","1816452","98919","1717533"
"Priceline.com","Web","17033","8907","8126"
"Rotten Tomattoes","Web","5836273","305209","5531064"
"SFGate","Web","225931","9914","216017"
"The Telegraph","Web","2080886","365499","1715387"
"The Daily Beast","Web","170248","13443","156805"
"TIME","Web","4435886","182655","4253231"
"TMZ","Web","3989181","191332","3797849"
"United Airlines","Web","32642","8748","23894"
"OnlyFans","Web","182554","67401","115153"
"Nvidia","Web","72561","25556","47005"
"The Walt Disney Company","Web","683044","252970","430074"
"Wired","Web","223712542","1551219","222161323"
"Kickstarter","Web","53800117","2789043","51011074"
"Indiegogo","Web","9571","1387","8184"
"FedEx","Web","8282353","910355","7371998"
"Kayak","Web","20293446","801245","19492201"
"Eventbrite","Web","17135568","722207","16413361"
"WarnerMedia","Web","223068341","3603002","219465339"
"Bilibili","Web","26852524","2652292","24200232"
"Wargaming","Web","26704","9649","17055"
"Datadog","Web","9091795","6461720","2630075"
"Unknown virtual protocol","Unclassified","242667","39895","202772"
"Unknown virtual protocol","Unclassified","58757","25891","32866"
"h323","Real Time Audio/Video","8340","3870","4470"
"ShoreTel","Business Collaboration","25704","11844","13860"
"LWAPP","Business Application","56240","31132","25108"
"RingCentralApp","Business Collaboration","51781","18215","33566"
"ZoomPhone","Business Collaboration","12513639","5793967","6719672"
"ZoomCRC","Business Collaboration","1668","870","798"
