"Application","Category","Total Bytes","Bytes Received","Bytes Sent"
"Domain Name Service","Network Service","1987578400","954490840","1033087560"
"Google Mail","Email","626491825","80388940","546102885"
"Google Search","Web","517981600","111609769","406371831"
"HyperText Transfer Protocol","Web","3975143888","875312212","3099831676"
"HyperText Transfer Protocol Secure","Web","47560593879","2751410900","44809182979"
"Internet Control Message Protocol","Network Service","4248941143","2539342292","1709598851"
"Internet Message Access Protocol version 4","Email","112077183","39951642","72125541"
"Internet Protocol","Network Service","0","0","0"
"Network Time Protocol","Network Service","1548934","902644","646290"
"Simple Object Access Protocol","Network Service","216985188","148704197","68280991"
"Secure Shell","Tunneling and VPN","390822933","224416111","166406822"
"Secure Socket Layer","Tunneling and VPN","17986987513","2449343948","15537643565"
"Transmission Control Protocol","Other TCP/UDP","4755424746","444735741","4310689005"
"User Datagram Protocol","Other TCP/UDP","198691230255","19158646325","179532583930"
"Youtube.com","Media","668729350867","12204675681","656524675186"
"Facebook","Social Networking","103367882715","3826734621","99541148094"
"Google Ads","Web","1178488631","122776805","1055711826"
"Expedia.fr","Web","11766973","4835338","6931635"
"Apple Generic Services","Web","3453413365","122466840","3330946525"
"Online Certificate Status Protocol","Business Application","9555418","3778427","5776991"
"Twitter","Social Networking","2702041259","69886126","2632155133"
"iTunes","Media","564573070","59326510","505246560"
"Bing.com (formerly MSN Search)","Web","795597318","63494835","732102483"
"Teredo protocol","Tunneling and VPN","34159736","32732464","1427272"
"Windows Update","Web","8401592911","419480333","7982112578"
"Archive.org","Web","8057566676","32136260","8025430416"
"Chrome Update","Web","415280556","13004853","402275703"
"Netflix.com","Media","30897523146","424530816","30472992330"
"Google Analytics,Google Marketing Platform","Web","917193581","87687579","829506002"
"Google GStatic","Web","2159453981","83164466","2076289515"
"Dropbox","Storage and Backup","3400438358","1129797829","2270640529"
"Google Translate","Web","8915938","940288","7975650"
"Google Generic","Web","2039647040","162783280","1876863760"
"AccuWeather","Web","11227959","1665227","9562732"
"Amazon Generic Services","Web","4413352096","2427688685","1985663411"
"WhatsApp Messenger","Internet Instant Messaging","10185696498","2695470488","7490226010"
"Apple App Store","Web","2165495648","45182016","2120313632"
"Windows Marketplace","Web","2418787117","146116250","2272670867"
"Apple Push Notification Service","Web","205149316","130487062","74662254"
"iOS over-the-air (OTA) update","Web","3165045956","17848488","3147197468"
"Samsung Apps","Web","106168675","8988314","97180361"
"Google Play Store","Media","4560616814","270737991","4289878823"
"iCloud (Apple)","Storage and Backup","2024739190","216076624","1808662566"
"Instagram","Web","49094438605","1312283732","47782154873"
"SoundCloud","Media","74594090","5869880","68724210"
"Amazon Web Services/Cloudfront CDN","Infrastructure","22779411884","11468852248","11310559636"
"Akamai Technologies CDN","Web","4463542832","60188905","4403353927"
"Microsoft Azure (previously Windows Azure)","Infrastructure","58224366","6173386","52050980"
"Yahoo.com","Web","347923427","52708792","295214635"
"FC2.com","Social Networking","10873","2642","8231"
"CloudFlare CDN","Infrastructure","7770390668","200272358","7570118310"
"Microsoft Office 365","Business Collaboration","1917791259","236459303","1681331956"
"Zoho Corporation","Business Application","82078604","45537680","36540924"
"Nokia Here API","Web","22674698","1583812","21090886"
"Microsoft Outlook (Office 365)","Business Application","2410604014","1163124950","1247479064"
"Apple SIRI","Web","40730850","27075428","13655422"
"Google Accounts","Web","78298721","16363010","61935711"
"Amazon Ad System","Web","377789979","37765371","340024608"
"Snapchat","Social Networking","7798158650","677295158","7120863492"
"Bitstrips","Social Networking","192706368","6681844","186024524"
"TRUSTe","Web","17388218","1279468","16108750"
"Adobe","Business Application","549550425","54456008","495094417"
"Google Safe Browsing","Web","765359227","64355295","701003932"
"World Series of Poker","Gaming","487633032","32914910","454718122"
"Inneractive","Web","63290642","45182231","18108411"
"Samsung","Web","182833113","53447565","129385548"
"Crashlytics","Web","124761546","6849604","117911942"
"Facebook Messenger","Internet Instant Messaging","1248957626","546342218","702615408"
"InMobi","Web","29547941","13529726","16018215"
"AppsFlyer","Business Application","28143117","10149789","17993328"
"Amazon Cloud Drive","Web","22077080","21532306","544774"
"Google Cloud Storage","Web","1079799595","915852307","163947288"
"Google Cloud Messaging","Web","135580445","26769610","108810835"
"Apple Location","Web","1342172574","101691459","1240481115"
"Index Exchange (previously Casale Media)","Web","31496196","8271663","23224533"
"LOTAME","Web","8167497","1488774","6678723"
"AppNexus","Web","278445036","146932758","131512278"
"HyperText Transfer Protocol version 2","Web","4652326401","758704893","3893621508"
"Google Tag Manager","Web","175926378","10891704","165034674"
"Facebook Embedded Video","Media","47274932332","523203797","46751728535"
"Ad Safe Protected","Web","94961932","13668591","81293341"
"Adjust.com","Web","11824890","4357060","7467830"
"Applovin","Web","264226845","72147027","192079818"
"Android connectivity Manager","Network Service","14186538","7513319","6673219"
"Moat","Web","139969223","38556541","101412682"
"Heap","Web","160733192","93635026","67098166"
"Branch Metrics","Web","49489159","12201554","37287605"
"Tune","Web","57650","17013","40637"
"Smaato","Web","9232535","4690126","4542409"
"Verizon","Web","10350098","6713981","3636117"
"Microsoft","Web","3364449314","916656558","2447792756"
"New Relic","Web","101794670","63886331","37908339"
"Liftoff","Web","574839","179580","395259"
"Younow","Web","42084283","20105534","21978749"
"ZoomMeetings","Business Collaboration","1454248906","409178643","1045070263"
"Firebase Cloud Messaging","Web","206911156","54581198","152329958"
"Bugsnag","Web","1720740","793786","926954"
"Apple Game Center","Gaming","7810223","1896388","5913835"
"DoubleVerify","Web","111897977","21417854","90480123"
"Okta","Web","142138122","43154482","98983640"
"Google Secure User Plane Location","Web","1456679","212935","1243744"
"Amplitude","Web","54307461","49163043","5144418"
"Tenor","Web","15662197","1369939","14292258"
"IronSource","Business Application","108335191","9167473","99167718"
"ByteDance","Web","310153099","19707380","290445719"
"TikTok (Musical.ly)","Social Networking","48410717151","1195992473","47214724678"
"Apple News","Web","190024410","8659866","181364544"
"Vungle","Web","89490740","3621724","85869016"
"Google APIs","Web","3112136297","736071650","2376064647"
"Amazon Cognito","Web","24915159","8227980","16687179"
"Unknown virtual protocol","Unclassified","2290469521","50985665","2239483856"
"Unknown virtual protocol","Unclassified","115437551","59895746","55541805"
"Shopify","Web","139111934","2556386","136555548"
"KOCHAVA","Web","1576406","446409","1129997"
"Amazon Alexa Assistant","Business Collaboration","1233864","466223","767641"
"Contentful","Web","962217795","10077678","952140117"
"Digicert","Web","23959786","2332661","21627125"
"Intercom","Web","513020863","182711561","330309302"
"SD-WAN Control","SD-WAN","17829268529","9803352048","8025916481"
"SD-WAN Management","SD-WAN","197903221","96761013","101142208"
"TencentMeeting","Business Collaboration","120011551","65734708","54276843"
"Dailymotion.com","Media","41730801","2686456","39044345"
"eBay.com","Web","22529862","1701637","20828225"
"Google Maps","Web","36002439","3197237","32805202"
"Internet Message Access Protocol Secure","Email","1503083550","28358818","1474724732"
"Internet Security Association and Key Management Protocol","Tunneling and VPN","16918765","3195954","13722811"
"XMPP Protocol (Jabber)","Business Collaboration","1805031","576815","1228216"
"McAfee Client update","Business Application","33447119","3495666","29951453"
"Real Time Protocol","Business Collaboration","288452524","85567684","202884840"
"Skype and Teams","Business Collaboration","81437285","11591939","69845346"
"Simple Mail Transfer Protocol Secure","Email","2147579","1041635","1105944"
"Session Traversal Utilities for NAT","Business Collaboration","1431523","598262","833261"
"Wikipedia.com","Web","1637647550","36266869","1601380681"
"Yahoo Search","Web","2110708","189696","1921012"
"Windows Live Hotmail","Email","338173457","12078535","326094922"
"Secure AIM","Internet Instant Messaging","565356","107652","457704"
"WordPress.com","Social Networking","33394568","1458063","31936505"
"Flickr","Social Networking","59697152","555018","59142134"
"LinkedIn","Social Networking","39596462","8446547","31149915"
"Deezer","Web","14642188","299686","14342502"
"Foursquare.com","Web","809769","282561","527208"
"Tumblr","Social Networking","5313140441","126378336","5186762105"
"Vk.com (Vkontakte)","Social Networking","11646703","261416","11385287"
"Yandex.ru","Web","16585596","779117","15806479"
"Spotify","Media","1335330722","103012211","1232318511"
"Baidu.com","Web","5897638","702542","5195096"
"Adobe Flash Plugin Update","Web","42806","7565","35241"
"Firefox Update","Web","8627256","209453","8417803"
"Opera Update","Web","930774","296660","634114"
"Symantec Norton AntiVirus Updates","Web","97050897","1166258","95884639"
"Portal.TidalTV.com","Web","1003339","232948","770391"
"SiriusXm.com","Media","82246335","8432156","73814179"
"YouKu","Media","990978","926072","64906"
"Blogger","Web","1992365","83269","1909096"
"Cnet.com","Web","1050388","33115","1017273"
"Mozilla.com - Mozilla.org","Web","515100360","140427356","374673004"
"NBA.com","Web","26632","6942","19690"
"National Football League (NFL.com)","Web","106760","6836","99924"
"Nike.com","Web","62216105","16201674","46014431"
"Vimeo","Web","45058566","1158437","43900129"
"Weather.com","Web","21560942","1563011","19997931"
"Taobao","Web","5479149","3215111","2264038"
"Google App Engine","Business Application","412397","199252","213145"
"Amazon Prime Video","Media","283502543","10519616","272982927"
"QQ.com","Web","8059952","468610","7591342"
"Alipay","Web","328481","182213","146268"
"Alibaba.com","Web","22204638","1825675","20378963"
"Limelight Networks CDN","Web","2138926449","42840493","2096085956"
"Microsoft SharePoint Online (Office 365)","Business Application","77230468","19511219","57719249"
"ESPN.go.com","Web","6782234","385042","6397192"
"Pinterest","Web","188894155","12975351","175918804"
"Reddit.com","Web","4594665718","75689688","4518976030"
"Imgur.com","Storage and Backup","844002060","5949634","838052426"
"Google Documents (aka Google Drive)","Storage and Backup","12691150","1806242","10884908"
"Apple Maps","Web","322524","27480","295044"
"Paypal.com","Web","366841461","46412375","320429086"
"Kijiji.ca","Web","51097141","8643585","42453556"
"AliExpress.com","Web","41540866","926222","40614644"
"AddThis","Web","21637685","874344","20763341"
"Turn","Web","2844648","633563","2211085"
"ScorecardResearch","Web","23259010","6212251","17046759"
"Quantcast","Web","20000632","3344331","16656301"
"Telegram","Internet Instant Messaging","2398845804","27456760","2371389044"
"Symantec","Web","213627317","34393272","179234045"
"Oracle","Web","4863177","1367978","3495199"
"Criteo","Web","178066165","30850440","147215725"
"Zendesk","Business Collaboration","6298908","369534","5929374"
"Gravatar","Business Collaboration","2262698","306333","1956365"
"FreeWheel","Web","5423592","2154896","3268696"
"Stickyads","Web","16082756","6693337","9389419"
"Mixpanel","Web","5583186","3994646","1588540"
"Smart AdServer","Web","60993794","23905339","37088455"
"Lazada","Web","8693426","209393","8484033"
"OpenX","Web","8215858","2829609","5386249"
"PubMatic","Web","94088053","47363796","46724257"
"Rubicon Project","Web","175756196","52461408","123294788"
"CPMSTAR","Web","148265","31793","116472"
"Sizmek (previously MediaMind)","Web","158128520","3938377","154190143"
"Rlcdn","Web","8430872","1421215","7009657"
"Constant Contact","Web","2585708","107475","2478233"
"Urbanairship","Web","5649965","1736059","3913906"
"BootstrapCDN","Web","3441426","226467","3214959"
"Apple Music","Media","574880014","6116476","568763538"
"Outbrain","Web","66670307","9718269","56952038"
"Fastly","Web","5433145","211663","5221482"
"Unruly","Web","6982755","3560365","3422390"
"UpLynk","Web","414512","82931","331581"
"Localytics","Web","1739283","455715","1283568"
"Krux","Web","11134789","979507","10155282"
"Microsoft Office OneNote (Office 365)","Business Application","17344871","781378","16563493"
"Optimizely","Web","7704892","1499538","6205354"
"Taboola","Web","206549869","19668177","186881692"
"Zopim","Web","1588841","145924","1442917"
"Mapbox","Web","3534007","234206","3299801"
"Rackspace","Web","1587253160","69548176","1517704984"
"Signal","Web","287505","48156","239349"
"Ensighten","Web","2818215","428156","2390059"
"MediaMath","Web","5514025","2028444","3485581"
"LKQD","Web","806502","300457","506045"
"jQuery","Web","9739215","513723","9225492"
"Everest Technologies","Web","10621315","3131997","7489318"
"TubeMogul","Web","942637","111409","831228"
"SpotXchange","Web","4856599","1371975","3484624"
"Microsoft OneDrive","Web","457051102","62989290","394061812"
"Revcontent","Web","4950743","802452","4148291"
"Yandex Maps","Web","558347","94244","464103"
"Conversant","Web","7704438","1771289","5933149"
"Teads","Web","46879635","3134231","43745404"
"Adform","Web","10880698","1754559","9126139"
"hotjar","Web","29031383","13999483","15031900"
"Pokemon GO","Gaming","117341575","4352351","112989224"
"HyperText Transfer Protocol proxy","Network Service","150816","64079","86737"
"Highwinds","Web","27015569","313521","26702048"
"GIPHY","Web","88671861","1166955","87504906"
"Bidswitch","Web","29800395","10525278","19275117"
"Microsoft Word Online (Office 365)","Business Collaboration","54173767","6630772","47542995"
"ADventori","Web","86763","18504","68259"
"Tealium","Web","3669000","803528","2865472"
"Audible","Real Time Audio/Video","1240963","396516","844447"
"Flashtalking","Web","56030069","4486463","51543606"
"Sharethrough","Web","47867649","14411032","33456617"
"AdColony","Web","6451518","2031799","4419719"
"Yieldmo","Web","30321695","6859828","23461867"
"Huawei","Web","8921031","3138779","5782252"
"MGID","Web","3883488","237129","3646359"
"ULP","Network Service","479952","13798","466154"
"AnyDesk","Remote Desktop","622034","266498","355536"
"Media Innovation Group","Web","1621236","417391","1203845"
"Booking.com","Web","26267863","1528910","24738953"
"Avast","Web","9877363","726920","9150443"
"PulsePoint","Web","9136903","4173428","4963475"
"eXelate","Web","3725811","592972","3132839"
"Sonobi","Web","14068611","5398798","8669813"
"Gfycat","Web","16439712","282444","16157268"
"Google Cloud Platform","Web","36065217","13448958","22616259"
"Microsoft teams","Internet Instant Messaging","3939173506","765390658","3173782848"
"Electronic Arts","Web","6258741","719111","5539630"
"Adtelligent","Web","1828163","774538","1053625"
"Akamai Video","Media","1864352","246781","1617571"
"Cisco","Web","7569801","3397599","4172202"
"Disqus","Web","15836986","1347266","14489720"
"Grammarly","Web","68046547","40770136","27276411"
"Simpli.fi","Web","4887110","715057","4172053"
"Visual IQ","Web","703999","188560","515439"
"Alibaba Group","Web","566235","102605","463630"
"Alibaba Cloud","Web","20441312","7385563","13055749"
"Discord","Internet Instant Messaging","382230857","34360827","347870030"
"TripAdvisor","Web","57023849","3231376","53792473"
"PubNub","Web","1104643","282495","822148"
"Unknown virtual protocol","Unclassified","10842133","474235","10367898"
"Unknown virtual protocol","Unclassified","145540250","14722173","130818077"
"Unknown virtual protocol","Unclassified","3860815","137966","3722849"
"Google Pay","Web","14853956","3361061","11492895"
"Google Messages","Internet Instant Messaging","16467864","5230736","11237128"
"JWPLAYER","Web","347018201","4828298","342189903"
"BAMTech","Real Time Audio/Video","29003508","18370864","10632644"
"Quora","Social Networking","8471398","381144","8090254"
"DoorDash","Web","4491425","1229821","3261604"
"Houseparty","Real Time Audio/Video","141954","20336","121618"
"Demandbase","Web","2230572","366473","1864099"
"Connatix","Real Time Audio/Video","34190087","3420712","30769375"
"Minute Media","Web","803496428","5787589","797708839"
"Pendo","Web","498725035","41638435","457086600"
"Go Daddy","Web","7476253","262462","7213791"
"Font Awesome","Web","18167444","1424933","16742511"
"File Transfer Protocol","File Sharing","3148157","713364","2434793"
"Google Earth","Web","50993","6488","44505"
"Google Groups","Social Networking","204236","18704","185532"
"GPRS Tunneling Protocol","Tunneling and VPN","235900701","25604390","210296311"
"IPsec (AH and ESP)","Tunneling and VPN","5411728","1038370","4373358"
"Outlook Web App","Email","141013","46531","94482"
"Post Office Protocol (Version 3)","Email","3485649","77880","3407769"
"Secure POP3","Email","33725094","146144","33578950"
"QQ","Internet Instant Messaging","62168","32888","29280"
"SAP","Business Application","44653","18507","26146"
"Session Initiation Protocol","Business Application","217520","139688","77832"
"Simple Mail Transfer Protocol","Email","8506694","4473166","4033528"
"Simple Network Management Protocol","Management","371151","371151","0"
"SOCKet Secure v5","Tunneling and VPN","242","98","144"
"Yahoo Mail v.2.0","Email","43898578","6214071","37684507"
"SecondLife.com","Web","500384","319943","180441"
"Travelocity.com","Web","7133","838","6295"
"Realtor.com","Web","125075","19276","105799"
"Pogo.com","Web","5224281","1011076","4213205"
"Mail.ru Webmail","Email","122967","14312","108655"
"Steampowered.com","Gaming","23579251","2949594","20629657"
"Xbox Live","Gaming","16801965","2516424","14285541"
"Badoo.com","Internet Instant Messaging","19236","7837","11399"
"DeviantArt.com","Web","279358","52596","226762"
"Last.fm","Media","151379","12434","138945"
"LiveJournal.com","Social Networking","838797","5428","833369"
"Odnoklassniki.ru","Social Networking","205843","4662","201181"
"ResearchGATE.net","Web","1967320","37725","1929595"
"Vox.com","Web","578488","21606","556882"
"Yammer.com","Business Application","13599","4812","8787"
"Yelp.com","Web","5505449","85501","5419948"
"TeamViewer","Remote Desktop","134160","59339","74821"
"Java Update","Web","69147","2942","66205"
"Apple Update","Web","1262526","22257","1240269"
"BitDefender Update","Web","58928","35124","23804"
"Viber","Real Time Audio/Video","14975769","4744228","10231541"
"Playstation Network","Gaming","20941","1383","19558"
"Garena","Web","93679","5447","88232"
"iHeartRADIO","Media","338866","51626","287240"
"Photobucket.com","Web","101336","2150","99186"
"Psiphon","Web","30599","14715","15884"
"Salesforce","Business Application","3735374","920483","2814891"
"SVT Play","Web","29154199","328231","28825968"
"WebEx","Business Collaboration","138247","30998","107249"
"Slingbox","Media","1215020","17680","1197340"
"Bloomberg.com","Web","2613755","86269","2527486"
"BlackBerry.com","Web","27718","8326","19392"
"ABCNews","Web","1998660","77305","1921355"
"Acer","Web","6955","950","6005"
"Adobe Acrobat DC (Document Cloud)","Web","210035","70735","139300"
"Alexa","Web","21193","2454","18739"
"AmericanExpress","Web","28376","4600","23776"
"ATT.com (AT&T)","Web","246148","46342","199806"
"Capital One","Web","38803245","5031867","33771378"
"CNN (Cable News Network)","Web","37973655","4941359","33032296"
"Comcast","Web","45145","9872","35273"
"Daily Mail","Web","1233645","111963","1121682"
"Daum.net","Web","1333755","211911","1121844"
"Fox News","Web","9326595","147200","9179395"
"FoxSports.com","Web","303391","5891","297500"
"Groupon","Web","18006","12145","5861"
"Intuit.com","Business Application","2189656","888878","1300778"
"Match.com","Web","1522","805","717"
"NASA.gov","Web","8053377","155666","7897711"
"NationalGeographic.com","Web","451545","26097","425448"
"Naver Corporation (formerly NHN Corporation)","Web","6843890","512389","6331501"
"NYTimes.com","Web","1830103","114575","1715528"
"PlayStation.com","Web","8214004","1044364","7169640"
"Reuters.com","Web","8943951","219918","8724033"
"Reverso.net","Web","3270163","36403","3233760"
"Sky","Web","269398","17442","251956"
"Sports Illustrated","Web","1427962","33225","1394737"
"WashingtonPost.com","Web","4720379","376294","4344085"
"Xbox","Gaming","125677","18918","106759"
"Sina.com.cn","Internet Instant Messaging","69796","2610","67186"
"Sophos update","Business Application","737858","37714","700144"
"QQ WeiBo","Web","54264","12867","41397"
"GMX webmail","Email","1004778","129549","875229"
"Apple FaceTime","Real Time Audio/Video","113129779","62015223","51114556"
"Line","Internet Instant Messaging","8780999","1015976","7765023"
"Scribd.com","Web","38191","1985","36206"
"Shazam","Web","1504856","168263","1336593"
"KakaoTalk","Internet Instant Messaging","742996","443747","299249"
"Heraldm.com","Web","685012","2928","682084"
"Ifeng.com","Web","5425","1167","4258"
"360.cn","Web","217506","47269","170237"
"Zynga.com","Gaming","6914050","467045","6447005"
"Datagram Transport Layer Security","Tunneling and VPN","542419646","82762553","459657093"
"ISO Base Media File Format","Real Time Audio/Video","21844011","264874","21579137"
"KIK Messenger","Internet Instant Messaging","24813","3995","20818"
"WeChat","Internet Instant Messaging","1457119","48715","1408404"
"MiTalk Messenger (Miliao)","Internet Instant Messaging","133239","19147","114092"
"Rakuten.co.jp","Web","628971","68505","560466"
"QQ Games","Gaming","56902","26361","30541"
"QQ News","Web","12770","9263","3507"
"Tencent.com","Internet Instant Messaging","165583","5405","160178"
"Google Talk (incl. Hangouts and Allo and Duo)","Real Time Audio/Video","9077749","3953071","5124678"
"Speedtest","File Sharing","183980370","26688056","157292314"
"BuzzFeed.com","Web","494087","11943","482144"
"Internet Movie Database","Web","127855","20706","107149"
"WebSocket","Network Service","10486","5722","4764"
"Bet365.com","Web","85901","24331","61570"
"Issuu.com","Web","5530594","165224","5365370"
"LastPass.com","Web","253554","74074","179480"
"Mendeley.com","File Sharing","40885","7822","33063"
"Saavn Bollywood Music","Media","200747","5625","195122"
"BBC","Web","11540466","423892","11116574"
"T-Online.de","Web","458517","21758","436759"
"Marca.com","Web","578461","59886","518575"
"ESPNCricinfo.com","Web","22388","2754","19634"
"Hurriyet.com.tr","Web","161608","3879","157729"
"Iltalehti.fi","Web","160335","40056","120279"
"Background Intelligent Transfer Service","File Sharing","42820119","2519716","40300403"
"Conviva","Infrastructure","2624258","1914131","710127"
"EdgeCast Networks CDN","Infrastructure","25425","1633","23792"
"20minutes","Web","240058","36033","204025"
"Wp.pl","Web","391583","276792","114791"
"Stuff.co.nz","Web","2279082","93398","2185684"
"The Simpsons: Tapped Out","Gaming","7145647","4354569","2791078"
"Aol","Web","2018634","350131","1668503"
"Gameloft Games","Gaming","11383","3103","8280"
"Akinator the Genie","Gaming","230037","48752","181285"
"Yadro","Web","5218","2001","3217"
"Rovio Entertainment","Gaming","14032","6344","7688"
"Candy Crush Saga","Gaming","9213125","3460547","5752578"
"King Digital Entertainment","Gaming","6465329","261447","6203882"
"Waze Social GPS Maps & Traffic","Web","70861","28313","42548"
"Huffington Post","Web","662741","19870","642871"
"OpenStreetMap","Infrastructure","670693","26511","644182"
"Videoplaza","Web","76243","14930","61313"
"Roboform","Web","83158","15872","67286"
"Flurry","Business Application","5098602","2101868","2996734"
"Crittercism","Business Application","25560","2420","23140"
"Brightcove","Media","60144012","580245","59563767"
"Plenty Of Fish","Web","2494214","680506","1813708"
"Twitch","Media","5199672231","36537939","5163134292"
"BoldChat Live Chat","Internet Instant Messaging","5961787","2044261","3917526"
"Xiaomi","Web","6301307","5299328","1001979"
"Turner","Web","197294863","5082712","192212151"
"Nielsen","Web","3345177","581687","2763490"
"Eksisozluk","Web","88734","4790","83944"
"Cedexis","Web","1919080","596509","1322571"
"Gettyimages","Web","148925","4597","144328"
"Google Calendar","Web","15399451","4227648","11171803"
"Flipboard","Web","2414683","212506","2202177"
"ADTECH","Web","443448","41190","402258"
"AOL One","Web","4345243","386509","3958734"
"Realestate","Web","230297","37538","192759"
"GitHub","Web","2889044","54662","2834382"
"Atlassian","Web","588144","75371","512773"
"Pastebin","Web","4890","963","3927"
"Internet.org","Web","5150","1783","3367"
"Kakaocdn","Infrastructure","4657928","85720","4572208"
"Advertising.com","Web","1683459","437684","1245775"
"My.com","Web","16374","3519","12855"
"Helpshift","Web","421194","104708","316486"
"Scotiabank","Web","7099572","1550220","5549352"
"Atlas Solutions","Web","118563","36659","81904"
"CBS Video","Web","2595505","81137","2514368"
"Disney Channel","Web","1143690","55757","1087933"
"Rogers TV","Web","40475652","4965852","35509800"
"NBC","Web","3619188","120405","3498783"
"MoPub","Web","243895","82721","161174"
"Perform","Web","2207568","16977","2190591"
"Periscope","Media","9747944","376024","9371920"
"Microsoft Planner (Office 365)","Business Application","12725","5873","6852"
"ngrok","Web","20207","7726","12481"
"Olark","Web","2259986","99395","2160591"
"Liveperson","Web","6711533","517862","6193671"
"Microsoft Excel Online (Office 365)","Web","73942672","19727615","54215057"
"LiveChat","Web","3987630","209139","3778491"
"Braintree","Web","318528","66178","252350"
"NeuLion","Web","12946","3447","9499"
"Lookout Mobile Security","Business Application","32519","781","31738"
"Bleacher Report","Web","548994","19815","529179"
"Umeng","Web","553033","277775","275258"
"MobFox","Web","16981","4178","12803"
"Google Photos (formerly Google Picasa)","Web","2723489","463559","2259930"
"Baidu Maps","Web","7961","1246","6715"
"Uber (formerly UberCab)","Web","2851532","416590","2434942"
"Slack","Web","1871821","509795","1362026"
"Bazaarvoice","Web","4421460","445465","3975995"
"MQ Telemetry Transport","Network Service","5367","2879","2488"
"Clicktale","Web","7787868","5084251","2703617"
"Adk2","Web","324895","26343","298552"
"Weborama","Web","104788","21576","83212"
"Wells Fargo","Web","536133","58556","477577"
"Innovid","Web","432147154","11044925","421102229"
"StackExchange","Web","1251032","29726","1221306"
"Wix","Web","63212189","2222154","60990035"
"Tinder","Web","47578616","2090626","45487990"
"Shutterstock","Web","198912","11137","187775"
"Heroku","Web","580099","91341","488758"
"IMO Video Calling Application","Media","8314099","749352","7564747"
"Clash of Clans","Gaming","366929980","6984855","359945125"
"Supercell","Gaming","45676433","1022064","44654369"
"Amazon Music","Media","1852510","450279","1402231"
"Cheetah Mobile","Web","4992","962","4030"
"Microsoft Powerpoint Online (Office 365)","Business Collaboration","6987179","1429739","5557440"
"Signal Private Messenger (Open Whisper Systems)","Internet Instant Messaging","5741436","1040941","4700495"
"StreamRail","Media","6399074","130655","6268419"
"Vidyard","Web","9881144","112532","9768612"
"Nintendo","Gaming","661297","234863","426434"
"OpenRTB","Web","2638393","2388517","249876"
"OpenRice","Web","54575","10687","43888"
"Google Classroom","Web","62323","11341","50982"
"Samsung Update","Web","4743765658","147639716","4596125942"
"Huawei Update","Web","155715","30322","125393"
"MaxCDN","Web","7663","1718","5945"
"Walmart","Web","2138796","1820908","317888"
"Yandex Music","Real Time Audio/Video","1884129","81478","1802651"
"DocuSign","Web","6136","734","5402"
"WeTransfer","Web","820041048","17964645","802076403"
"Autodesk Fusion 360","Tunneling and VPN","44032","12929","31103"
"Cloudinary","Web","87535842","605290","86930552"
"Optus","Web","1971824","51929","1919895"
"Vivox","Internet Instant Messaging","140901","34045","106856"
"Sportradar","Web","1027978","27274","1000704"
"Wall Street Journal","Web","1879188","85133","1794055"
"ChinaNetCenter ","Web","14046","6562","7484"
"Niantic, Inc","Web","693463","132808","560655"
"Meitu","Web","114421009","2163759","112257250"
"Clash Royale","Gaming","325370573","5828431","319542142"
"Origin","Web","2865938","426333","2439605"
"Canvas Student","Web","5425990","188530","5237460"
"Instructure","Web","3612837","546159","3066678"
"United Internet","Web","137527","21803","115724"
"shopee.tw","Web","100304","39177","61127"
"Facebook Lite","Social Networking","28329343","4179420","24149923"
"Kakao","Web","44748","10938","33810"
"Digioh","Web","2758829","59426","2699403"
"Apptimize","Web","149663","32347","117316"
"UC Browser","Web","317605","151467","166138"
"x_vpn","Tunneling and VPN","22159716","10962218","11197498"
"Mediascope","Web","7867","1476","6391"
"Data Saver","Web","3676086","161912","3514174"
"kafka","Network Service","103251","24689","78562"
"Domain Name Service Crypt","Network Service","1189272","517116","672156"
"Youtube Music","Media","340088","166839","173249"
"Appnext","Web","2883295","103592","2779703"
"Oracle Entreprise Manager","Business Application","4393","4078","315"
"Splunk Cloud","Storage and Backup","27575","19885","7690"
"Fox Networks","Web","283445","4046","279399"
"Text Me","Internet Instant Messaging","3880988","797809","3083179"
"AnchorFree","Tunneling and VPN","327547","165721","161826"
"textPlus","Internet Instant Messaging","342897","68439","274458"
"Epic_games","Gaming","4175998","1276878","2899120"
"Unreal_engine","Gaming","3259613","37614","3221999"
"IBM","Web","257568","55438","202130"
"Microsoft AD Right Management Service","Business Application","28892","21382","7510"
"RingCentral","Business Collaboration","127707","28434","99273"
"Google News","Web","1026254","137568","888686"
"CyberGhost","Tunneling and VPN","29794","8178","21616"
"ExpressVPN","Tunneling and VPN","3006534","955523","2051011"
"Easy Anti-Cheat","Web","86639664","2148308","84491356"
"Future_plc","Web","4967370","225327","4742043"
"Wish","Web","1800821","176404","1624417"
"MAkeMyTrip","Web","133295","9866","123429"
"Minecraft","Gaming","55226816","1997891","53228925"
"Singapore Government","Web","6980","818","6162"
"Prezi","Web","235879","2162","233717"
"Grab - Transport, Food Delivery, Payments","Web","117117","85134","31983"
"Target","Web","37302","2117","35185"
"iBooks","Web","12476294","618579","11857715"
"Fandom","Web","4867163","204291","4662872"
"Google GSuite","Web","1374438","176081","1198357"
"W3Schools","Web","14472","3219","11253"
"OpenSignal","Web","11303","3803","7500"
"Megaphone","Web","578097524","6942766","571154758"
"Gaana","Real Time Audio/Video","9162","1482","7680"
"Unknown virtual protocol","Unclassified","1585887","22297","1563590"
"Unknown virtual protocol","Unclassified","4439178","315812","4123366"
"NetEase","Web","13263","2292","10971"
"Unknown virtual protocol","Unclassified","4438149","258227","4179922"
"Unknown virtual protocol","Unclassified","4886713","2858812","2027901"
"Google Blog","Web","21646","2502","19144"
"Discovery Inc","Real Time Audio/Video","41547","10179","31368"
"Bumble","Web","123847","81042","42805"
"Qwant","Web","114554","4796","109758"
"National Public Radio","Web","4693332","82832","4610500"
"Acast","Real Time Audio/Video","42104456","513528","41590928"
"Raknet","Gaming","29393","10187","19206"
"Wireguard","Tunneling and VPN","141420746","4960334","136460412"
"Firework","Internet Instant Messaging","119655","19642","100013"
"Bigo","Web","137010","78072","58938"
"Disney Plus","Real Time Audio/Video","8085932350","125527166","7960405184"
"Apple TV Plus","Real Time Audio/Video","2321368","57066","2264302"
"Toutiao","Web","178387","7793","170594"
"Xigua Video","Real Time Audio/Video","9944853","33934","9910919"
"Tuchong","Web","300680","273800","26880"
"Airbnb","Web","1698688","161741","1536947"
"Rockstar Games","Gaming","2008854","78639","1930215"
"MediaLab","Web","635690","488150","147540"
"Wangwang","Internet Instant Messaging","417459","179708","237751"
"Workday","Business Application","20267068","6398200","13868868"
"StackPath","Web","63001","3267","59734"
"Ximalaya","Real Time Audio/Video","1501","754","747"
"Uber Eats","Web","76261","16675","59586"
"Roblox","Gaming","124047630","16973458","107074172"
"BridTV","Real Time Audio/Video","39460611","137285","39323326"
"Likee","Internet Instant Messaging","925217","245755","679462"
"Microsoft Dynamics","Business Application","6905","1436","5469"
"Digital Turbine","Web","82143","48421","33722"
"Pluto TV","Real Time Audio/Video","1010260773","15589256","994671517"
"Tubi TV","Real Time Audio/Video","7922","1859","6063"
"Sift Science","Web","342315","88498","253817"
"Spotify Audio","Real Time Audio/Video","3633048403","20319383","3612729020"
"UserReport","Web","1158380","221964","936416"
"Xbox Cloud Gaming","Gaming","27513","8695","18818"
" Revolut","Web","3775856","383826","3392030"
"Jitsi","Real Time Audio/Video","16303","1266","15037"
"The Blaze","Web","5696575","66651","5629924"
"WordReference.com","Web","1900922","154273","1746649"
"E! Online","Web","983326","26363","956963"
"Hotels.com","Web","26937","2964","23973"
"Indeed","Web","54499967","21149312","33350655"
"NHL.com","Web","152265473","1620228","150645245"
"SFGate","Web","329464","44715","284749"
"BambooHR","Web","9480568","96879","9383689"
"The Telegraph","Web","2258494","135069","2123425"
"The Daily Beast","Web","271705","6392","265313"
"The Free Dictionary","Web","180910","18985","161925"
"TIME","Web","1722242","7843","1714399"
"TMZ","Web","9106570","100081","9006489"
"United Airlines","Web","123857","56278","67579"
"Nvidia","Web","2155679","103729","2051950"
"Geforce Now","Gaming","1856557","279282","1577275"
"Call of Duty Mobile","Gaming","149570388","2909596","146660792"
"The Walt Disney Company","Web","2262806","154933","2107873"
"Wired","Web","127608665","1428911","126179754"
"Indiegogo","Web","9534","1287","8247"
"Kayak","Web","339354","2532","336822"
"WarnerMedia","Web","1109651408","15641607","1094009801"
"Datadog","Web","162370","129742","32628"
"Unknown virtual protocol","Unclassified","33642","17101","16541"
"ZoomCRC","Business Collaboration","1314","648","666"
