"Application","Category","Total Bytes","Bytes Received","Bytes Sent"
"Domain Name Service","Network Service","1306698070","646467725","660230345"
"Google Mail","Email","1983008588","232587819","1750420769"
"Google Search","Web","673770548","81285433","592485115"
"HyperText Transfer Protocol","Web","2089826073","53668949","2036157124"
"HyperText Transfer Protocol Secure","Web","37085151135","1478184864","35606966271"
"Internet Control Message Protocol","Network Service","4498997262","2706346496","1792650766"
"Internet Message Access Protocol version 4","Email","116462203","41001247","75460956"
"Internet Protocol","Network Service","0","0","0"
"Internet Security Association and Key Management Protocol","Tunneling and VPN","48074248","12125150","35949098"
"XMPP Protocol (Jabber)","Business Collaboration","9529862","1056313","8473549"
"Remote Desktop Protocol (Windows Terminal Server)","Remote Desktop","265214","169942","95272"
"Session Initiation Protocol","Business Application","82623","48672","33951"
"Skype and Teams","Business Collaboration","41681820","8372140","33309680"
"Simple Object Access Protocol","Network Service","1437584398","736817824","700766574"
"Secure Shell","Tunneling and VPN","710450","421860","288590"
"Secure Socket Layer","Tunneling and VPN","38078325372","2903225081","35175100291"
"Session Traversal Utilities for NAT","Business Collaboration","104907110","59876245","45030865"
"Transmission Control Protocol","Other TCP/UDP","7744638146","386469695","7358168451"
"User Datagram Protocol","Other TCP/UDP","206468101627","16915624030","189552477597"
"Youtube.com","Media","16953453033","533217241","16420235792"
"Facebook","Social Networking","120127459328","3194896508","116932562820"
"Google Ads","Web","2217043912","246949826","1970094086"
"WordPress.com","Social Networking","58965132","1481428","57483704"
"Apple Generic Services","Web","15098196946","371681237","14726515709"
"Online Certificate Status Protocol","Business Application","23061875","7564737","15497138"
"Foursquare.com","Web","877796","230599","647197"
"Twitter","Social Networking","2280664425","76032357","2204632068"
"Yandex.ru","Web","77618800","11051343","66567457"
"iTunes","Media","1791250361","112654745","1678595616"
"TeamViewer","Remote Desktop","200767635","124471343","76296292"
"Bing.com (formerly MSN Search)","Web","304554714","31522009","273032705"
"Windows Update","Web","9285821378","306976303","8978845075"
"Chrome Update","Web","2926315852","29279847","2897036005"
"Google Analytics,Google Marketing Platform","Web","258576889","64385426","194191463"
"Google GStatic","Web","2274044527","92830460","2181214067"
"BlackBerry.com","Web","80874","40699","40175"
"Google Generic","Web","1885656730","134108889","1751547841"
"Amazon Generic Services","Web","5419135220","1173556831","4245578389"
"CNN (Cable News Network)","Web","66589680","12296145","54293535"
"Comcast","Web","19090076","6736459","12353617"
"Fox News","Web","210002719","8704658","201298061"
"NYTimes.com","Web","55913301","1318594","54594707"
"WashingtonPost.com","Web","4775604","295721","4479883"
"Weather.com","Web","36049912","2516738","33533174"
"WhatsApp Messenger","Internet Instant Messaging","7722312432","4149548443","3572763989"
"Apple App Store","Web","8119609848","136421207","7983188641"
"Windows Marketplace","Web","1154491899","44130920","1110360979"
"Apple FaceTime","Real Time Audio/Video","11242402867","5128458433","6113944434"
"Apple Push Notification Service","Web","295761728","195737957","100023771"
"iOS over-the-air (OTA) update","Web","7571366248","91160789","7480205459"
"Samsung Apps","Web","437938455","10236306","427702149"
"Google Play Store","Media","1291123633","414905130","876218503"
"Line","Internet Instant Messaging","206137489","7368156","198769333"
"iCloud (Apple)","Storage and Backup","6846440805","1206871524","5639569281"
"Instagram","Web","44796867614","3948680561","40848187053"
"Amazon Web Services/Cloudfront CDN","Infrastructure","6690093525","590383299","6099710226"
"Microsoft Azure (previously Windows Azure)","Infrastructure","198025003","11094857","186930146"
"Yahoo.com","Web","921493167","110265802","811227365"
"CloudFlare CDN","Infrastructure","7684117438","217676259","7466441179"
"Microsoft Office 365","Business Collaboration","1177840407","103029018","1074811389"
"Zoho Corporation","Business Application","39087165","17700862","21386303"
"Pinterest","Web","660468022","39101243","621366779"
"Microsoft Outlook (Office 365)","Business Application","674038790","144285447","529753343"
"Apple SIRI","Web","55366813","33844338","21522475"
"Conviva","Infrastructure","7054640","4985686","2068954"
"Google Accounts","Web","207599095","105504306","102094789"
"Amazon Ad System","Web","240618465","45440785","195177680"
"Snapchat","Social Networking","5313566174","477829793","4835736381"
"AddThis","Web","11888315","794955","11093360"
"ScorecardResearch","Web","410894025","19212531","391681494"
"Quantcast","Web","21414942","3947377","17467565"
"Oracle","Web","7259463","1782755","5476708"
"TRUSTe","Web","22379287","2239200","20140087"
"Criteo","Web","175738939","27389810","148349129"
"Adobe","Business Application","1293563598","66034809","1227528789"
"Inneractive","Web","86393085","57947271","28445814"
"Flurry","Business Application","47656362","10447408","37208954"
"Samsung","Web","213687052","65457321","148229731"
"Crashlytics","Web","18216588","2920389","15296199"
"Facebook Messenger","Internet Instant Messaging","4011679551","1878104677","2133574874"
"InMobi","Web","48497008","22353352","26143656"
"AppsFlyer","Business Application","81044758","12760360","68284398"
"FreeWheel","Web","3630861","900482","2730379"
"Nielsen","Web","9651935","2225462","7426473"
"Stickyads","Web","54887079","14865947","40021132"
"Smart AdServer","Web","190417168","25038448","165378720"
"Google Cloud Storage","Web","9341823390","8874440243","467383147"
"Google Cloud Messaging","Web","187888777","46233570","141655207"
"Apple Location","Web","3179680965","228688063","2950992902"
"OpenX","Web","14128880","3905906","10222974"
"PubMatic","Web","127877097","68882546","58994551"
"Index Exchange (previously Casale Media)","Web","54792002","20715946","34076056"
"LOTAME","Web","12348091","2531499","9816592"
"Rubicon Project","Web","180872751","76423813","104448938"
"Sizmek (previously MediaMind)","Web","101403057","2063117","99339940"
"AppNexus","Web","328073106","181298208","146774898"
"Rlcdn","Web","16710864","3724145","12986719"
"HyperText Transfer Protocol version 2","Web","10260717202","749232833","9511484369"
"Google Tag Manager","Web","258983491","12713932","246269559"
"Ad Safe Protected","Web","140016935","24981593","115035342"
"Helpshift","Web","1629820","406162","1223658"
"Adjust.com","Web","27634575","12945728","14688847"
"Scotiabank","Web","33439641","4477096","28962545"
"BootstrapCDN","Web","4633657","307100","4326557"
"Outbrain","Web","127319544","18228288","109091256"
"NBC","Web","381800445","6103638","375696807"
"MoPub","Web","469808","98185","371623"
"Applovin","Web","861825746","206303816","655521930"
"Android connectivity Manager","Network Service","10343880","5337509","5006371"
"Moat","Web","168333900","45160593","123173307"
"Krux","Web","23362432","2758994","20603438"
"Branch Metrics","Web","188452401","22795383","165657018"
"Optimizely","Web","23887650","5231905","18655745"
"Taboola","Web","326582282","38769908","287812374"
"LiveChat","Web","3652152","230002","3422150"
"Smaato","Web","29787880","5092957","24694923"
"Braintree","Web","272031","67513","204518"
"Verizon","Web","8693807","5513468","3180339"
"MediaMath","Web","9841670","3769606","6072064"
"jQuery","Web","10955066","595651","10359415"
"Everest Technologies","Web","14474937","4189925","10285012"
"TubeMogul","Web","843200","127504","715696"
"SpotXchange","Web","8181847","3286988","4894859"
"Microsoft","Web","2432082644","483836281","1948246363"
"Revcontent","Web","14851736","1491396","13360340"
"New Relic","Web","113188016","63058173","50129843"
"Slack","Web","59414973","10091170","49323803"
"Conversant","Web","6379307","1928413","4450894"
"Teads","Web","67177324","6307517","60869807"
"hotjar","Web","62263988","41026010","21237978"
"Pokemon GO","Gaming","103471908","16785129","86686779"
"HyperText Transfer Protocol proxy","Network Service","729388","342638","386750"
"Firebase Cloud Messaging","Web","320252584","118202689","202049895"
"Bidswitch","Web","36722730","13301882","23420848"
"Apple Game Center","Gaming","15816254","3393381","12422873"
"Sharethrough","Web","54143392","15630397","38512995"
"AdColony","Web","11237180","3205923","8031257"
"DoubleVerify","Web","147339542","20440030","126899512"
"PulsePoint","Web","8758032","2870941","5887091"
"eXelate","Web","3538561","843546","2695015"
"Sonobi","Web","16271095","6796099","9474996"
"Amplitude","Web","48575349","42573760","6001589"
"Google Cloud Platform","Web","76223911","6248382","69975529"
"Niantic, Inc","Web","1281549","316651","964898"
"Instructure","Web","223319","20890","202429"
"Data Saver","Web","11622385","795080","10827305"
"IronSource","Business Application","196959155","15709449","181249706"
"Disqus","Web","19603051","1655408","17947643"
"TikTok (Musical.ly)","Social Networking","50246635398","1486340958","48760294440"
"Alibaba Cloud","Web","280804225","3484535","277319690"
"Apple News","Web","478971791","31117750","447854041"
"Vungle","Web","484993857","15358900","469634957"
"Google APIs","Web","3527973204","1895417824","1632555380"
"Amazon Cognito","Web","32560662","10567639","21993023"
"Unknown virtual protocol","Unclassified","150758279","39001414","111756865"
"Unknown virtual protocol","Unclassified","191080433","78371998","112708435"
"Google Pay","Web","18941028","4295996","14645032"
"National Public Radio","Web","96537028","1000095","95536933"
"Google Messages","Internet Instant Messaging","27981413","9317744","18663669"
"JWPLAYER","Web","506920869","11349689","495571180"
"Disney Plus","Real Time Audio/Video","17070540306","332200135","16738340171"
"DoorDash","Web","13646435","5092926","8553509"
"Houseparty","Real Time Audio/Video","250691","40355","210336"
"Contentful","Web","287850130","12189832","275660298"
"Digicert","Web","7224397","2490505","4733892"
"Font Awesome","Web","15490188","1248616","14241572"
"SD-WAN Control","SD-WAN","17781281043","9408623267","8372657776"
"SD-WAN Management","SD-WAN","3971812984","1621277922","2350535062"
"TencentMeeting","Business Collaboration","427667686","91647091","336020595"
"Dailymotion.com","Media","159524040","3148220","156375820"
"Google Maps","Web","122962377","7552102","115410275"
"Internet Message Access Protocol Secure","Email","109747883","12308583","97439300"
"Network Time Protocol","Network Service","4514963","2623388","1891575"
"Wikipedia.com","Web","38960070","1604090","37355980"
"Yahoo Search","Web","8454039","584982","7869057"
"Yahoo Mail v.2.0","Email","217593252","81502586","136090666"
"Windows Live Hotmail","Email","124046448","9772299","114274149"
"Secure AIM","Internet Instant Messaging","409300","55809","353491"
"LinkedIn","Social Networking","246763872","17092449","229671423"
"Deezer","Web","696393","190039","506354"
"Mail.ru Webmail","Email","320857","65714","255143"
"Spotify","Media","8951961361","222609211","8729352150"
"Baidu.com","Web","908241123","36577456","871663667"
"Opera Update","Web","1676159","450061","1226098"
"Viber","Real Time Audio/Video","17970516","1983373","15987143"
"Netflix.com","Media","26993986788","393809615","26600177173"
"Dropbox","Storage and Backup","2723634192","417653088","2305981104"
"Google Translate","Web","16492284","1500372","14991912"
"Salesforce","Business Application","8405664","1521214","6884450"
"Portal.TidalTV.com","Web","1139685","307705","831980"
"Bloomberg.com","Web","27698197","2161938","25536259"
"AccuWeather","Web","20297393","2678874","17618519"
"Cnet.com","Web","198840","32984","165856"
"PlayStation.com","Web","15169784","1169570","14000214"
"Vimeo","Web","276165180","5143266","271021914"
"Taobao","Web","151767663","10216801","141550862"
"Google App Engine","Business Application","5323699","1358704","3964995"
"Amazon Prime Video","Media","12133262923","222656159","11910606764"
"QQ.com","Web","610632877","25343207","585289670"
"Akamai Technologies CDN","Web","3007696500","34175512","2973520988"
"Zynga.com","Gaming","32293560","4972716","27320844"
"Datagram Transport Layer Security","Tunneling and VPN","231894824","112332705","119562119"
"WeChat","Internet Instant Messaging","4181313234","682297596","3499015638"
"Rakuten.co.jp","Web","702732","43458","659274"
"Google Talk (incl. Hangouts and Allo and Duo)","Real Time Audio/Video","75882065","33670248","42211817"
"Nokia Here API","Web","3206073","288900","2917173"
"Microsoft SharePoint Online (Office 365)","Business Application","57528047","24903274","32624773"
"BuzzFeed.com","Web","2461682","254751","2206931"
"Reddit.com","Web","2691578650","58207909","2633370741"
"Imgur.com","Storage and Backup","62301316","1058387","61242929"
"Google Documents (aka Google Drive)","Storage and Backup","43832755","8872514","34960241"
"Apple Maps","Web","9070092","387828","8682264"
"Paypal.com","Web","13392800","1624339","11768461"
"BBC","Web","115201892","6241141","108960751"
"craigslist","Web","103773921","8750915","95023006"
"Aol","Web","4430379","633651","3796728"
"Gameloft Games","Gaming","25972553","5949406","20023147"
"Turn","Web","9886137","1312133","8574004"
"Telegram","Internet Instant Messaging","378918261","9887179","369031082"
"Candy Crush Saga","Gaming","13639722","7118163","6521559"
"King Digital Entertainment","Gaming","1584797","486731","1098066"
"Bitstrips","Social Networking","192863076","7224264","185638812"
"Zendesk","Business Collaboration","15275992","959515","14316477"
"Google Safe Browsing","Web","14597661","3985645","10612016"
"Brightcove","Media","103548505","1566890","101981615"
"Gravatar","Business Collaboration","1641931","220030","1421901"
"Turner","Web","188735026","2953073","185781953"
"Mixpanel","Web","10422080","7464661","2957419"
"Cedexis","Web","3928602","1069733","2858869"
"Google Calendar","Web","29599314","7327646","22271668"
"quic","Network Service","122457200","62851275","59605925"
"CPMSTAR","Web","73598","12889","60709"
"ADTECH","Web","1629378","57835","1571543"
"AOL One","Web","2570255","298430","2271825"
"Realestate","Web","259957","51428","208529"
"GitHub","Web","5104781","482179","4622602"
"Advertising.com","Web","3097109","844757","2252352"
"Facebook Embedded Video","Media","12936320664","118624386","12817696278"
"Atlas Solutions","Web","358483","98780","259703"
"Urbanairship","Web","9335411","2487150","6848261"
"CBS Video","Web","6663807451","79540493","6584266958"
"Fastly","Web","57065576","908223","56157353"
"Unruly","Web","8186333","4162633","4023700"
"UpLynk","Web","526477","94662","431815"
"Periscope","Media","48434548","1034398","47400150"
"Heap","Web","175909977","136048608","39861369"
"Olark","Web","1995947","127964","1867983"
"Liveperson","Web","15264843","1323778","13941065"
"Zopim","Web","3862951","1071993","2790958"
"Rackspace","Web","1635466019","71928321","1563537698"
"Signal","Web","1793192","171244","1621948"
"Ensighten","Web","4649259","589127","4060132"
"LKQD","Web","1205086","433974","771112"
"Bleacher Report","Web","16205974","659422","15546552"
"Microsoft OneDrive","Web","712344030","121112850","591231180"
"Yandex Maps","Web","216627","115776","100851"
"Google Photos (formerly Google Picasa)","Web","98021056","12669535","85351521"
"Bazaarvoice","Web","18058094","1364791","16693303"
"Clicktale","Web","8341831","4087526","4254305"
"Adform","Web","12842765","2265259","10577506"
"ZoomMeetings","Business Collaboration","258000524","78834503","179166021"
"Weborama","Web","335498","80941","254557"
"Innovid","Web","188506327","3504091","185002236"
"StackExchange","Web","8005","1699","6306"
"Tinder","Web","383893551","14400942","369492609"
"GIPHY","Web","225259499","3707431","221552068"
"Heroku","Web","4890742","387770","4502972"
"Microsoft Word Online (Office 365)","Business Collaboration","23310965","3438871","19872094"
"Signal Private Messenger (Open Whisper Systems)","Internet Instant Messaging","19214914","1503899","17711015"
"StreamRail","Media","200544","42550","157994"
"Bugsnag","Web","3610318","1582292","2028026"
"Tealium","Web","11581368","1528599","10052769"
"Yieldmo","Web","25165704","3470671","21695033"
"Huawei","Web","4252461","1790337","2462124"
"MGID","Web","10230761","509600","9721161"
"ULP","Network Service","9030248","361407","8668841"
"Amazon Chime","Business Collaboration","799475","66846","732629"
"Media Innovation Group","Web","1767625","489212","1278413"
"Booking.com","Web","20505609","1635457","18870152"
"Okta","Web","118898362","13662456","105235906"
"Microsoft teams","Internet Instant Messaging","499701805","52936580","446765225"
"Digioh","Web","1457601","73287","1384314"
"Adtelligent","Web","8751919","2405069","6346850"
"Youtube Music","Media","22562739","2723573","19839166"
"Akamai Video","Media","3547924","418136","3129788"
"Tenor","Web","125441968","3883251","121558717"
"Cisco","Web","8772485","3814545","4957940"
"textPlus","Internet Instant Messaging","4283100","1269463","3013637"
"Simpli.fi","Web","7939060","905318","7033742"
"ByteDance","Web","3437877763","56975618","3380902145"
"RingCentral","Business Collaboration","171743","28842","142901"
"Google News","Web","4661288","431960","4229328"
"Visual IQ","Web","650694","188650","462044"
"Discord","Internet Instant Messaging","298065308","9320603","288744705"
"Future_plc","Web","9953306","657144","9296162"
"Google GSuite","Web","2924723","297961","2626762"
"Unknown virtual protocol","Unclassified","201403052","5358578","196044474"
"Unknown virtual protocol","Unclassified","8935527","6932946","2002581"
"Wireguard","Tunneling and VPN","7858867397","574314281","7284553116"
"BAMTech","Real Time Audio/Video","165192266","65305294","99886972"
"Quora","Social Networking","10354482","806500","9547982"
"Toutiao","Web","1824232","124517","1699715"
"Airbnb","Web","10465855","993529","9472326"
"Shopify","Web","82402503","2167266","80235237"
"BridTV","Real Time Audio/Video","38237359","144388","38092971"
"KOCHAVA","Web","3898089","1037897","2860192"
"Sift Science","Web","412016","98939","313077"
"Spotify Audio","Real Time Audio/Video","7078256753","76905241","7001351512"
"Connatix","Real Time Audio/Video","80107660","4478656","75629004"
"Pendo","Web","16549657","2819732","13729925"
"Go Daddy","Web","3939155","201093","3738062"
"NHL.com","Web","1117538072","12642357","1104895715"
"The Walt Disney Company","Web","10941081","694549","10246532"
"WarnerMedia","Web","731713770","15338283","716375487"
"Datadog","Web","917227","760114","157113"
"Intercom","Web","42213133","18594875","23618258"
"BitTorrent","Peer to Peer","43912","828","43084"
"eBay.com","Web","51138580","6593727","44544853"
"File Transfer Protocol","File Sharing","37634","19825","17809"
"Google Earth","Web","95670","13782","81888"
"GPRS Tunneling Protocol","Tunneling and VPN","252296172","136830547","115465625"
"IPsec (AH and ESP)","Tunneling and VPN","108849660","42726588","66123072"
"Kerberos","Authentication","8872","5290","3582"
"Lighweight Directory Access Protocol","Authentication","672","312","360"
"McAfee Client update","Business Application","74418498","3055488","71363010"
"Post Office Protocol (Version 3)","Email","71697966","1799737","69898229"
"Secure POP3","Email","20554124","599540","19954584"
"Port Mapper","Network Service","4212","2880","1332"
"QQ","Internet Instant Messaging","5199040","765210","4433830"
"Real Time Control Protocol","Business Collaboration","14498","6724","7774"
"Real Time Protocol","Business Collaboration","4353653660","176323896","4177329764"
"Real Time Streaming Protocol","Media","339247878","785547","338462331"
"SAP","Business Application","35857","9268","26589"
"Server Message Block (Windows File Server)","File Sharing","9656","6992","2664"
"Simple Mail Transfer Protocol","Email","5816002","5202687","613315"
"Simple Mail Transfer Protocol Secure","Email","20308","5622","14686"
"VMWare","Remote Desktop","3880","1912","1968"
"X Window System","Business Application","4984","3430","1554"
"Expedia.fr","Web","11033676","2873187","8160489"
"Travelocity.com","Web","43415","6815","36600"
"Realtor.com","Web","141148","25084","116064"
"Flickr","Social Networking","17744032","833134","16910898"
"RuneScape","Gaming","38965","2365","36600"
"Steampowered.com","Gaming","461531108","10312329","451218779"
"Xbox Live","Gaming","7038700","623799","6414901"
"Badoo.com","Internet Instant Messaging","12929841","620814","12309027"
"DeviantArt.com","Web","235825","15755","220070"
"Meetup","Web","142010","9033","132977"
"MyHeritage.com -MyHeritage.fr","Web","4109","1449","2660"
"Odnoklassniki.ru","Social Networking","42580","12494","30086"
"ResearchGATE.net","Web","497416","16913","480503"
"Tumblr","Social Networking","30669249","157070","30512179"
"Vk.com (Vkontakte)","Social Networking","10719315","116309","10603006"
"Vox.com","Web","131739","29304","102435"
"Yelp.com","Web","13302374","277111","13025263"
"Yandex webmail","Email","67578","9219","58359"
"Adobe Flash Plugin Update","Web","142984","10092","132892"
"Java Update","Web","67807","2858","64949"
"Apple Update","Web","5680204","95831","5584373"
"Archive.org","Web","30120486","405482","29715004"
"BitDefender Update","Web","4280635","1157863","3122772"
"Playstation Network","Gaming","46152","13602","32550"
"Trendmicro Update protocol","Web","1252004","679238","572766"
"BBC Player","Media","16268661","240242","16028419"
"Garena","Web","93832","5632","88200"
"File Transfer Protocol Secure","File Sharing","534611965","15427088","519184877"
"Concur","Business Application","25480","2534","22946"
"EarthCam.com","Web","91746605","923664","90822941"
"Evony.com","Web","3907123","1362463","2544660"
"iHeartRADIO","Media","14111634","2019191","12092443"
"Jango.com","Web","6272","1138","5134"
"Psiphon","Web","695891","119631","576260"
"Tokbox.com","Web","11573","4114","7459"
"UStream","Media","11944799","192465","11752334"
"SiriusXm.com","Media","15045","4070","10975"
"YouKu","Media","9219201","3880271","5338930"
"WebEx","Business Collaboration","110276","12651","97625"
"RSS","Web","180504","7591","172913"
"ABCNews","Web","412386","19062","393324"
"Adobe Acrobat DC (Document Cloud)","Web","5868111","188658","5679453"
"Alexa","Web","121978","14149","107829"
"AmericanExpress","Web","2216351","142040","2074311"
"Aufeminin.com","Web","82496","1584","80912"
"Blogger","Web","46847315","967202","45880113"
"Capital One","Web","1894171","142123","1752048"
"China Network Television","Web","1408","835","573"
"Daily Mail","Web","21954741","1311270","20643471"
"Daum.net","Web","18665104","2051571","16613533"
"FoxSports.com","Web","418208","8035","410173"
"Groupon","Web","99647","18029","81618"
"IKEA.com","Web","50490","2284","48206"
"Intuit.com","Business Application","3051674","1528862","1522812"
"Kaspersky.com","Web","45292","36364","8928"
"Livedoor.com","Web","183326","7377","175949"
"Mozilla.com - Mozilla.org","Web","7632955","2618407","5014548"
"NationalGeographic.com","Web","6231391","157123","6074268"
"Naver Corporation (formerly NHN Corporation)","Web","63253942","2809453","60444489"
"NBA.com","Web","1331430","284892","1046538"
"National Football League (NFL.com)","Web","56348314","4724164","51624150"
"Nike.com","Web","7745","1165","6580"
"Reuters.com","Web","2529478","26796","2502682"
"Sky","Web","16449","2641","13808"
"Sports Illustrated","Web","110282","10733","99549"
"SurveyMonkey.com","Web","95145","13358","81787"
"Xbox","Gaming","23395","3057","20338"
"Youdao.com","Web","529245","199886","329359"
"Sina.com.cn","Internet Instant Messaging","3748548","163766","3584782"
"Sina Weibo","Web","5221470","622125","4599345"
"QQ WeiBo","Web","91547","16090","75457"
"GMX webmail","Email","75372","13611","61761"
"Google Plus","Web","84895","9639","75256"
"Hulu","Media","2559743","353805","2205938"
"Shazam","Web","2294777","185951","2108826"
"SoundCloud","Media","901036119","8268036","892768083"
"TuneIn","Real Time Audio/Video","40368","11279","29089"
"KakaoTalk","Internet Instant Messaging","61852396","782095","61070301"
"Tistory.com","Web","54038","9677","44361"
"Ultrasurf","Anonymizers and Proxies","1612","1612","0"
"163.com","Web","94986","37719","57267"
"Sohu.com","Web","54843988","745541","54098447"
"Ifeng.com","Web","68081035","1458199","66622836"
"Tmall.com","Web","12978","1899","11079"
"Alipay","Web","126590","44920","81670"
"Douban.com","Web","18184","1581","16603"
"cnzz.com","Web","1431","520","911"
"360.cn","Web","488232","109398","378834"
"Alibaba.com","Web","1964506","385034","1579472"
"iQiyi","Web","154004","89803","64201"
"51.la","Web","57417","18813","38604"
"Limelight Networks CDN","Web","1334065449","19646035","1314419414"
"ISO Base Media File Format","Real Time Audio/Video","130202321","1444073","128758248"
"KIK Messenger","Internet Instant Messaging","1421698","292031","1129667"
"MiTalk Messenger (Miliao)","Internet Instant Messaging","227992","27863","200129"
"Blogpark.jp","Web","291817","7643","284174"
"Chinatimes.com","Web","98405","5023","93382"
"Ettoday.net","Web","5168","661","4507"
"NOWnews.com","Web","1451487","39010","1412477"
"QQ Games","Gaming","206900","104223","102677"
"QQ Mail","Email","43823","36424","7399"
"QQ News","Web","436788","42608","394180"
"Sina News","Web","188339","12149","176190"
"Tencent.com","Internet Instant Messaging","12592710","1938590","10654120"
"Pornhub","Web","7553","1539","6014"
"MeetMe.com","Social Networking","811294","25055","786239"
"Radiko.jp","Web","6976","1077","5899"
"Nend.net","Web","2521","341","2180"
"Speedtest","File Sharing","16627","2866","13761"
"ESPN.go.com","Web","166445692","3439812","163005880"
"Internet Movie Database","Web","5443612","218964","5224648"
"JingDong","Web","1544314","57815","1486499"
"WebSocket","Network Service","3431819","514218","2917601"
"Bet365.com","Web","787120","67954","719166"
"Chatroulette.com","Internet Instant Messaging","174823","3860","170963"
"Issuu.com","Web","1189692","7725","1181967"
"LastPass.com","Web","1017646","91386","926260"
"ITV Player","Real Time Audio/Video","1455395","59907","1395488"
"Saavn Bollywood Music","Media","392431","18184","374247"
"Softonic.com","Web","532187","30861","501326"
"T-Online.de","Web","1529506","123228","1406278"
"Marca.com","Web","250412","38827","211585"
"ESPNCricinfo.com","Web","3304726","198606","3106120"
"Apple HTTP Live Streaming","Real Time Audio/Video","20329839","332660","19997179"
"Indiatimes","Web","2703190","182545","2520645"
"Kijiji.ca","Web","20502266","2039097","18463169"
"Background Intelligent Transfer Service","File Sharing","30672767","1666488","29006279"
"Seznam.cz","Web","62935","3537","59398"
"Hotspot Shield","Tunneling and VPN","515389","15972","499417"
"EdgeCast Networks CDN","Infrastructure","5880016","103391","5776625"
"AliExpress.com","Web","4241463","169042","4072421"
"NZHerald.co.nz","Web","3143958","86284","3057674"
"Rt.com","Web","7749474","611060","7138414"
"Wp.pl","Web","179974","57978","121996"
"Onet.pl","Web","170455","6502","163953"
"Stuff.co.nz","Web","2167592","54337","2113255"
"Fox Business Network","Web","95543418","1148001","94395417"
"News","Web","2608847","60850","2547997"
"Yadro","Web","918624","504331","414293"
"uTorrent","Peer to Peer","750","432","318"
"Waze Social GPS Maps & Traffic","Web","24557245","635607","23921638"
"Huffington Post","Web","6569583","64123","6505460"
"Symantec","Web","2105030","752629","1352401"
"Plants vs Zombies","Gaming","3255259","116643","3138616"
"Plenty Of Fish","Web","62559242","28235860","34323382"
"Twitch","Media","51754460","4613574","47140886"
"BoldChat Live Chat","Internet Instant Messaging","2989030","598991","2390039"
"Xiaomi","Web","3600832","657379","2943453"
"battlenet","Gaming","19387","4680","14707"
"ASANA","Web","3273693","438410","2835283"
"Abs.cbnnews","Web","22247","5811","16436"
"Vine","Media","9654","1329","8325"
"Taobao Ad Network and Exchange","Web","1899775","1082680","817095"
"Amazon Cloud Drive","Web","77378639","74904136","2474503"
"Lazada","Web","10225426","229313","9996113"
"Gettyimages","Web","426377","18986","407391"
"Theladbible","Web","665472","68301","597171"
"Flipboard","Web","4694342","476766","4217576"
"Traffic Junky","Web","5005","1147","3858"
"I2P Invisible Internet Project","Tunneling and VPN","862","488","374"
"Australian Broadcasting Corporation","Web","1939201","143443","1795758"
"Foxsports Australia","Web","592834","22375","570459"
"Constant Contact","Web","650976","55802","595174"
"Jofogas","Web","115906","4554","111352"
"Atlassian","Web","284215","194662","89553"
"Web.DE","Web","223724","46722","177002"
"Kakaocdn","Infrastructure","846289","68104","778185"
"My.com","Web","159940","41218","118722"
"Bizographics","Web","10346","2983","7363"
"Ebay.classifieds","Web","125473","4373","121100"
"Gmanetwork","Web","25129","5027","20102"
"Apple Music","Media","949500950","9760115","939740835"
"LogMeIn","Remote Desktop","41484","1174","40310"
"Disney Channel","Web","3282894","82715","3200179"
"Disney Junior","Web","9147","1241","7906"
"Heavy.com","Web","8205","1770","6435"
"Rogers TV","Web","25156055","1279942","23876113"
"Localytics","Web","1762124","515224","1246900"
"Microsoft Translator (Bing Translator)","Web","215774","49035","166739"
"Perform","Web","78499","9211","69288"
"Microsoft Office OneNote (Office 365)","Business Application","5925402","2857097","3068305"
"Mapbox","Web","20521430","1140085","19381345"
"ABS-CBN Entertainment","Web","1487066","214375","1272691"
"Uptodown","Web","100020","10314","89706"
"Rollout","Web","147487","22163","125324"
"Microsoft Excel Online (Office 365)","Web","84012445","43158758","40853687"
"Riffsy (Tenor.co)","Web","3207787","190007","3017780"
"Tune","Web","47081","17183","29898"
"Google Web Light","Web","8993","646","8347"
"Umeng","Web","2773571","1378319","1395252"
"Rappler","Web","817766","27198","790568"
"Hola Web Proxy","Web","379743","119058","260685"
"funCaptcha","Web","7888","2363","5525"
"MobFox","Web","64456","11444","53012"
"Liftoff","Web","2743146","891936","1851210"
"Baidu Maps","Web","310931","60993","249938"
"Uber (formerly UberCab)","Web","2835702","145759","2689943"
"QQVideo","Web","122591566","949473","121642093"
"ICY (I Can Yell)","Media","44529676","2123742","42405934"
"Younow","Web","5010734","2239697","2771037"
"MQ Telemetry Transport","Network Service","15662","8320","7342"
"Adk2","Web","110801","5685","105116"
"CDNetworks","Infrastructure","1226395","30859","1195536"
"Highwinds","Web","52040656","831929","51208727"
"Wix","Web","98944749","3589567","95355182"
"Eskimi","Web","20668","3866","16802"
"Shutterstock","Web","47023","6388","40635"
"SolarWinds","Web","667559","23935","643624"
"IMO Video Calling Application","Media","3664242","1565206","2099036"
"Clash of Clans","Gaming","733717618","9131301","724586317"
"Supercell","Gaming","35950067","811140","35138927"
"Amazon Music","Media","22964279","860252","22104027"
"Radiumone","Web","4247","959","3288"
"Microsoft Powerpoint Online (Office 365)","Business Collaboration","6236742","656436","5580306"
"Vidyard","Web","98693","4889","93804"
"Nintendo","Gaming","71008249","947040","70061209"
"ADventori","Web","246294","49125","197169"
"Audible","Real Time Audio/Video","604316","325773","278543"
"Flashtalking","Web","53161092","2315594","50845498"
"Aerserv","Web","6404","854","5550"
"Google Classroom","Web","41567","29323","12244"
"Samsung Update","Web","2771850406","30959925","2740890481"
"MaxCDN","Web","29028","6297","22731"
"Zhihu","Web","16876667","6180876","10695791"
"Walmart","Web","7581777","4060604","3521173"
"Avast","Web","170068659","2271583","167797076"
"DocuSign","Web","3810296","155142","3655154"
"Automatic Data Processing (ADP)","Web","1747400","100049","1647351"
"WeTransfer","Web","5887","854","5033"
"Cloudinary","Web","222924096","2205113","220718983"
"Optus","Web","4564094","235508","4328586"
"Google Secure User Plane Location","Web","1738763","257038","1481725"
"Gfycat","Web","21264696","275733","20988963"
"T-Mobile","Web","58993","25207","33786"
"Chunghwa Telecom","Web","84115","15646","68469"
"Sportradar","Web","91917","1961","89956"
"Wall Street Journal","Web","55581076","1454214","54126862"
"Meitu","Web","4653960","97344","4556616"
"Clash Royale","Gaming","18273410","343907","17929503"
"Origin","Web","127959","38540","89419"
"Mail.com","Email","843811","218059","625752"
"United Internet","Web","193892","58698","135194"
"Workplace By Facebook","Social Networking","494196","194828","299368"
"shopee.tw","Web","318741","74352","244389"
"Electronic Arts","Web","1111862","313892","797970"
"Facebook Lite","Social Networking","13933224","1227376","12705848"
"Kakao","Web","1310752","885065","425687"
"Apptimize","Web","239238","62993","176245"
"UC Browser","Web","140985","42970","98015"
"x_vpn","Tunneling and VPN","96788","11657","85131"
"Mediascope","Web","957128","371154","585974"
"Vero","Social Networking","79962","36657","43305"
"Domain Name Service Crypt","Network Service","246721","108488","138233"
"Opera turbo","Network Service","1326947","234121","1092826"
"Appnext","Web","178408","12222","166186"
"Splunk Cloud","Storage and Backup","70217","33884","36333"
"Fortnite","Gaming","6609783","1217597","5392186"
"Fox Networks","Web","2999789","120932","2878857"
"9GAG","File Sharing","3891520","108664","3782856"
"Text Me","Internet Instant Messaging","1532224","767033","765191"
"Epic_games","Gaming","6718766","1061488","5657278"
"Unreal_engine","Gaming","6041271","2661443","3379828"
"IBM","Web","513352","167752","345600"
"Grammarly","Web","43141534","19143653","23997881"
"Microsoft AD Right Management Service","Business Application","140250","59995","80255"
"Barracuda Networks","Web","25108","4918","20190"
"PlayerUnknown's BattleGrounds","Gaming","7533783","274258","7259525"
"Google One","Web","10730","2336","8394"
"Alibaba Group","Web","546679","91792","454887"
"League of Legends","Gaming","8147724","5253263","2894461"
"Discourse","Web","3206103","50286","3155817"
"Mobile Legends","Gaming","257191532","93488642","163702890"
"ExpressVPN","Tunneling and VPN","570621","84289","486332"
"Redis","Business Application","48520","11811","36709"
"TechRadar","Web","1033742","58899","974843"
"Inskin","Web","29125","8907","20218"
"Monday.com","Web","11357926","745886","10612040"
"Wish","Web","1209626","198022","1011604"
"Google Play Books","Web","165607","13559","152048"
"ProtonMail","Email","3374613","105554","3269059"
"Minecraft","Gaming","545308","121486","423822"
"WorkspaceOne","Web","170742","129148","41594"
"Google Takeout","Web","14474","3307","11167"
"Opera VPN","Tunneling and VPN","1057438","257015","800423"
"Target","Web","15651","4432","11219"
"iBooks","Web","5029074","1368293","3660781"
"Fandom","Web","889495","67422","822073"
"Tesla","Web","2474562","196061","2278501"
"W3Schools","Web","26555","2912","23643"
"OpenSignal","Web","14565","6427","8138"
"Megaphone","Web","1054126153","12553902","1041572251"
"TripAdvisor","Web","16038562","182925","15855637"
"DAZN","Real Time Audio/Video","35286880","326707","34960173"
"PubNub","Web","534954","226546","308408"
"Unknown virtual protocol","Unclassified","2893980494","40785672","2853194822"
"Unknown virtual protocol","Unclassified","1315618","23735","1291883"
"Unknown virtual protocol","Unclassified","587181","18827","568354"
"NetEase","Web","2102879","291817","1811062"
"Unknown virtual protocol","Unclassified","219437","105526","113911"
"Unknown virtual protocol","Unclassified","47324","4837","42487"
"Unknown virtual protocol","Unclassified","524007","48259","475748"
"Discovery Inc","Real Time Audio/Video","162310","16740","145570"
"Bumble","Web","39968833","4382151","35586682"
"Qwant","Web","58173","2409","55764"
"Acast","Real Time Audio/Video","21312402","141906","21170496"
"Talkatone","Internet Instant Messaging","76398","3719","72679"
"Firework","Internet Instant Messaging","154289","37530","116759"
"Banggood","Web","588534","29668","558866"
"Bigo","Web","625585","23825","601760"
"Apple TV Plus","Real Time Audio/Video","2991967865","42319578","2949648287"
"Kuwo","Real Time Audio/Video","5947","1216","4731"
"Agora","Network Service","15503998","10713724","4790274"
"Xigua Video","Real Time Audio/Video","33823","2614","31209"
"Activision-Blizzard","Web","15588","2444","13144"
"Zhenai","Web","78026","10643","67383"
"MediaLab","Web","572079","388547","183532"
"Netease Games","Gaming","2111888","8594","2103294"
"Baidu Tieba","Social Networking","470754830","64137330","406617500"
"Wangwang","Internet Instant Messaging","2764221","1255901","1508320"
"Workday","Business Application","9178105","353129","8824976"
"LocationIQ","Web","17309","4444","12865"
"StackPath","Web","166753","6710","160043"
"Uber Eats","Web","15996","2307","13689"
"Roblox","Gaming","737062108","55823248","681238860"
"Likee","Internet Instant Messaging","2855535","728978","2126557"
"YY","Real Time Audio/Video","2200331","195284","2005047"
"Acronis Cloud","Web","7338","1944","5394"
"Acronis Backup","File Sharing","283601269","6824298","276776971"
"Citrix","Web","34562","10692","23870"
"Microsoft Dynamics","Business Application","1635446","205418","1430028"
"Digital Turbine","Web","1303706","303210","1000496"
"Pluto TV","Real Time Audio/Video","16818693","507779","16310914"
"adRise","Real Time Audio/Video","1262331","42863","1219468"
"Tubi TV","Real Time Audio/Video","113947521","1198617","112748904"
"Demandbase","Web","683077","50083","632994"
"Amazon Alexa Assistant","Business Collaboration","4376382","2622487","1753895"
"Minute Media","Web","52275105","576652","51698453"
"UserReport","Web","368392","60467","307925"
" Revolut","Web","166541","15031","151510"
"2Checkout","Web","19468","3237","16231"
"Jitsi","Real Time Audio/Video","16694","1317","15377"
"The Blaze","Web","1086008","40927","1045081"
"E! Online","Web","6771646","132047","6639599"
"Hotels.com","Web","8137493","3990232","4147261"
"Indeed","Web","100859363","23985528","76873835"
"Official Major League Baseball","Web","1085932","44618","1041314"
"Rotten Tomattoes","Web","808430","48739","759691"
"SFGate","Web","3794917","340205","3454712"
"Slate Magazine","Web","17117117","390867","16726250"
"The Telegraph","Web","602814","9427","593387"
"The Daily Beast","Web","6841","716","6125"
"TIME","Web","1483447","69788","1413659"
"TMZ","Web","12554602","93468","12461134"
"Nvidia","Web","376314","10621","365693"
"Geforce Now","Gaming","2744782","242160","2502622"
"Wired","Web","99047766","1256716","97791050"
"Kickstarter","Web","133169998","2336989","130833009"
"Indiegogo","Web","2743788","55801","2687987"
"Kayak","Web","925684","10747","914937"
"Eventbrite","Web","488832","44126","444706"
"Bilibili","Web","4178097412","92916542","4085180870"
"Unknown virtual protocol","Unclassified","414630","191644","222986"
"Riverbed","Tunneling and VPN","14217","4058","10159"
