"Application","Category","Total Bytes","Bytes Received","Bytes Sent"
"Domain Name Service","Network Service","2233242994","1115332614","1117910380"
"Google Mail","Email","2888209709","309340075","2578869634"
"Google Search","Web","1163947386","182481060","981466326"
"HyperText Transfer Protocol","Web","11325488611","1013241232","10312247379"
"HyperText Transfer Protocol Secure","Web","28243607839","2245365947","25998241892"
"Internet Control Message Protocol","Network Service","4329130441","2612822792","1716307649"
"Internet Message Access Protocol version 4","Email","114630831","42534606","72096225"
"Internet Protocol","Network Service","0","0","0"
"XMPP Protocol (Jabber)","Business Collaboration","18575098","3778681","14796417"
"McAfee Client update","Business Application","688601993","22397761","666204232"
"Network Time Protocol","Network Service","2090225","1228038","862187"
"Remote Desktop Protocol (Windows Terminal Server)","Remote Desktop","198343","115946","82397"
"Simple Mail Transfer Protocol","Email","15131505","11754527","3376978"
"Simple Object Access Protocol","Network Service","1680211845","975880288","704331557"
"Secure Shell","Tunneling and VPN","36737440","19577664","17159776"
"Secure Socket Layer","Tunneling and VPN","38744250451","5929467980","32814782471"
"Session Traversal Utilities for NAT","Business Collaboration","59593492","30240366","29353126"
"Transmission Control Protocol","Other TCP/UDP","3816422437","370814688","3445607749"
"User Datagram Protocol","Other TCP/UDP","289776002141","31520674748","258255327393"
"Wikipedia.com","Web","162212453","11504503","150707950"
"Youtube.com","Media","29022503177","1927855987","27094647190"
"Facebook","Social Networking","146622757850","4070348600","142552409250"
"Google Ads","Web","1833710769","291203617","1542507152"
"Windows Live Hotmail","Email","111443887","16251193","95192694"
"LinkedIn","Social Networking","653885383","56202235","597683148"
"Apple Generic Services","Web","21051885721","640331212","20411554509"
"Online Certificate Status Protocol","Business Application","26191514","10301294","15890220"
"Badoo.com","Internet Instant Messaging","40395319","4671894","35723425"
"Foursquare.com","Web","2281850","458784","1823066"
"Twitter","Social Networking","2436709382","86653545","2350055837"
"iTunes","Media","5655143294","234415356","5420727938"
"TeamViewer","Remote Desktop","640271903","319841388","320430515"
"Bing.com (formerly MSN Search)","Web","1076949701","94040045","982909656"
"Baidu.com","Web","5957558","520154","5437404"
"Windows Update","Web","16281782290","1239337429","15042444861"
"Chrome Update","Web","1150723059","38254366","1112468693"
"Google Analytics,Google Marketing Platform","Web","508360071","126025652","382334419"
"Google GStatic","Web","3964596963","217402355","3747194608"
"Google Translate","Web","7893229","1563517","6329712"
"Google Generic","Web","10012657241","7879967030","2132690211"
"Amazon Generic Services","Web","5794173086","1753678549","4040494537"
"Weather.com","Web","33106719","3896366","29210353"
"WhatsApp Messenger","Internet Instant Messaging","64984420484","26784653507","38199766977"
"Apple App Store","Web","21047588570","485928829","20561659741"
"Windows Marketplace","Web","4875014531","391440792","4483573739"
"Apple Push Notification Service","Web","528823791","364257057","164566734"
"iOS over-the-air (OTA) update","Web","8943032776","137005562","8806027214"
"Samsung Apps","Web","147259612","12760435","134499177"
"Google Play Store","Media","8059907079","1456986819","6602920260"
"iCloud (Apple)","Storage and Backup","12793108913","8594301934","4198806979"
"Instagram","Web","228598864320","8476355748","220122508572"
"SoundCloud","Media","458191119","22330051","435861068"
"Amazon Web Services/Cloudfront CDN","Infrastructure","47032285197","31449430473","15582854724"
"Amazon Prime Video","Media","1465502482","45911596","1419590886"
"Akamai Technologies CDN","Web","2977332240","76526853","2900805387"
"Microsoft Azure (previously Windows Azure)","Infrastructure","181844592","9803857","172040735"
"Yahoo.com","Web","844139257","112789047","731350210"
"Google Talk (incl. Hangouts and Allo and Duo)","Real Time Audio/Video","308946396","153714511","155231885"
"CloudFlare CDN","Infrastructure","9213793020","454953363","8758839657"
"Microsoft Office 365","Business Collaboration","1579508101","127114993","1452393108"
"Zoho Corporation","Business Application","29823187","16014051","13809136"
"Microsoft SharePoint Online (Office 365)","Business Application","130990281","39159328","91830953"
"Pinterest","Web","481350947","38051219","443299728"
"Microsoft Outlook (Office 365)","Business Application","1415659771","328489582","1087170189"
"Apple SIRI","Web","237857977","190646054","47211923"
"Google Accounts","Web","504660492","256331654","248328838"
"Amazon Ad System","Web","201792096","45664635","156127461"
"Snapchat","Social Networking","31958838289","1858592218","30100246071"
"AddThis","Web","12290613","749905","11540708"
"ScorecardResearch","Web","24262275","7101827","17160448"
"Oracle","Web","7255367","2032336","5223031"
"Bitstrips","Social Networking","343972759","17324513","326648246"
"Criteo","Web","97787297","15219600","82567697"
"Adobe","Business Application","747593451","77709183","669884268"
"Samsung","Web","240637012","88319818","152317194"
"Facebook Messenger","Internet Instant Messaging","9825524981","3997493767","5828031214"
"InMobi","Web","159249740","52705616","106544124"
"AppsFlyer","Business Application","71246762","25647511","45599251"
"Mixpanel","Web","72179167","60075039","12104128"
"Google Cloud Storage","Web","9416134303","8051076235","1365058068"
"Google Cloud Messaging","Web","206064503","47857442","158207061"
"Apple Location","Web","4616985333","468507202","4148478131"
"Index Exchange (previously Casale Media)","Web","29725552","8143116","21582436"
"Rubicon Project","Web","63157008","20424932","42732076"
"AppNexus","Web","254261503","153851729","100409774"
"HyperText Transfer Protocol version 2","Web","10139983475","1442342099","8697641376"
"Google Tag Manager","Web","285293185","17666304","267626881"
"Facebook Embedded Video","Media","10930236544","162434332","10767802212"
"Adjust.com","Web","42258708","15201373","27057335"
"Scotiabank","Web","120518963","18051274","102467689"
"Urbanairship","Web","5413773","1186720","4227053"
"BootstrapCDN","Web","5741928","427171","5314757"
"Apple Music","Media","1763139422","92067056","1671072366"
"Applovin","Web","1041126199","287515537","753610662"
"Android connectivity Manager","Network Service","23936664","11725155","12211509"
"Heap","Web","201442443","116517714","84924729"
"Branch Metrics","Web","143115858","23482357","119633501"
"jQuery","Web","14521626","754639","13766987"
"Everest Technologies","Web","17034112","5503278","11530834"
"Microsoft OneDrive","Web","1048318060","87894623","960423437"
"Microsoft","Web","3188639373","638543838","2550095535"
"New Relic","Web","92650511","58356446","34294065"
"Teads","Web","8679252","1805489","6873763"
"hotjar","Web","38652532","17178347","21474185"
"ZoomMeetings","Business Collaboration","2429387417","318280017","2111107400"
"HyperText Transfer Protocol proxy","Network Service","11557979","2003104","9554875"
"Firebase Cloud Messaging","Web","1012730820","683051147","329679673"
"Amazon Music","Media","9451443","1384780","8066663"
"Apple Game Center","Gaming","10844000","2166543","8677457"
"Tealium","Web","11265482","3535641","7729841"
"AnyDesk","Remote Desktop","635376","255519","379857"
"DoubleVerify","Web","67072817","12534841","54537976"
"Media Innovation Group","Web","1384153","381123","1003030"
"eXelate","Web","1288385","353782","934603"
"Google Secure User Plane Location","Web","5368411","726125","4642286"
"Amplitude","Web","100039051","89630147","10408904"
"Google Cloud Platform","Web","101083493","8753881","92329612"
"Microsoft teams","Internet Instant Messaging","1740907379","1286892801","454014578"
"Digioh","Web","543128","23901","519227"
"Data Saver","Web","528037431","8111358","519926073"
"Cisco","Web","21749930","4503962","17245968"
"IronSource","Business Application","297475107","22986929","274488178"
"ByteDance","Web","314364011","39369462","274994549"
"TikTok (Musical.ly)","Social Networking","92337179626","2837117189","89500062437"
"Apple News","Web","420280154","19141031","401139123"
"Google APIs","Web","7646993937","2994981398","4652012539"
"Amazon Cognito","Web","33735080","9996208","23738872"
"Google Pay","Web","19593996","4290335","15303661"
"Amazon Alexa Assistant","Business Collaboration","216624248","58406611","158217637"
"Wargaming","Web","8335","2165","6170"
"Digicert","Web","250106711","7527143","242579568"
"Font Awesome","Web","23826989","1677519","22149470"
"Intercom","Web","236894935","98486556","138408379"
"SD-WAN Control","SD-WAN","37751323922","20648431715","17102892207"
"SD-WAN Management","SD-WAN","263201291","130508630","132692661"
"TencentMeeting","Business Collaboration","118873425","54850904","64022521"
"Dailymotion.com","Media","20457195","962140","19495055"
"Google Maps","Web","669702281","41277445","628424836"
"Internet Message Access Protocol Secure","Email","25428990","4278092","21150898"
"Internet Security Association and Key Management Protocol","Tunneling and VPN","1232329438","370738434","861591004"
"Real Time Protocol","Business Collaboration","6027803731","2711703522","3316100209"
"Skype and Teams","Business Collaboration","52724379","12871122","39853257"
"Server Message Block (Windows File Server)","File Sharing","36941","26186","10755"
"Simple Network Management Protocol","Management","508133","508133","0"
"Yahoo Search","Web","2526952","195861","2331091"
"Yahoo Mail v.2.0","Email","128250855","33248209","95002646"
"WordPress.com","Social Networking","26356698","915566","25441132"
"Yandex.ru","Web","10227459","1963873","8263586"
"Spotify","Media","1677238614","146167017","1531071597"
"Adobe Flash Plugin Update","Web","15316","2280","13036"
"Java Update","Web","1232982","137890","1095092"
"Opera Update","Web","1000698","259211","741487"
"Viber","Real Time Audio/Video","5425093862","2280772940","3144320922"
"Netflix.com","Media","23651504049","556145905","23095358144"
"Dropbox","Storage and Backup","195694555","11186186","184508369"
"iHeartRADIO","Media","302900","50478","252422"
"Salesforce","Business Application","46534450","8106296","38428154"
"Portal.TidalTV.com","Web","869778","205366","664412"
"Bloomberg.com","Web","5068873","209849","4859024"
"AccuWeather","Web","10329418","1661957","8667461"
"Adobe Acrobat DC (Document Cloud)","Web","4657866","1809575","2848291"
"Capital One","Web","20171590","2086229","18085361"
"Intuit.com","Business Application","824379","116694","707685"
"Mozilla.com - Mozilla.org","Web","115145615","13726276","101419339"
"Google App Engine","Business Application","13350489","494318","12856171"
"Apple FaceTime","Real Time Audio/Video","13229162840","6398658418","6830504422"
"Line","Internet Instant Messaging","62955","17290","45665"
"Ifeng.com","Web","19679","11883","7796"
"360.cn","Web","287240","122368","164872"
"iQiyi","Web","44691","14653","30038"
"MiTalk Messenger (Miliao)","Internet Instant Messaging","13216696","969278","12247418"
"Rakuten.co.jp","Web","6277974","1212413","5065561"
"Reddit.com","Web","15917494835","352140576","15565354259"
"Internet Movie Database","Web","20177873","382737","19795136"
"Apple Maps","Web","21465376","764815","20700561"
"Paypal.com","Web","79690461","13299095","66391366"
"Kijiji.ca","Web","185978789","16851686","169127103"
"Conviva","Infrastructure","6129949","3849384","2280565"
"Zing.vn","Web","107196","26421","80775"
"Turn","Web","2940100","754945","2185155"
"Quantcast","Web","9242050","1716371","7525679"
"Telegram","Internet Instant Messaging","1255411072","197113523","1058297549"
"TRUSTe","Web","20683480","1618803","19064677"
"Zendesk","Business Collaboration","15981774","816722","15165052"
"Google Safe Browsing","Web","20533311","6086798","14446513"
"Inneractive","Web","145832540","97762650","48069890"
"Flurry","Business Application","53345608","17853494","35492114"
"Crashlytics","Web","82885566","9585701","73299865"
"Gravatar","Business Collaboration","1465344","185215","1280129"
"FreeWheel","Web","1795915","473238","1322677"
"Xiaomi","Web","3803669693","135598219","3668071474"
"Nielsen","Web","6160661","1201466","4959195"
"zalo","Internet Instant Messaging","488023823","7827504","480196319"
"Stickyads","Web","17185534","6882218","10303316"
"99ACRES","Web","41142","14363","26779"
"Smart AdServer","Web","57680378","17204026","40476352"
"Cedexis","Web","8399757","2284866","6114891"
"Google Calendar","Web","42339833","13477264","28862569"
"Flipboard","Web","3632148","410610","3221538"
"OpenX","Web","6447092","1884662","4562430"
"PubMatic","Web","93891294","50541895","43349399"
"LOTAME","Web","6078061","1044977","5033084"
"Sizmek (previously MediaMind)","Web","34254434","1396279","32858155"
"Rlcdn","Web","7641530","1419325","6222205"
"Realestate","Web","189600","34015","155585"
"Advertising.com","Web","2412384","667595","1744789"
"Ad Safe Protected","Web","90934570","16511071","74423499"
"Atlas Solutions","Web","271180","66071","205109"
"Outbrain","Web","36234053","6487237","29746816"
"CBS Video","Web","10468894","406673","10062221"
"Fastly","Web","2797868","128422","2669446"
"Unruly","Web","5550475","2747666","2802809"
"Rogers TV","Web","176951019","20229676","156721343"
"UpLynk","Web","137971504","16360692","121610812"
"NBC","Web","7389834","482872","6906962"
"MoPub","Web","701952","189389","512563"
"Moat","Web","92682482","21655138","71027344"
"Krux","Web","7925747","843366","7082381"
"Microsoft Office OneNote (Office 365)","Business Application","1259126","209621","1049505"
"Optimizely","Web","20294626","4551923","15742703"
"Taboola","Web","249986368","30457432","219528936"
"Mapbox","Web","2758344","192748","2565596"
"Rackspace","Web","1701384767","173328028","1528056739"
"LiveChat","Web","3323136","385584","2937552"
"Ensighten","Web","5765417","1175439","4589978"
"Tune","Web","418802","122740","296062"
"Smaato","Web","12162966","5042765","7120201"
"Braintree","Web","1229207","249448","979759"
"Verizon","Web","30154164","20446866","9707298"
"MediaMath","Web","5680707","2102026","3578681"
"TubeMogul","Web","348641","59356","289285"
"SpotXchange","Web","4342630","1475573","2867057"
"Revcontent","Web","3373066","658337","2714729"
"funCaptcha","Web","20883","5236","15647"
"Google Photos (formerly Google Picasa)","Web","132423041","25085723","107337318"
"Liftoff","Web","3041022","1060868","1980154"
"Uber (formerly UberCab)","Web","2948929651","1752468648","1196461003"
"Conversant","Web","4781762","1269037","3512725"
"Adform","Web","14721864","2624419","12097445"
"Pokemon GO","Gaming","11439438","2116399","9323039"
"Weborama","Web","259734","71090","188644"
"IMO Video Calling Application","Media","3066203","1209306","1856897"
"Bidswitch","Web","14114298","5422497","8691801"
"Bugsnag","Web","7089462","3361080","3728382"
"Sharethrough","Web","30853132","10264475","20588657"
"AdColony","Web","31533451","8690341","22843110"
"Yieldmo","Web","14316671","2901345","11415326"
"Huawei","Web","26244657","7380827","18863830"
"MGID","Web","3440467","260518","3179949"
"Avast","Web","78990691","4797519","74193172"
"Okta","Web","161022377","37194035","123828342"
"PulsePoint","Web","3608165","1286358","2321807"
"Sonobi","Web","9309593","3954090","5355503"
"Cloudinary","Web","27735701","2148583","25587118"
"Optus","Web","1991864","101459","1890405"
"Canvas Student","Web","35360","4640","30720"
"Instructure","Web","14205754","408534","13797220"
"Facebook Lite","Social Networking","14315503","1954128","12361375"
"Akamai Video","Media","1163201","287793","875408"
"Appnext","Web","1677970","156198","1521772"
"Tenor","Web","58650861","3219942","55430919"
"Text Me","Internet Instant Messaging","13398990","4982351","8416639"
"Disqus","Web","25240310","2741145","22499165"
"Simpli.fi","Web","1791776","434315","1357461"
"Visual IQ","Web","254375","65323","189052"
"Discord","Internet Instant Messaging","201708302","11706248","190002054"
"MAkeMyTrip","Web","776766","132875","643891"
"Google GSuite","Web","7038092","927337","6110755"
"Vungle","Web","404572589","19115051","385457538"
"Unknown virtual protocol","Unclassified","3861083269","180902550","3680180719"
"Unknown virtual protocol","Unclassified","107568454","18658525","88909929"
"Unknown virtual protocol","Unclassified","218890506","89130176","129760330"
"Unknown virtual protocol","Unclassified","7821263","5210070","2611193"
"Wireguard","Tunneling and VPN","7999556126","737369548","7262186578"
"Google Messages","Internet Instant Messaging","53130851","22172713","30958138"
"JWPLAYER","Web","316980627","6673225","310307402"
"Quora","Social Networking","35085547","4672005","30413542"
"Shopify","Web","103080065","2950467","100129598"
"Uber Eats","Web","7846662","1557711","6288951"
"Houseparty","Real Time Audio/Video","114465","17392","97073"
"KOCHAVA","Web","2008573","570347","1438226"
"Sift Science","Web","1352367","379322","973045"
"Spotify Audio","Real Time Audio/Video","2510085165","46406755","2463678410"
"Connatix","Real Time Audio/Video","13142708","1971918","11170790"
"Pendo","Web","30245705","9335195","20910510"
"Go Daddy","Web","188289902","10035405","178254497"
"Contentful","Web","631018703","37718591","593300112"
"Indeed","Web","186856429","52772063","134084366"
"Datadog","Web","1800374","1599204","201170"
"Advance Message Queuing Protocol","Network Service","2851","1630","1221"
"BitTorrent","Peer to Peer","380324","21238","359086"
"Connection Oriented Transfer Protocol","Network Service","3590","2492","1098"
"eBay.com","Web","19527496","2690816","16836680"
"File Transfer Protocol","File Sharing","1756289","1064220","692069"
"Google Earth","Web","43674","1484","42190"
"Independant Computing Architecture (Citrix)","Remote Desktop","4990","2770","2220"
"IPsec (AH and ESP)","Tunneling and VPN","214992288","50538489","164453799"
"HP Printer Job Language","Business Application","784","562","222"
"Kerberos","Authentication","14435","9050","5385"
"Lighweight Directory Access Protocol","Authentication","21626","13578","8048"
"Netbios Name Service","Network Service","13494","13494","0"
"Port Mapper","Network Service","10191","6972","3219"
"Point-to-Point Tunneling Protocol","Tunneling and VPN","2235","1464","771"
"QQ","Internet Instant Messaging","45985","24565","21420"
"Real Time Control Protocol","Business Collaboration","2034279","1061495","972784"
"Real Time Streaming Protocol","Media","2200","1406","794"
"SAP","Business Application","23719","9075","14644"
"ShoutCast","Media","26417334","680062","25737272"
"Session Initiation Protocol","Business Application","1020220","567815","452405"
"Simple Mail Transfer Protocol Secure","Email","1904","777","1127"
"SOCKet Secure v4","Tunneling and VPN","26515","18682","7833"
"Tabular Data Stream","Business Application","9220","5896","3324"
"Transparent Network Service (Oracle)","Business Application","3706","2596","1110"
"VMWare","Remote Desktop","6888","1603","5285"
"Wireless Session Protocol","Network Service","307450034","1895901","305554133"
"X Window System","Business Application","15442","10114","5328"
"MPEG-Transport Stream","Real Time Audio/Video","12414842156","78228197","12336613959"
"Simple Network Paging Protocol","Network Service","355149","88000","267149"
"Secure AIM","Internet Instant Messaging","2596480","208403","2388077"
"Ask.com","Web","91328","4950","86378"
"Tagged.com","Social Networking","770046","214064","555982"
"Expedia.fr","Web","1720681","520768","1199913"
"Travelocity.com","Web","15370","2219","13151"
"Realtor.com","Web","129616","18283","111333"
"Flickr","Social Networking","2454543","81036","2373507"
"Deezer","Web","15740967","227728","15513239"
"Mail.ru Webmail","Email","78586","21898","56688"
"Steampowered.com","Gaming","18394289","644112","17750177"
"Xbox Live","Gaming","4631577","469939","4161638"
"DeviantArt.com","Web","251664","18875","232789"
"Goodreads.com","Web","1775364","134795","1640569"
"InterNations.org","Web","1106106","36587","1069519"
"MyAnimeList.net","Web","3287622","74676","3212946"
"Odnoklassniki.ru","Social Networking","21092","1795","19297"
"ResearchGATE.net","Web","3026349","92116","2934233"
"Tumblr","Social Networking","220148839","4099115","216049724"
"Vk.com (Vkontakte)","Social Networking","259814","42941","216873"
"Yammer.com","Business Application","37454","3524","33930"
"Yelp.com","Web","7848357","184499","7663858"
"Teredo protocol","Tunneling and VPN","12468","11705","763"
"Firefox Update","Web","8357574","179000","8178574"
"Apple Update","Web","7554854","520628","7034226"
"Archive.org","Web","26762019","628121","26133898"
"BitDefender Update","Web","1209278","959456","249822"
"Playstation Network","Gaming","9714","1243","8471"
"Kaspersky Update","Web","20841","3343","17498"
"BBC Player","Media","1520","499","1021"
"Garena","Web","571280","47598","523682"
"Box","File Sharing","5678","1244","4434"
"Livestream (formerly Mogulus)","Media","140081","57123","82958"
"Napster.com","Web","645126","19686","625440"
"Photobucket.com","Web","193459","6029","187430"
"Psiphon","Web","3704530","90911","3613619"
"Shutterfly.com","Web","254975","31248","223727"
"Tokbox.com","Web","1005762","25215","980547"
"SiriusXm.com","Media","1963143","272267","1690876"
"YouKu","Media","2781631","2615430","166201"
"Zoho CRM","Business Application","8608","1427","7181"
"WebEx","Business Collaboration","204254","22171","182083"
"Slingbox","Media","419323","15462","403861"
"Radmin","Remote Desktop","889","562","327"
"Internet Inter-ORB Protocol","Network Service","6187","4036","2151"
"BlackBerry.com","Web","7621","883","6738"
"Netware Core Protocol","Management","9008","5912","3096"
"ABCNews","Web","748091","15126","732965"
"Acer","Web","42919","14210","28709"
"Alexa","Web","56376","7920","48456"
"AmericanExpress","Web","185872","34203","151669"
"ATT.com (AT&T)","Web","4242","1564","2678"
"Blogger","Web","17150224","520729","16629495"
"CNN (Cable News Network)","Web","9259903","779270","8480633"
"Comcast","Web","2582317","537029","2045288"
"Daily Mail","Web","7862652","654507","7208145"
"Daum.net","Web","243754","32724","211030"
"Groupon","Web","1113763","61430","1052333"
"HowStuffWorks.com","Web","7011","1587","5424"
"IKEA.com","Web","56036020","6200138","49835882"
"Kaspersky.com","Web","1900942","753204","1147738"
"Mashable.com","Web","795463","23609","771854"
"Match.com","Web","1461","825","636"
"Monster.com","Web","83364","16574","66790"
"NASA.gov","Web","1068789","31924","1036865"
"Naver Corporation (formerly NHN Corporation)","Web","202775966","23849809","178926157"
"NBA.com","Web","472373","42625","429748"
"National Football League (NFL.com)","Web","2259438","294866","1964572"
"Nike.com","Web","116871767","21270187","95601580"
"NYTimes.com","Web","703143","12673","690470"
"PlayStation.com","Web","7556723","1257805","6298918"
"Redtube","Web","130468","3678","126790"
"Reuters.com","Web","893036","12696","880340"
"SlideShare","Web","8562","624","7938"
"Sports Illustrated","Web","253108","3491","249617"
"SurveyMonkey.com","Web","47810","6779","41031"
"TF1.fr","Web","36112865","571464","35541401"
"Vimeo","Web","162316278","1998221","160318057"
"Xbox","Gaming","6427196","1478187","4949009"
"XNXX","Web","61687","23280","38407"
"Xvideos.com","Media","95837","19761","76076"
"Sina.com.cn","Internet Instant Messaging","10449200","253862","10195338"
"Sina Weibo","Web","26381","8244","18137"
"Taobao","Web","21824821","10979136","10845685"
"QQ WeiBo","Web","45815","31171","14644"
"Scribd.com","Web","245691","25332","220359"
"Hulu","Media","995515","12935","982580"
"Shazam","Web","393919","65160","328759"
"TuneIn","Real Time Audio/Video","3040","644","2396"
"KakaoTalk","Internet Instant Messaging","1346447","129181","1217266"
"QQ.com","Web","975603287","31840493","943762794"
"Sohu.com","Web","414751","34164","380587"
"Tmall.com","Web","16786","1838","14948"
"Alipay","Web","180091","106348","73743"
"Sogou.com","Web","11910","1941","9969"
"Alibaba.com","Web","199924809","4794425","195130384"
"51.la","Web","59044","7908","51136"
"EverQuest - EverQuest II","Gaming","11334205","529956","10804249"
"Zynga.com","Gaming","88371","18729","69642"
"Limelight Networks CDN","Web","972707733","41726660","930981073"
"Datagram Transport Layer Security","Tunneling and VPN","1024049472","335050476","688998996"
"ISO Base Media File Format","Real Time Audio/Video","229844236","5076183","224768053"
"KIK Messenger","Internet Instant Messaging","686678","258957","427721"
"WeChat","Internet Instant Messaging","591882692","59504690","532378002"
"FC2.com","Social Networking","1233268","38199","1195069"
"Ameba.jp","Web","48381","3501","44880"
"Pixiv.net","Web","3541","544","2997"
"Ctrip.com","Web","2230378","176599","2053779"
"Ettoday.net","Web","61171","3016","58155"
"QQ Games","Gaming","214502","103374","111128"
"Tencent.com","Internet Instant Messaging","10536","3233","7303"
"Pornhub","Web","19287","3706","15581"
"Conduit Services","Web","49725","18787","30938"
"Nokia Here API","Web","187305478","6483026","180822452"
"MeetMe.com","Social Networking","77149832","681551","76468281"
"Speedtest","File Sharing","50888047","5459776","45428271"
"ESPN.go.com","Web","9133313722","159172048","8974141674"
"BuzzFeed.com","Web","1242429","39642","1202787"
"Imgur.com","Storage and Backup","82711466","1776285","80935181"
"ThePirateBay.se","Web","6491","1239","5252"
"Google Documents (aka Google Drive)","Storage and Backup","413697385","169627352","244070033"
"Evernote","Web","131038","28893","102145"
"JingDong","Web","2674","2011","663"
"WebSocket","Network Service","417528","128517","289011"
"Bet365.com","Web","412078","47343","364735"
"Egnyte Enterprise File Sharing","Storage and Backup","186020","43434","142586"
"Issuu.com","Web","23215","6630","16585"
"LastPass.com","Web","48329","17795","30534"
"Mendeley.com","File Sharing","77059","16550","60509"
"ITV Player","Real Time Audio/Video","1387092","56968","1330124"
"Saavn Bollywood Music","Media","68703756","5153058","63550698"
"touch","Internet Instant Messaging","101818","76010","25808"
"Bitcoin client","Peer to Peer","2740","1630","1110"
"BBC","Web","10927428","648222","10279206"
"AVG.com","Web","2590593","113052","2477541"
"Telegraaf.nl","Web","3642","1126","2516"
"ElPais.com","Web","140694","5754","134940"
"Kooora.com","Web","295974","11657","284317"
"ESPNCricinfo.com","Web","1146602","49655","1096947"
"Goal.com","Web","8341","3487","4854"
"Apple HTTP Live Streaming","Real Time Audio/Video","609110362","7002859","602107503"
"craigslist","Web","496","249","247"
"DBS Bank (dbs.com.sg)","Web","3256210","58921","3197289"
"Hespress.com","Web","5147","428","4719"
"Indiatimes","Web","2022228","110375","1911853"
"Leral.net","Web","12744594","462481","12282113"
"Internet Small Computer Systems Interface","Network Service","1174","736","438"
"System Center Configuration Manager","Management","10383","9597","786"
"Background Intelligent Transfer Service","File Sharing","72787814","8944558","63843256"
"Seznam.cz","Web","75093","5150","69943"
"EdgeCast Networks CDN","Infrastructure","8670838","438047","8232791"
"Abola.pt","Web","6585451","282736","6302715"
"AliExpress.com","Web","17871954","661326","17210628"
"Clarin.com","Web","30313","1615","28698"
"Rt.com","Web","3677","312","3365"
"Seneweb.com","Web","10070061","597938","9472123"
"Wp.pl","Web","57837","11904","45933"
"Emol.com","Web","312015","77145","234870"
"Flipkart.com","Web","531650","76805","454845"
"News24.com","Web","75496","2514","72982"
"VnExpress.net","Web","213162","13587","199575"
"Jamaicaobserver","Web","951195","72566","878629"
"Eltiempo","Web","37893","2235","35658"
"News","Web","730006","28431","701575"
"Aol","Web","3158994","758861","2400133"
"Gameloft Games","Gaming","55087","13387","41700"
"Aparat","Web","495105","10209","484896"
"Yadro","Web","7372","2829","4543"
"uTorrent","Peer to Peer","1294","784","510"
"Candy Crush Saga","Gaming","16747285","5248024","11499261"
"King Digital Entertainment","Gaming","8337421","325535","8011886"
"Waze Social GPS Maps & Traffic","Web","21629911","1921489","19708422"
"Huffington Post","Web","217847","6868","210979"
"Symantec","Web","10778251","371784","10406467"
"OpenStreetMap","Infrastructure","3077137","160263","2916874"
"Videoplaza","Web","152433","42361","110072"
"magicJack","Business Application","22797","3280","19517"
"Brightcove","Media","263272241","4842618","258429623"
"Plenty Of Fish","Web","1338565","865921","472644"
"Twitch","Media","283846759","10708161","273138598"
"BoldChat Live Chat","Internet Instant Messaging","7893492","1750286","6143206"
"OkCupid","Web","868523","196272","672251"
"Apsalar","Business Application","34706","10431","24275"
"Turner","Web","11580863","330172","11250691"
"Jamaica Gleaner","Web","844692","296451","548241"
"AAJTAK","Web","846063","127347","718716"
"DISTCC","Network Service","889","562","327"
"JAVA-RMI","Network Service","7985","4994","2991"
"Taobao Ad Network and Exchange","Web","2815","1636","1179"
"Amazon Cloud Drive","Web","1495376413","1444921500","50454913"
"Lazada","Web","64100164","2655337","61444827"
"Gettyimages","Web","775920","39429","736491"
"quic","Network Service","3157533","1380506","1777027"
"I2P Invisible Internet Project","Tunneling and VPN","25654","6968","18686"
"CPMSTAR","Web","487276","88829","398447"
"ADTECH","Web","671790","67295","604495"
"AOL One","Web","7719728","373644","7346084"
"Australian Broadcasting Corporation","Web","207456","7670","199786"
"Constant Contact","Web","1081071","51214","1029857"
"GitHub","Web","19693999","557168","19136831"
"Atlassian","Web","27009487","7334431","19675056"
"Internet.org","Web","223749","76363","147386"
"Kakaocdn","Infrastructure","7967315","176721","7790594"
"My.com","Web","148115","96031","52084"
"Aptoide","Web","28981","6428","22553"
"Helpshift","Web","757275","260550","496725"
"Winamax","Web","14128","2132","11996"
"LogMeIn","Remote Desktop","148226","6857","141369"
"Disney Channel","Web","3495324","129012","3366312"
"Localytics","Web","10337493","2281070","8056423"
"Microsoft Translator (Bing Translator)","Web","6373","986","5387"
"Perform","Web","145391","3075","142316"
"Periscope","Media","16240199","266250","15973949"
"Liveperson","Web","18461836","1625657","16836179"
"Zopim","Web","3365478","594857","2770621"
"Uptodown","Web","1384438","39905","1344533"
"Rollout","Web","1292780","505944","786836"
"Microsoft Excel Online (Office 365)","Web","98870267","68276833","30593434"
"Signal","Web","1624328","119673","1504655"
"Glympse","Web","14672","3015","11657"
"Riffsy (Tenor.co)","Web","5742254","1248708","4493546"
"QINIU","Web","4645","1612","3033"
"LKQD","Web","999550","375335","624215"
"Lookout Mobile Security","Business Application","1905717","75850","1829867"
"Bleacher Report","Web","86671","2261","84410"
"Umeng","Web","1048420","545005","503415"
"MobFox","Web","57505","23611","33894"
"Baidu Maps","Web","909815","161012","748803"
"QQVideo","Web","5638","768","4870"
"Slack","Web","180324257","7139366","173184891"
"ICY (I Can Yell)","Media","59939740","1079264","58860476"
"Younow","Web","116630070","53238325","63391745"
"Bazaarvoice","Web","11870959","1535262","10335697"
"MQ Telemetry Transport","Network Service","1061","728","333"
"Clicktale","Web","39709842","27678123","12031719"
"Adk2","Web","886161","25282","860879"
"CDNetworks","Infrastructure","391887","12541","379346"
"Constrained Application Protocol","Network Service","8733","5754","2979"
"Uptobox","Web","926842","100579","826263"
"Highwinds","Web","284951","18999","265952"
"Innovid","Web","234218551","7269024","226949527"
"StackExchange","Web","671728","13708","658020"
"StackOverflow","Web","61937","2912","59025"
"Wix","Web","8503682","904012","7599670"
"Tinder","Web","149053543","7095109","141958434"
"GIPHY","Web","460935750","11782697","449153053"
"Shutterstock","Web","15682","658","15024"
"Heroku","Web","4630822","391066","4239756"
"Hola","Web","51316","4236","47080"
"Clash of Clans","Gaming","25007056","1903899","23103157"
"Supercell","Gaming","2412197","440967","1971230"
"Cheetah Mobile","Web","89293","24884","64409"
"Microsoft Word Online (Office 365)","Business Collaboration","28990175","3725097","25265078"
"Microsoft Powerpoint Online (Office 365)","Business Collaboration","2691941","60062","2631879"
"OPC Unified Architecture","Web","2851","1630","1221"
"Signal Private Messenger (Open Whisper Systems)","Internet Instant Messaging","1120431","254734","865697"
"Tidal","Media","900616","110187","790429"
"StreamRail","Media","170869","25222","145647"
"Vidyard","Web","5215300","149330","5065970"
"OpenRTB","Web","131331","53582","77749"
"ADventori","Web","101670","24836","76834"
"Audible","Real Time Audio/Video","450446","121992","328454"
"Flashtalking","Web","7458756","1167815","6290941"
"Google Classroom","Web","1360846","714098","646748"
"Samsung Update","Web","6769273826","676565105","6092708721"
"ULP","Network Service","1277011","75150","1201861"
"Amazon Chime","Business Collaboration","5598321","2098355","3499966"
"MaxCDN","Web","130254","32034","98220"
"Lynda.com","Web","3648410","98816","3549594"
"Booking.com","Web","14770235","1075356","13694879"
"Walmart","Web","8820181","7001006","1819175"
"DocuSign","Web","148296","19953","128343"
"Automatic Data Processing (ADP)","Web","5866276","308195","5558081"
"Microsoft Power BI (Office 365)","Web","57761","5602","52159"
"Autodesk Fusion 360","Tunneling and VPN","3716679","87154","3629525"
"Gfycat","Web","36543040","656741","35886299"
"T-Mobile","Web","24437","12644","11793"
"Mongodb Protocol","Business Application","1061","728","333"
"Citrix Cloud","Web","11119324","2618430","8500894"
"Kahoot!","Web","61163","7037","54126"
"Sportradar","Web","2049596","125337","1924259"
"Wall Street Journal","Web","3354591","237540","3117051"
"ChinaNetCenter ","Web","5786","2102","3684"
"Niantic, Inc","Web","838155","134598","703557"
"Meitu","Web","8977566","1166305","7811261"
"Snow","Internet Instant Messaging","27098616","613830","26484786"
"Clash Royale","Gaming","2644069","823983","1820086"
"Origin","Web","5293","1008","4285"
"Mail.com","Email","536642","32565","504077"
"United Internet","Web","881749","26934","854815"
"Workplace By Facebook","Social Networking","11885613","2485483","9400130"
"shopee.tw","Web","9928414","1069494","8858920"
"Electronic Arts","Web","11065344","1002955","10062389"
"Kakao","Web","17975","5027","12948"
"Apptimize","Web","103250","37286","65964"
"UC Browser","Web","1225272","911340","313932"
"x_vpn","Tunneling and VPN","2027576519","135959264","1891617255"
"Mediascope","Web","6570","1390","5180"
"YouTube Kids","Media","285020591","8811871","276208720"
"Domain Name Service Crypt","Network Service","305713","129269","176444"
"Adtelligent","Web","1703709","824667","879042"
"Youtube Music","Media","79762688","5446584","74316104"
"Splunk Cloud","Storage and Backup","48955","19513","29442"
"9GAG","File Sharing","309518829","8867843","300650986"
"AnchorFree","Tunneling and VPN","536872","335057","201815"
"textPlus","Internet Instant Messaging","76577","24513","52064"
"Epic_games","Gaming","41809249","3051791","38757458"
"Unreal_engine","Gaming","16423833","6179656","10244177"
"IBM","Web","6182","520","5662"
"Grammarly","Web","55499446","30512651","24986795"
"TunnelBear VPN","Tunneling and VPN","8313","2601","5712"
"Ubisoft","Gaming","109143","38359","70784"
"Microsoft AD Right Management Service","Business Application","28560","21152","7408"
"RingCentral","Business Collaboration","351036","20044","330992"
"Google News","Web","354702","75898","278804"
"PlayerUnknown's BattleGrounds","Gaming","4876287","395710","4480577"
"Alibaba Group","Web","585818","107513","478305"
"Alibaba Cloud","Web","121869416","21502174","100367242"
"League of Legends","Gaming","18419","2713","15706"
"CarbonBlack website","Web","2049324","705308","1344016"
"Moonton","Gaming","13286","9736","3550"
"Mobile Legends","Gaming","660589532","60235732","600353800"
"ExpressVPN","Tunneling and VPN","1343449","636554","706895"
"Future_plc","Web","43334902","950693","42384209"
"Wish","Web","101767474","4660501","97106973"
"Google Play Books","Web","179532","15432","164100"
"ProtonMail","Email","1622778","110740","1512038"
"Minecraft","Gaming","12401927","1225834","11176093"
"WorkspaceOne","Web","129440","18953","110487"
"Google Takeout","Web","10596","1925","8671"
"Fandom","Web","19346715","719410","18627305"
"Tesla","Web","423736","138670","285066"
"AnonyTun","Tunneling and VPN","30054","10768","19286"
"W3Schools","Web","26565","3026","23539"
"OpenSignal","Web","137190","119092","18098"
"TripAdvisor","Web","15015921","468033","14547888"
"Moodle","Social Networking","21834120","525902","21308218"
"PubNub","Web","12789753","6471024","6318729"
"Unknown virtual protocol","Unclassified","3990203","205515","3784688"
"Gaana","Real Time Audio/Video","3519702","382165","3137537"
"Unknown virtual protocol","Unclassified","171481306","4178692","167302614"
"Unknown virtual protocol","Unclassified","1560967","124809","1436158"
"Unknown virtual protocol","Unclassified","8034","1256","6778"
"NetEase","Web","79907","23642","56265"
"Unknown virtual protocol","Unclassified","169829","126838","42991"
"Unknown virtual protocol","Unclassified","167882","21454","146428"
"Unknown virtual protocol","Unclassified","3652319","1175321","2476998"
"Unknown virtual protocol","Unclassified","145335546","2664913","142670633"
"Google Blog","Web","508789","31301","477488"
"Bumble","Web","66560338","3381826","63178512"
"Qwant","Web","114134","4406","109728"
"National Public Radio","Web","10367","851","9516"
"Acast","Real Time Audio/Video","392371","15230","377141"
"Raknet","Gaming","122883","33550","89333"
"Firework","Internet Instant Messaging","561913","73847","488066"
"Banggood","Web","51357","7911","43446"
"Bigo","Web","16746461","767288","15979173"
"Google Stadia","Web","415252","168552","246700"
"BAMTech","Real Time Audio/Video","43810074","26086271","17723803"
"Disney Plus","Real Time Audio/Video","11664289499","188983360","11475306139"
"Apple TV Plus","Real Time Audio/Video","2155747830","36416922","2119330908"
"Agora","Network Service","22736","16994","5742"
"Toutiao","Web","249609","18855","230754"
"Tuchong","Web","852685","790696","61989"
"Airbnb","Web","32002904","1743793","30259111"
"Activision-Blizzard","Web","1224437","21794","1202643"
"MediaLab","Web","93049","60894","32155"
"Wangwang","Internet Instant Messaging","1010370","563134","447236"
"Browsec VPN","Tunneling and VPN","37817152","7944852","29872300"
"Advanced Hosting","Web","21340","1714","19626"
"Workday","Business Application","26013170","3939210","22073960"
"BPI Mobile","Web","444274","77158","367116"
"Service Now","Web","41013700","3754597","37259103"
"StackPath","Web","54543","9810","44733"
"DoorDash","Web","23564136","11124069","12440067"
"Roblox","Gaming","572197722","46758083","525439639"
"Likee","Internet Instant Messaging","9283792","1847153","7436639"
"Citrix","Web","108069","35281","72788"
"Microsoft Dynamics","Business Application","140516","86470","54046"
"Digital Turbine","Web","348815146","7721468","341093678"
"Pluto TV","Real Time Audio/Video","703965911","17310317","686655594"
"Amber Weather","Web","10378","2392","7986"
"adRise","Real Time Audio/Video","440298","133305","306993"
"Tubi TV","Real Time Audio/Video","170100504","2873143","167227361"
"iFunny","Web","171662","21212","150450"
"Demandbase","Web","477932","26636","451296"
"Yubo","Internet Instant Messaging","3138009","224368","2913641"
"Minute Media","Web","7244971","175520","7069451"
"UserReport","Web","297503","48678","248825"
"Jitsi","Real Time Audio/Video","3038037","2318945","719092"
"Coursera","Web","75159926","2167516","72992410"
"The Blaze","Web","811718","19822","791896"
"E! Online","Web","10692317","265446","10426871"
"Hotels.com","Web","12025268","3451074","8574194"
"NHL.com","Web","333620663","8122363","325498300"
"Official Major League Baseball","Web","1236145","33848","1202297"
"Priceline.com","Web","5465213","1053630","4411583"
"RetailMeNot","Web","256295","16275","240020"
"BambooHR","Web","6626141","141877","6484264"
"Slickdeals","Web","94807","52325","42482"
"TIME","Web","45958","3588","42370"
"TMZ","Web","239024","6040","232984"
"United Airlines","Web","163037","74515","88522"
"OnlyFans","Web","3391","1844","1547"
"Nvidia","Web","261533","27376","234157"
"Geforce Now","Gaming","877390","382179","495211"
"Call of Duty Mobile","Gaming","955662284","33555153","922107131"
"The Walt Disney Company","Web","147934","40306","107628"
"Indiegogo","Web","497707","13626","484081"
"FedEx","Web","2372310","256069","2116241"
"Kayak","Web","1649707","47906","1601801"
"Rediff","Web","54392","25518","28874"
"Eventbrite","Web","5410365","158174","5252191"
"G-Core Labs","Web","21339","7449","13890"
"WarnerMedia","Web","386669232","9651495","377017737"
"Bilibili","Web","389483","8420","381063"
"Etahub","Web","75513","30930","44583"
"Riverbed","Tunneling and VPN","134562","37362","97200"
"RingCentralApp","Business Collaboration","18126","4732","13394"
"ZoomPhone","Business Collaboration","168508","80971","87537"
"ZoomCRC","Business Collaboration","3576","1728","1848"
