"Application","Category","Total Bytes","Bytes Received","Bytes Sent"
"Domain Name Service","Network Service","2091272906","1029315139","1061957767"
"eBay.com","Web","7983972","674219","7309753"
"Google Mail","Email","1513770228","138772028","1374998200"
"Google Search","Web","888162646","146768887","741393759"
"Google Maps","Web","119803610","10591645","109211965"
"HyperText Transfer Protocol","Web","4082315284","521974872","3560340412"
"HyperText Transfer Protocol Secure","Web","43684120496","2255695395","41428425101"
"Internet Control Message Protocol","Network Service","3912632334","2364807224","1547825110"
"Internet Message Access Protocol version 4","Email","103443677","37408957","66034720"
"Internet Protocol","Network Service","0","0","0"
"XMPP Protocol (Jabber)","Business Collaboration","55802233","2878749","52923484"
"Network Time Protocol","Network Service","2110363","1229308","881055"
"Real Time Protocol","Business Collaboration","949077882","429967999","519109883"
"Skype and Teams","Business Collaboration","32314184","6765990","25548194"
"Simple Object Access Protocol","Network Service","189692087","130274668","59417419"
"Secure Shell","Tunneling and VPN","127012659","67962982","59049677"
"Secure Socket Layer","Tunneling and VPN","103514497815","4249485994","99265011821"
"Session Traversal Utilities for NAT","Business Collaboration","780092","355186","424906"
"Transmission Control Protocol","Other TCP/UDP","30891182019","1042042226","29849139793"
"User Datagram Protocol","Other TCP/UDP","92600170963","13627269810","78972901153"
"Yahoo Mail v.2.0","Email","77075916","20487060","56588856"
"Youtube.com","Media","11212592543","605542572","10607049971"
"Facebook","Social Networking","55626374762","1609224652","54017150110"
"Google Ads","Web","1262519118","167163864","1095355254"
"Apple Generic Services","Web","14192690605","215321439","13977369166"
"Online Certificate Status Protocol","Business Application","17157123","6705333","10451790"
"Odnoklassniki.ru","Social Networking","298982609","5243776","293738833"
"Twitter","Social Networking","981994428","44332050","937662378"
"Yandex.ru","Web","53665060","40510453","13154607"
"iTunes","Media","1883967179","99083267","1784883912"
"Bing.com (formerly MSN Search)","Web","456789125","82165066","374624059"
"Windows Update","Web","6518689737","364989638","6153700099"
"Google Analytics,Google Marketing Platform","Web","213498025","60104366","153393659"
"Google GStatic","Web","1294228929","77489589","1216739340"
"GoToMeeting Online Meeting","Business Collaboration","57379112","41735624","15643488"
"Google Generic","Web","1092432875","227050529","865382346"
"Amazon Generic Services","Web","3739885489","1418364539","2321520950"
"Blogger","Web","10279269","367274","9911995"
"Weather.com","Web","31149382","3299539","27849843"
"WhatsApp Messenger","Internet Instant Messaging","16299900287","6571284573","9728615714"
"Apple App Store","Web","8385591223","170457491","8215133732"
"Windows Marketplace","Web","957615336","90568023","867047313"
"Apple Push Notification Service","Web","288767276","187111532","101655744"
"iOS over-the-air (OTA) update","Web","5623695053","73688471","5550006582"
"Google Play Store","Media","5271767828","324421999","4947345829"
"iCloud (Apple)","Storage and Backup","6943246594","771516181","6171730413"
"Instagram","Web","62703362775","2747835592","59955527183"
"Amazon Web Services/Cloudfront CDN","Infrastructure","15369949854","6455634345","8914315509"
"Akamai Technologies CDN","Web","1483291279","23909746","1459381533"
"ISO Base Media File Format","Real Time Audio/Video","1601174614","23892090","1577282524"
"Yahoo.com","Web","442568139","79222520","363345619"
"CloudFlare CDN","Infrastructure","5929405206","734337811","5195067395"
"Microsoft Office 365","Business Collaboration","1303783461","158778353","1145005108"
"Zoho Corporation","Business Application","152625834","99080420","53545414"
"Nokia Here API","Web","4869897","506925","4362972"
"Microsoft SharePoint Online (Office 365)","Business Application","1861347923","712771334","1148576589"
"Pinterest","Web","380813660","22927926","357885734"
"Microsoft Outlook (Office 365)","Business Application","1576660290","528131655","1048528635"
"Apple SIRI","Web","84444293","60122295","24321998"
"Apple HTTP Live Streaming","Real Time Audio/Video","1245145907","23465748","1221680159"
"Google Accounts","Web","109958913","29029948","80928965"
"Amazon Ad System","Web","173017532","32938417","140079115"
"Snapchat","Social Networking","12209743491","560847071","11648896420"
"AddThis","Web","27320304","1546493","25773811"
"ScorecardResearch","Web","22959148","8369642","14589506"
"Quantcast","Web","15224153","3597989","11626164"
"Telegram","Internet Instant Messaging","3163005201","78782020","3084223181"
"Oracle","Web","7208436","2079750","5128686"
"TRUSTe","Web","9454744","752646","8702098"
"Adobe","Business Application","105434847","21827985","83606862"
"Zendesk","Business Collaboration","13377690","898283","12479407"
"Google Safe Browsing","Web","17778114","5485086","12293028"
"Inneractive","Web","44378262","29237197","15141065"
"Flurry","Business Application","24205028","4645614","19559414"
"Samsung","Web","149548789","40792574","108756215"
"Crashlytics","Web","5793720","1334800","4458920"
"Facebook Messenger","Internet Instant Messaging","1666516930","674203425","992313505"
"InMobi","Web","35102149","13038715","22063434"
"AppsFlyer","Business Application","36105145","10933315","25171830"
"Mixpanel","Web","14280328","10818356","3461972"
"Smart AdServer","Web","130298050","12354416","117943634"
"Google Cloud Messaging","Web","127919550","33643036","94276514"
"Apple Location","Web","915477820","118855633","796622187"
"OpenX","Web","8900873","2535059","6365814"
"PubMatic","Web","87615371","49423165","38192206"
"Rubicon Project","Web","86658907","31697258","54961649"
"AppNexus","Web","214849424","91267432","123581992"
"Rlcdn","Web","14874647","1314868","13559779"
"HyperText Transfer Protocol version 2","Web","8211502363","765407155","7446095208"
"GitHub","Web","6615077","659994","5955083"
"Google Tag Manager","Web","230717482","15226268","215491214"
"Google Play Music","Media","806749","266166","540583"
"Adjust.com","Web","11277427","4101337","7176090"
"Scotiabank","Web","18396372","3447516","14948856"
"BootstrapCDN","Web","5403945","428091","4975854"
"Outbrain","Web","38522452","7346384","31176068"
"LogMeIn","Remote Desktop","1242695","128257","1114438"
"MoPub","Web","2208469","933722","1274747"
"Applovin","Web","396743789","135164322","261579467"
"Android connectivity Manager","Network Service","5766878","3117572","2649306"
"Moat","Web","90369979","25103827","65266152"
"Branch Metrics","Web","38071671","8943387","29128284"
"Optimizely","Web","99491466","27985660","71505806"
"Taboola","Web","140247827","17896456","122351371"
"Smaato","Web","6772878","2443136","4329742"
"MediaMath","Web","4510859","1661333","2849526"
"jQuery","Web","15690200","902783","14787417"
"Everest Technologies","Web","12014195","3364067","8650128"
"Microsoft OneDrive","Web","5898940704","5171824797","727115907"
"Microsoft","Web","3682106059","1133092907","2549013152"
"New Relic","Web","288474268","189722221","98752047"
"Liftoff","Web","521365","156433","364932"
"Conversant","Web","5925015","2633108","3291907"
"Adform","Web","10839759","2025323","8814436"
"HyperText Transfer Protocol proxy","Network Service","161223","66837","94386"
"Firebase Cloud Messaging","Web","166162669","35944126","130218543"
"IMO Video Calling Application","Media","1919585","638950","1280635"
"Bidswitch","Web","18831769","7037717","11794052"
"Sharethrough","Web","36824993","12831583","23993410"
"AdColony","Web","15800460","5500154","10300306"
"Yieldmo","Web","9683593","1923785","7759808"
"PulsePoint","Web","3630577","1164993","2465584"
"Amplitude","Web","57023367","48381431","8641936"
"Google Cloud Platform","Web","15300331","4748713","10551618"
"Microsoft teams","Internet Instant Messaging","2610088339","440620451","2169467888"
"Cisco","Web","2963271","1051039","1912232"
"IronSource","Business Application","101301321","8878740","92422581"
"Disqus","Web","11108504","927176","10181328"
"ByteDance","Web","550354668","55434214","494920454"
"TikTok (Musical.ly)","Social Networking","69408086720","1916407281","67491679439"
"Vungle","Web","241591699","7565080","234026619"
"Google APIs","Web","2337385843","1259684745","1077701098"
"Amazon Cognito","Web","16337976","5138801","11199175"
"Unknown virtual protocol","Unclassified","86285963","46078161","40207802"
"Google Pay","Web","9459477","1425400","8034077"
"DoorDash","Web","665678787","366958392","298720395"
"Likee","Internet Instant Messaging","7348029","1864559","5483470"
"Acronis Cloud","Web","472855336","285796965","187058371"
"Acronis Backup","File Sharing","3260890010","229382860","3031507150"
"KOCHAVA","Web","1606246","456911","1149335"
"Pendo","Web","24453963","7936853","16517110"
"Go Daddy","Web","146163588","73561712","72601876"
"Contentful","Web","141447437","9515232","131932205"
"Digicert","Web","9550095","3221770","6328325"
"SD-WAN Control","SD-WAN","16095099289","8828666549","7266432740"
"SD-WAN Management","SD-WAN","4215881893","1720855656","2495026237"
"TencentMeeting","Business Collaboration","113621430","41081917","72539513"
"Internet Message Access Protocol Secure","Email","18235018","3554851","14680167"
"QQ","Internet Instant Messaging","12430291","1824009","10606282"
"Simple Network Management Protocol","Management","1245643","1245643","0"
"Wikipedia.com","Web","14424295","642335","13781960"
"Windows Live Hotmail","Email","132257345","11896250","120361095"
"Secure AIM","Internet Instant Messaging","326891","51076","275815"
"Flickr","Social Networking","23096","8348","14748"
"LinkedIn","Social Networking","364484216","142321793","222162423"
"Mail.ru Webmail","Email","136022","21289","114733"
"Xbox Live","Gaming","20942816","4284349","16658467"
"Foursquare.com","Web","324023","92807","231216"
"Spotify","Media","2036649015","95332464","1941316551"
"TeamViewer","Remote Desktop","806789","374393","432396"
"Baidu.com","Web","60373747","3965650","56408097"
"Teredo protocol","Tunneling and VPN","2277342","2138966","138376"
"Chrome Update","Web","211416192","10883346","200532846"
"Opera Update","Web","1657410","496594","1160816"
"Viber","Real Time Audio/Video","43659185","3866156","39793029"
"Netflix.com","Media","25542651049","265745313","25276905736"
"Google Translate","Web","7512036","1994674","5517362"
"Psiphon","Web","5904044","4612210","1291834"
"Portal.TidalTV.com","Web","1040661","262703","777958"
"AccuWeather","Web","3084123","424551","2659572"
"Nike.com","Web","59339282","8750622","50588660"
"Sprint.com","Web","95890","28596","67294"
"QQ WeiBo","Web","101388","19882","81506"
"Google App Engine","Business Application","11950682","263023","11687659"
"Apple FaceTime","Real Time Audio/Video","23898501042","12599664226","11298836816"
"Samsung Apps","Web","62205152","9816392","52388760"
"Amazon Prime Video","Media","27950467","3239056","24711411"
"QQ.com","Web","291453317","2045411","289407906"
"163.com","Web","671621","532554","139067"
"360.cn","Web","312987","274125","38862"
"Limelight Networks CDN","Web","2003362970","35627395","1967735575"
"Microsoft Azure (previously Windows Azure)","Infrastructure","92730141","7294010","85436131"
"Datagram Transport Layer Security","Tunneling and VPN","290299596","84609012","205690584"
"WeChat","Internet Instant Messaging","191435927","8270385","183165542"
"QQ Games","Gaming","230512","17364","213148"
"QQ News","Web","127013","8629","118384"
"Tencent.com","Internet Instant Messaging","126381","58390","67991"
"Google Talk (incl. Hangouts and Allo and Duo)","Real Time Audio/Video","485897087","256666653","229230434"
"Reddit.com","Web","1618193752","40650069","1577543683"
"Google Documents (aka Google Drive)","Storage and Backup","73915013","38059611","35855402"
"Aol","Web","836222","109365","726857"
"Gameloft Games","Gaming","20364841","3989271","16375570"
"Turn","Web","2701462","687252","2014210"
"Candy Crush Saga","Gaming","17437622","6219351","11218271"
"King Digital Entertainment","Gaming","3255494","988564","2266930"
"Symantec","Web","941770","260366","681404"
"Bitstrips","Social Networking","272592725","11633086","260959639"
"Criteo","Web","85823072","19157988","66665084"
"Gravatar","Business Collaboration","1754978","307265","1447713"
"Xiaomi","Web","14013160","1286396","12726764"
"Nielsen","Web","2810408","527509","2282899"
"zalo","Internet Instant Messaging","472782519","223573817","249208702"
"Stickyads","Web","10997362","6296651","4700711"
"Cedexis","Web","14576255","3937273","10638982"
"Google Cloud Storage","Web","9321670589","8605935677","715734912"
"Google Calendar","Web","21292227","8533302","12758925"
"Flipboard","Web","9890135","1305116","8585019"
"Index Exchange (previously Casale Media)","Web","31134611","9057564","22077047"
"LOTAME","Web","12509721","2368486","10141235"
"ADTECH","Web","682399","33555","648844"
"Sizmek (previously MediaMind)","Web","63994904","3034338","60960566"
"Advertising.com","Web","2961104","860242","2100862"
"Facebook Embedded Video","Media","4805316885","50827522","4754489363"
"Ad Safe Protected","Web","78728576","13108455","65620121"
"Helpshift","Web","652740","189833","462907"
"Urbanairship","Web","1975854","669237","1306617"
"Apple Music","Media","1394893403","21645785","1373247618"
"Unruly","Web","2816021","1342175","1473846"
"Rogers TV","Web","44256590","4122021","40134569"
"Localytics","Web","2489094","461834","2027260"
"Krux","Web","7360554","952851","6407703"
"Microsoft Office OneNote (Office 365)","Business Application","256701","37186","219515"
"Heap","Web","88127099","46822148","41304951"
"Rackspace","Web","1209100701","57154969","1151945732"
"Riffsy (Tenor.co)","Web","12271646","267626","12004020"
"Ensighten","Web","3640798","402510","3238288"
"Verizon","Web","1985328","915790","1069538"
"SpotXchange","Web","2531327","696234","1835093"
"Revcontent","Web","36687915","10708030","25979885"
"Google Photos (formerly Google Picasa)","Web","176458665","147491019","28967646"
"QQVideo","Web","1175256","32139","1143117"
"Teads","Web","29948434","3999306","25949128"
"hotjar","Web","76139261","48121922","28017339"
"ZoomMeetings","Business Collaboration","37458703","3980743","33477960"
"Innovid","Web","92234472","1479637","90754835"
"GIPHY","Web","301244279","4047991","297196288"
"Clash of Clans","Gaming","726662981","4483895","722179086"
"Supercell","Gaming","26069189","418178","25651011"
"Amazon Music","Media","33528283","2677241","30851042"
"Microsoft Word Online (Office 365)","Business Collaboration","23721674","398094","23323580"
"StreamRail","Media","174083","55345","118738"
"Bugsnag","Web","1905498","857604","1047894"
"Apple Game Center","Gaming","9514073","2437815","7076258"
"Google Classroom","Web","275610","52073","223537"
"Huawei","Web","1019176","376454","642722"
"MGID","Web","5519778","247616","5272162"
"AnyDesk","Remote Desktop","196712","73929","122783"
"Naij","Web","204620","18713","185907"
"DoubleVerify","Web","78809625","15122559","63687066"
"Media Innovation Group","Web","1057828","326125","731703"
"Zhihu","Web","2021301","64118","1957183"
"Okta","Web","78770668","12674932","66095736"
"eXelate","Web","1266300","356150","910150"
"Autodesk Fusion 360","Tunneling and VPN","2729081","486747","2242334"
"Sonobi","Web","9815055","3643390","6171665"
"Cloudinary","Web","87139387","997365","86142022"
"Google Secure User Plane Location","Web","1197794","266661","931133"
"Electronic Arts","Web","2679181337","65827307","2613354030"
"Akamai Video","Media","972341","224386","747955"
"Tenor","Web","444941125","4921152","440019973"
"Splunk Cloud","Storage and Backup","676568","440619","235949"
"Grammarly","Web","13555671","4407366","9148305"
"Simpli.fi","Web","1929399","412698","1516701"
"Apple News","Web","186867602","6743626","180123976"
"Unknown virtual protocol","Unclassified","4501905588","77956559","4423949029"
"Unknown virtual protocol","Unclassified","895280","105097","790183"
"Unknown virtual protocol","Unclassified","55590698","5649878","49940820"
"NetEase","Web","134016968","4014178","130002790"
"Google Messages","Internet Instant Messaging","14330067","2407019","11923048"
"Wibu Codemeter","Network Service","5536","3248","2288"
"Quora","Social Networking","7893869","893452","7000417"
"Yubo","Internet Instant Messaging","224432","57037","167395"
"NHL.com","Web","214503743","6515706","207988037"
"Geforce Now","Gaming","90099583","2803602","87295981"
"Bilibili","Web","37360499","2237080","35123419"
"Font Awesome","Web","11352505","880437","10472068"
"Intercom","Web","137766992","47907209","89859783"
"BitTorrent","Peer to Peer","10606","1416","9190"
"Dailymotion.com","Media","264634","54327","210307"
"Google Earth","Web","17532820","815417","16717403"
"Google Groups","Social Networking","30294","10505","19789"
"IPsec (AH and ESP)","Tunneling and VPN","1696224527","870878418","825346109"
"Internet Security Association and Key Management Protocol","Tunneling and VPN","1181519845","137153094","1044366751"
"McAfee Client update","Business Application","154799730","7047284","147752446"
"Post Office Protocol (Version 3)","Email","924559","11300","913259"
"Secure POP3","Email","82796","32828","49968"
"Point-to-Point Tunneling Protocol","Tunneling and VPN","384","198","186"
"Remote Authentication Dial-In User Service","Authentication","370","106","264"
"Real Time Control Protocol","Business Collaboration","56382","29180","27202"
"SAP","Business Application","709360","176922","532438"
"Session Initiation Protocol","Business Application","6725","2008","4717"
"Simple Mail Transfer Protocol","Email","84182","36777","47405"
"Simple Mail Transfer Protocol Secure","Email","78843","57835","21008"
"Secure TELNET","Network Service","1673","670","1003"
"Yahoo Search","Web","1988835","121397","1867438"
"Xunlei/Thunder protocol","Peer to Peer","10126","5926","4200"
"Ask.com","Web","2441173","185970","2255203"
"Expedia.fr","Web","5362340","609751","4752589"
"Travelocity.com","Web","34800","3976","30824"
"Realtor.com","Web","23762","4548","19214"
"WordPress.com","Social Networking","14177245","567544","13609701"
"Real Time Messaging Protocol","Network Service","9660","4555","5105"
"Steampowered.com","Gaming","57662551819","1592355418","56070196401"
"World of Warcraft","Gaming","591","204","387"
"Badoo.com","Internet Instant Messaging","19196","2361","16835"
"Bolt","Web","127123","10534","116589"
"CouchSurfing","Web","8818","1190","7628"
"Last.fm","Media","309076","22904","286172"
"LibraryThing.com","Web","320306","10980","309326"
"ResearchGATE.net","Web","31573045","365751","31207294"
"Tumblr","Social Networking","3012534","98241","2914293"
"Vk.com (Vkontakte)","Social Networking","180977","14323","166654"
"Vox.com","Web","27455","1486","25969"
"Yelp.com","Web","949854","15330","934524"
"Adobe Update Manager","Web","267616206","2891870","264724336"
"Adobe Flash Plugin Update","Web","17003","2329","14674"
"Firefox Update","Web","7370","2264","5106"
"Java Update","Web","40232","1157","39075"
"Apple Update","Web","13726575","202903","13523672"
"BitDefender Update","Web","663988","190405","473583"
"Box","File Sharing","2667933","112744","2555189"
"Dropbox","Storage and Backup","22514517","17772281","4742236"
"iHeartRADIO","Media","347951","19662","328289"
"Salesforce","Business Application","13333534","5143510","8190024"
"YouKu","Media","38001966","869649","37132317"
"WebEx","Business Collaboration","42547","2099","40448"
"ABCNews","Web","391962","11403","380559"
"Adobe Acrobat DC (Document Cloud)","Web","399447","142931","256516"
"AmericanExpress","Web","6258977","3822252","2436725"
"Capital One","Web","1186496","55969","1130527"
"Cnet.com","Web","125384","7451","117933"
"CNN (Cable News Network)","Web","20705420","1443392","19262028"
"Comcast","Web","4984044","24779","4959265"
"Daily Mail","Web","32582879","1082043","31500836"
"Daum.net","Web","1692070","97178","1594892"
"Fox News","Web","28076195","3212252","24863943"
"FoxSports.com","Web","1288530","134691","1153839"
"Groupon","Web","9297185","892476","8404709"
"IKEA.com","Web","9779175","1296816","8482359"
"Intuit.com","Business Application","101355","3183","98172"
"Kaspersky.com","Web","163382","67937","95445"
"Monster.com","Web","21312","4853","16459"
"Mozilla.com - Mozilla.org","Web","7614293","1147063","6467230"
"Naver Corporation (formerly NHN Corporation)","Web","9382143","1084814","8297329"
"NBA.com","Web","480065","52136","427929"
"National Football League (NFL.com)","Web","146467","7041","139426"
"NYTimes.com","Web","876386","112243","764143"
"Redtube","Web","24908","1853","23055"
"Vimeo","Web","653158675","5396818","647761857"
"WashingtonPost.com","Web","3553840","110056","3443784"
"Xbox","Gaming","192110","28441","163669"
"XNXX","Web","57492405","1463304","56029101"
"Youdao.com","Web","21540","7706","13834"
"Sina.com.cn","Internet Instant Messaging","6997144","371481","6625663"
"Sina Weibo","Web","958896915","8641581","950255334"
"Taobao","Web","472682490","1899660","470782830"
"GMX webmail","Email","398314","55245","343069"
"Line","Internet Instant Messaging","9321529","727307","8594222"
"Hulu","Media","9984","3225","6759"
"Shazam","Web","357208","40198","317010"
"SoundCloud","Media","204590593","5971726","198618867"
"KakaoTalk","Internet Instant Messaging","602302","179276","423026"
"Alipay","Web","41361","9891","31470"
"Sogou.com","Web","1353580","582362","771218"
"cnzz.com","Web","1539","637","902"
"Alibaba.com","Web","110856258","1580930","109275328"
"iQiyi","Web","1803","857","946"
"Soku.com","Web","41624","10058","31566"
"51.la","Web","60147","28857","31290"
"EverQuest - EverQuest II","Gaming","28059172","588615","27470557"
"Zynga.com","Gaming","544264","135546","408718"
"MiTalk Messenger (Miliao)","Internet Instant Messaging","920672","40876","879796"
"Rakuten.co.jp","Web","1042973","265492","777481"
"Pixiv.net","Web","18482","5297","13185"
"Ctrip.com","Web","1124171","236446","887725"
"QQ Mail","Email","705140","46867","658273"
"Pornhub","Web","25275","4132","21143"
"iperf","File Sharing","637424","483672","153752"
"Speedtest","File Sharing","25638","10562","15076"
"ESPN.go.com","Web","12113367","576176","11537191"
"BuzzFeed.com","Web","45873818","1518968","44354850"
"Internet Movie Database","Web","3779996","296487","3483509"
"Imgur.com","Storage and Backup","26340001","500623","25839378"
"xHamster.com","Web","97447","57646","39801"
"Evernote","Web","764183","332403","431780"
"JingDong","Web","1099599","17824","1081775"
"Apple Maps","Web","812726","61124","751602"
"WebSocket","Network Service","108755","37028","71727"
"Issuu.com","Web","10658685","216574","10442111"
"LastPass.com","Web","92297","23918","68379"
"Mendeley.com","File Sharing","42506","10789","31717"
"Saavn Bollywood Music","Media","218257","14002","204255"
"Paypal.com","Web","15760096","2177363","13582733"
"BBC","Web","12731837","748967","11982870"
"T-Online.de","Web","7579","548","7031"
"Marca.com","Web","40126","15784","24342"
"24h.com.vn","Web","2620701","203435","2417266"
"Bluewin.ch","Web","19889","3090","16799"
"Dantri.com.vn","Web","14141","3655","10486"
"Indiatimes","Web","302733","14612","288121"
"Kijiji.ca","Web","24699953","1757928","22942025"
"Background Intelligent Transfer Service","File Sharing","154250355","9536210","144714145"
"OpenGW (VPN Gate)","Tunneling and VPN","555125","89363","465762"
"Conviva","Infrastructure","1889233","989175","900058"
"EdgeCast Networks CDN","Infrastructure","35171","9420","25751"
"AliExpress.com","Web","432975874","48004873","384971001"
"Coccoc.com","Web","206224","40151","166073"
"Wp.pl","Web","303522","61284","242238"
"Flipkart.com","Web","76249","18852","57397"
"VnExpress.net","Web","1847105","272824","1574281"
"Zing.vn","Web","251012","219802","31210"
"Gazetaexpress","Web","12844713","110491","12734222"
"Fox Business Network","Web","790036","47210","742826"
"Telegrafi","Web","14086715","561546","13525169"
"Yadro","Web","23727","8490","15237"
"Fsecure","Web","57083","13244","43839"
"Traffic Factory","Business Application","25379474","502698","24876776"
"Brightcove","Media","91796601","1917696","89878905"
"Twitch","Media","976584466","7642927","968941539"
"BoldChat Live Chat","Internet Instant Messaging","697840","260047","437793"
"FreeWheel","Web","820947","326550","494397"
"Turner","Web","2125115","76862","2048253"
"battlenet","Gaming","453667440","15369243","438298197"
"Taobao Ad Network and Exchange","Web","175971","46245","129726"
"Hootsuite","Web","117857","3704","114153"
"Amazon Cloud Drive","Web","25486229","23277524","2208705"
"Jumia","Web","22683","1580","21103"
"Lazada","Web","2044342","62596","1981746"
"Gettyimages","Web","5888209","227391","5660818"
"quic","Network Service","3023052","1053464","1969588"
"CPMSTAR","Web","59476","12810","46666"
"AOL One","Web","5968131","267868","5700263"
"Realestate","Web","210477","40754","169723"
"Constant Contact","Web","2489004","78144","2410860"
"Internet.org","Web","37387","21446","15941"
"Kakaocdn","Infrastructure","435600","18401","417199"
"My.com","Web","76727","38973","37754"
"Atlas Solutions","Web","337308","116452","220856"
"Diply","Web","372984","16809","356175"
"CBS Video","Web","1318505","87730","1230775"
"Jasmin","Web","14335","2070","12265"
"Fastly","Web","4831576","439640","4391936"
"Disney Channel","Web","2235048","64368","2170680"
"UpLynk","Web","4366124","164289","4201835"
"NBC","Web","5104355","112961","4991394"
"Olark","Web","605068","30127","574941"
"Liveperson","Web","25833334","3019400","22813934"
"Zopim","Web","1446178","274994","1171184"
"Mapbox","Web","6043315","466827","5576488"
"Rollout","Web","126439","20932","105507"
"Signal","Web","1896392","221389","1675003"
"LiveChat","Web","2767322","154285","2613037"
"Tune","Web","40487","19371","21116"
"Braintree","Web","1329393","34808","1294585"
"LKQD","Web","494998","139168","355830"
"TubeMogul","Web","1388744","195601","1193143"
"Bleacher Report","Web","779944","19018","760926"
"Google Web Light","Web","8681","594","8087"
"Umeng","Web","179925","102072","77853"
"MobFox","Web","45688","11946","33742"
"Baidu Maps","Web","23769","10144","13625"
"Uber (formerly UberCab)","Web","3540310","318956","3221354"
"Slack","Web","1698253","619621","1078632"
"ICY (I Can Yell)","Media","247383414","20529794","226853620"
"Younow","Web","957060","450310","506750"
"Bazaarvoice","Web","11091608","1204951","9886657"
"MQ Telemetry Transport","Network Service","26145","14723","11422"
"Clicktale","Web","11915982","9543779","2372203"
"Pokemon GO","Gaming","12395838","971660","11424178"
"Weborama","Web","134031","33361","100670"
"Highwinds","Web","28415040","166041","28248999"
"StackExchange","Web","1824897","102249","1722648"
"StackOverflow","Web","1576033","41152","1534881"
"Wix","Web","98009430","20095160","77914270"
"Tinder","Web","464928","95847","369081"
"Shutterstock","Web","43261","1820","41441"
"Heroku","Web","5542299","465419","5076880"
"Signal Private Messenger (Open Whisper Systems)","Internet Instant Messaging","3203746","433785","2769961"
"Nintendo","Gaming","344084005","38545490","305538515"
"ADventori","Web","110539","25249","85290"
"Tealium","Web","8220007","1721563","6498444"
"Flashtalking","Web","30327027","2294455","28032572"
"Samsung Update","Web","4489659960","45229770","4444430190"
"ULP","Network Service","36250","5974","30276"
"Livescore","Web","156108","13255","142853"
"Savefrom","Web","117521","20205","97316"
"MaxCDN","Web","53300","10135","43165"
"Booking.com","Web","22627484","2955865","19671619"
"Walmart","Web","4127608","2620182","1507426"
"Avast","Web","2872871","276994","2595877"
"DocuSign","Web","2510020","124090","2385930"
"Automatic Data Processing (ADP)","Web","4791867","58764","4733103"
"Duodecad IT Services","Web","10515656","108444","10407212"
"Gfycat","Web","8514219","149645","8364574"
"Vivox","Internet Instant Messaging","3093871","616065","2477806"
"Sportradar","Web","50480","8872","41608"
"Niantic, Inc","Web","189372","16819","172553"
"Origin","Web","46342502084","709964031","45632538053"
"Instructure","Web","280644","14374","266270"
"Mail.com","Email","144004","30927","113077"
"United Internet","Web","354867","30561","324306"
"shopee.tw","Web","125286","2177","123109"
"Facebook Lite","Social Networking","13848612","3307782","10540830"
"Kakao","Web","105208","24526","80682"
"Digioh","Web","1216752","36577","1180175"
"Apptimize","Web","176404","56756","119648"
"UC Browser","Web","392991","172918","220073"
"Mediascope","Web","53736","11104","42632"
"Data Saver","Web","197660","24041","173619"
"Domain Name Service Crypt","Network Service","334262","112728","221534"
"Adtelligent","Web","3364169","1325186","2038983"
"Youtube Music","Media","276329","9939","266390"
"Appnext","Web","323699","12275","311424"
"Fox Networks","Web","401509","46769","354740"
"9GAG","File Sharing","22525823","837545","21688278"
"Text Me","Internet Instant Messaging","421703","119387","302316"
"Libon","Media","457780","42453","415327"
"textPlus","Internet Instant Messaging","1668599","523074","1145525"
"Epic_games","Gaming","93836399480","2483095673","91353303807"
"Unreal_engine","Gaming","51256232","1518304","49737928"
"Voxer","Internet Instant Messaging","26568","7517","19051"
"Microsoft AD Right Management Service","Business Application","110705","52864","57841"
"Barracuda Networks","Web","47991","11895","36096"
"RingCentral","Business Collaboration","16310","2075","14235"
"Google News","Web","3149231","456013","2693218"
"Visual IQ","Web","409042","136823","272219"
"Alibaba Group","Web","2820816","1189842","1630974"
"Alibaba Cloud","Web","708876699","129348006","579528693"
"Discord","Internet Instant Messaging","397671951","14540768","383131183"
"Easy Anti-Cheat","Web","513199","95842","417357"
"Future_plc","Web","63749","1550","62199"
"Inskin","Web","15503","3074","12429"
"Wish","Web","536461","111506","424955"
"Google Play Books","Web","93184","4935","88249"
"ProtonMail","Email","23168","3989","19179"
"Singapore Government","Web","752727","26632","726095"
"Basecamp","Business Application","23947","7652","16295"
"iBooks","Web","90650","19859","70791"
"Fandom","Web","6028944","167878","5861066"
"Google GSuite","Web","788394","116869","671525"
"AnonyTun","Tunneling and VPN","51637","24889","26748"
"OpenSignal","Web","6503","2374","4129"
"Megaphone","Web","19240422","243669","18996753"
"TripAdvisor","Web","25188330","1286588","23901742"
"Moodle","Social Networking","79068261","2666461","76401800"
"PubNub","Web","1050042","380424","669618"
"Unknown virtual protocol","Unclassified","10547","7625","2922"
"Unknown virtual protocol","Unclassified","52618293","47488091","5130202"
"Unknown virtual protocol","Unclassified","175681858","1300268","174381590"
"Bumble","Web","814172","40464","773708"
"Wireguard","Tunneling and VPN","2524300462","1201521368","1322779094"
"Firework","Internet Instant Messaging","7126105","166768","6959337"
"JWPLAYER","Web","560122194","14536767","545585427"
"Google Stadia","Web","12262","2716","9546"
"BAMTech","Real Time Audio/Video","15007310","9130622","5876688"
"Disney Plus","Real Time Audio/Video","1893613241","9154997","1884458244"
"Rockwell Automation","Web","14139","2790","11349"
"Agora","Network Service","6333","1102","5231"
"Grand Theft Auto 5","Gaming","209129","74307","134822"
"Tuchong","Web","333964","298983","34981"
"Airbnb","Web","675843","32878","642965"
"Rockstar Games","Gaming","4715484","139792","4575692"
"Netease Games","Gaming","1133890","359358","774532"
"Baidu Tieba","Social Networking","66214","27157","39057"
"Wangwang","Internet Instant Messaging","460440","233046","227394"
"Workday","Business Application","25511350","701455","24809895"
"Shopify","Web","154639827","14239058","140400769"
"LocationIQ","Web","4151","665","3486"
"StackPath","Web","2191690730","59367936","2132322794"
"Uber Eats","Web","267882","101115","166767"
"Houseparty","Real Time Audio/Video","68325","8590","59735"
"Citrix","Web","98679","27840","70839"
"Microsoft Dynamics","Business Application","347139","20248","326891"
"Digital Turbine","Web","41223","9821","31402"
"adRise","Real Time Audio/Video","31288","5544","25744"
"Tubi TV","Real Time Audio/Video","6036442","271297","5765145"
"Demandbase","Web","145903","9101","136802"
"Sift Science","Web","549709","161127","388582"
"Amazon Alexa Assistant","Business Collaboration","253158","57905","195253"
"Spotify Audio","Real Time Audio/Video","1006760732","5279277","1001481455"
"Connatix","Real Time Audio/Video","169476151","2507469","166968682"
"Minute Media","Web","4328867","179841","4149026"
"UserReport","Web","1877860","439152","1438708"
"Xbox Cloud Gaming","Gaming","73141","25096","48045"
" Revolut","Web","2541202","92397","2448805"
"Hotels.com","Web","53375","6188","47187"
"Indeed","Web","23255467","4959434","18296033"
"The Free Dictionary","Web","1199","628","571"
"TMZ","Web","6973127","95026","6878101"
"Nvidia","Web","1027251386","10370098","1016881288"
"The Walt Disney Company","Web","7798484","1053910","6744574"
"Wired","Web","4191532","44037","4147495"
"FedEx","Web","7083055","591097","6491958"
"Kayak","Web","2753785","63509","2690276"
"Eventbrite","Web","3275705","69096","3206609"
"G-Core Labs","Web","52375","17650","34725"
"WarnerMedia","Web","45970355","1107166","44863189"
"Datadog","Web","119452","74798","44654"
"Unknown virtual protocol","Unclassified","49175","20741","28434"
"ShoreTel","Business Collaboration","4652","2997","1655"
