"Application","Category","Total Bytes","Bytes Received","Bytes Sent"
"Domain Name Service","Network Service","1407294503","726811593","680482910"
"Google Mail","Email","1875017847","349603817","1525414030"
"Google Search","Web","771708010","94115115","677592895"
"HyperText Transfer Protocol","Web","3442585463","367236282","3075349181"
"HyperText Transfer Protocol Secure","Web","23493108844","2266220059","21226888785"
"Internet Control Message Protocol","Network Service","3991717288","2398460690","1593256598"
"Internet Message Access Protocol version 4","Email","103675422","37499981","66175441"
"Internet Message Access Protocol Secure","Email","19216222","5187446","14028776"
"Internet Protocol","Network Service","0","0","0"
"XMPP Protocol (Jabber)","Business Collaboration","3936732","651021","3285711"
"Network Time Protocol","Network Service","1142277","656897","485380"
"Skype and Teams","Business Collaboration","249954662","45625856","204328806"
"Server Message Block (Windows File Server)","File Sharing","33319","23172","10147"
"Simple Object Access Protocol","Network Service","2545747745","676184246","1869563499"
"Secure Shell","Tunneling and VPN","114419892","61104240","53315652"
"Secure Socket Layer","Tunneling and VPN","24439572818","3823423069","20616149749"
"Transmission Control Protocol","Other TCP/UDP","4176535501","1273832035","2902703466"
"User Datagram Protocol","Other TCP/UDP","91399556114","10605043086","80794513028"
"Yahoo Mail v.2.0","Email","73916266","10359039","63557227"
"Youtube.com","Media","6165491879","431409142","5734082737"
"Facebook","Social Networking","39768470719","1392841912","38375628807"
"Google Ads","Web","1264973821","260263389","1004710432"
"Windows Live Hotmail","Email","247422994","38895037","208527957"
"LinkedIn","Social Networking","517641082","44944791","472696291"
"Apple Generic Services","Web","15224756954","777874652","14446882302"
"Online Certificate Status Protocol","Business Application","12876061","5115642","7760419"
"iTunes","Media","3686508562","128783566","3557724996"
"Spotify","Media","1346485052","86440714","1260044338"
"TeamViewer","Remote Desktop","417570530","219196708","198373822"
"Bing.com (formerly MSN Search)","Web","373396992","53854260","319542732"
"Windows Update","Web","13557732582","770596250","12787136332"
"Trendmicro Update protocol","Web","2559450","1265854","1293596"
"Netflix.com","Media","17498778422","225051576","17273726846"
"Google Analytics,Google Marketing Platform","Web","311848589","141796230","170052359"
"Google GStatic","Web","2131308860","635440999","1495867861"
"Google Generic","Web","1019612070","145185638","874426432"
"Amazon Generic Services","Web","4125003912","1029099822","3095904090"
"WhatsApp Messenger","Internet Instant Messaging","6967690134","2720842535","4246847599"
"Apple App Store","Web","7572973038","175614006","7397359032"
"Windows Marketplace","Web","3686275793","288180822","3398094971"
"Apple Push Notification Service","Web","285157783","173556914","111600869"
"iOS over-the-air (OTA) update","Web","7447202486","411430675","7035771811"
"Samsung Apps","Web","24661970","4586231","20075739"
"Google Play Store","Media","653126065","96761738","556364327"
"iCloud (Apple)","Storage and Backup","5935067258","3584711611","2350355647"
"Instagram","Web","42050604632","1517405462","40533199170"
"Amazon Web Services/Cloudfront CDN","Infrastructure","4711519670","691598445","4019921225"
"Microsoft Azure (previously Windows Azure)","Infrastructure","447562558","8678150","438884408"
"Datagram Transport Layer Security","Tunneling and VPN","674971269","161724659","513246610"
"Google Talk (incl. Hangouts and Allo and Duo)","Real Time Audio/Video","86230526","32474715","53755811"
"CloudFlare CDN","Infrastructure","4156760116","181438780","3975321336"
"Microsoft Office 365","Business Collaboration","1625676953","119320764","1506356189"
"Zoho Corporation","Business Application","121396075","83244442","38151633"
"Pinterest","Web","164338595","11240745","153097850"
"Microsoft Outlook (Office 365)","Business Application","1639732064","335246194","1304485870"
"Reddit.com","Web","1526202207","46055782","1480146425"
"Apple SIRI","Web","103848267","80012564","23835703"
"Google Accounts","Web","111527042","32741328","78785714"
"Amazon Ad System","Web","214622532","40317568","174304964"
"Snapchat","Social Networking","4387596459","315019193","4072577266"
"ScorecardResearch","Web","14729624","4353963","10375661"
"Quantcast","Web","10289089","1995794","8293295"
"Adobe","Business Application","1250372783","107139380","1143233403"
"Samsung","Web","115150687","45774496","69376191"
"Facebook Messenger","Internet Instant Messaging","1454545131","699081308","755463823"
"AppsFlyer","Business Application","27697028","10719754","16977274"
"Google Cloud Storage","Web","3210472254","3039534260","170937994"
"Google Cloud Messaging","Web","74073146","16832613","57240533"
"Apple Location","Web","3071543371","205417522","2866125849"
"HyperText Transfer Protocol version 2","Web","6096967041","624598267","5472368774"
"Google Tag Manager","Web","188787410","11911652","176875758"
"Adjust.com","Web","9955564","3708665","6246899"
"Scotiabank","Web","8429801","4551205","3878596"
"BootstrapCDN","Web","2952242","226910","2725332"
"Android connectivity Manager","Network Service","8201384","4285190","3916194"
"Heap","Web","49482363","33066459","16415904"
"Branch Metrics","Web","111202578","9638179","101564399"
"Microsoft OneDrive","Web","1701638807","1145104906","556533901"
"Microsoft","Web","2435769739","655725991","1780043748"
"New Relic","Web","189166989","57209898","131957091"
"hotjar","Web","23930173","11095067","12835106"
"HyperText Transfer Protocol proxy","Network Service","330305898","102388461","227917437"
"Firebase Cloud Messaging","Web","217938781","85251103","132687678"
"Booking.com","Web","31712088","3633506","28078582"
"Google Cloud Platform","Web","19298094","4183931","15114163"
"Cisco","Web","4848878","2055864","2793014"
"TikTok (Musical.ly)","Social Networking","29113372856","1349682103","27763690753"
"Discord","Internet Instant Messaging","1366804535","102770353","1264034182"
"Google APIs","Web","1977155878","648077559","1329078319"
"Amazon Cognito","Web","34669247","13064341","21604906"
"Unknown virtual protocol","Unclassified","1093374981","52224140","1041150841"
"MediaLab","Web","49986","21301","28685"
"Digicert","Web","7243483","2521357","4722126"
"Intercom","Web","97935304","39608972","58326332"
"SD-WAN Control","SD-WAN","27564470650","14988549416","12575921234"
"SD-WAN Management","SD-WAN","3704508450","1545408034","2159100416"
"TencentMeeting","Business Collaboration","382725838","77845036","304880802"
"Dailymotion.com","Media","139353786","3354922","135998864"
"Google Maps","Web","143620694","10604896","133015798"
"IPsec (AH and ESP)","Tunneling and VPN","173075476","56476182","116599294"
"Internet Security Association and Key Management Protocol","Tunneling and VPN","230680819","78579872","152100947"
"Kerberos","Authentication","9352","6268","3084"
"Lighweight Directory Access Protocol","Authentication","16804","10042","6762"
"McAfee Client update","Business Application","123791344","13597702","110193642"
"Port Mapper","Network Service","10621","7186","3435"
"QQ","Internet Instant Messaging","6359100","1186297","5172803"
"Remote Desktop Protocol (Windows Terminal Server)","Remote Desktop","63631118","10199998","53431120"
"Session Initiation Protocol","Business Application","598410","318157","280253"
"Simple Mail Transfer Protocol","Email","2451582","2197061","254521"
"Simple Network Management Protocol","Management","3309995","3309995","0"
"SOCKet Secure v4","Tunneling and VPN","21529","15430","6099"
"Session Traversal Utilities for NAT","Business Collaboration","34571512","12149222","22422290"
"Tabular Data Stream","Business Application","8008","5128","2880"
"Transparent Network Service (Oracle)","Business Application","1853","1298","555"
"Wikipedia.com","Web","62442959","3875548","58567411"
"X Window System","Business Application","10331","6680","3651"
"WordPress.com","Social Networking","13991702","543824","13447878"
"Tumblr","Social Networking","337564878","7915627","329649251"
"Twitter","Social Networking","3487449415","107539509","3379909906"
"Vox.com","Web","96790","3967","92823"
"Yelp.com","Web","16403446","578564","15824882"
"Baidu.com","Web","20622867","2551996","18070871"
"Firefox Update","Web","12035004","132892","11902112"
"Apple Update","Web","53831302","1554931","52276371"
"Chrome Update","Web","557284910","29181425","528103485"
"Opera Update","Web","488646","146201","342445"
"BitDefender Update","Web","538780","150093","388687"
"Salesforce","Business Application","11159303","2942968","8216335"
"Portal.TidalTV.com","Web","701240","177028","524212"
"Internet Inter-ORB Protocol","Network Service","3027","2034","993"
"Netware Core Protocol","Management","5736","3522","2214"
"10086.cn","Web","28604","9064","19540"
"AccuWeather","Web","4046083","664616","3381467"
"Comcast","Web","107510385","1788643","105721742"
"Daum.net","Web","2767984","509578","2258406"
"Intuit.com","Business Application","115514099","77091594","38422505"
"Mozilla.com - Mozilla.org","Web","44347604","2563392","41784212"
"Naver Corporation (formerly NHN Corporation)","Web","225449219","13516116","211933103"
"NYTimes.com","Web","6064806","329955","5734851"
"Vimeo","Web","38559023","1526801","37032222"
"Weather.com","Web","33489059","4282476","29206583"
"Sina Weibo","Web","1662036","65133","1596903"
"Taobao","Web","30906999","1025159","29881840"
"Google App Engine","Business Application","14343471","2065874","12277597"
"Apple FaceTime","Real Time Audio/Video","3666896005","1801412101","1865483904"
"SoundCloud","Media","268676909","13851927","254824982"
"Amazon Prime Video","Media","8822894243","136176702","8686717541"
"QQ.com","Web","296554907","10727237","285827670"
"163.com","Web","5866605","986448","4880157"
"Alipay","Web","5499119","337600","5161519"
"Sogou.com","Web","365848","301601","64247"
"360.cn","Web","694612","265710","428902"
"Akamai Technologies CDN","Web","1948119838","54306966","1893812872"
"Yahoo.com","Web","723278875","74359571","648919304"
"WeChat","Internet Instant Messaging","4881895697","209058571","4672837126"
"QQ Games","Gaming","189775","116760","73015"
"QQ Mail","Email","68141630","21564611","46577019"
"Tencent.com","Internet Instant Messaging","13069193","310282","12758911"
"Nokia Here API","Web","577183","73754","503429"
"Microsoft SharePoint Online (Office 365)","Business Application","74979639","29685166","45294473"
"Internet Movie Database","Web","85268268","6952593","78315675"
"Imgur.com","Storage and Backup","104736424","1339047","103397377"
"JingDong","Web","1479256","116644","1362612"
"DCinside.com","Web","127163747","27175320","99988427"
"LastPass.com","Web","353680","150102","203578"
"Interia.pl","Web","71258","15689","55569"
"Kijiji.ca","Web","263453415","14617457","248835958"
"Aol","Web","24408361","1677005","22731356"
"Telegram","Internet Instant Messaging","734319104","122725511","611593593"
"Symantec","Web","2676067","697678","1978389"
"Oracle","Web","6495603","1835368","4660235"
"Bitstrips","Social Networking","105680539","4679366","101001173"
"TRUSTe","Web","15975283","1054129","14921154"
"Criteo","Web","93258420","21921743","71336677"
"Zendesk","Business Collaboration","15622520","851977","14770543"
"Inneractive","Web","95738008","68689224","27048784"
"Flurry","Business Application","22055343","8049129","14006214"
"Crashlytics","Web","34548757","2994346","31554411"
"Brightcove","Media","514360352","22205459","492154893"
"InMobi","Web","38635569","22277044","16358525"
"Gravatar","Business Collaboration","2017316","581831","1435485"
"FreeWheel","Web","1299216","449747","849469"
"Xiaomi","Web","29998666","2136452","27862214"
"Nielsen","Web","7580878","2324753","5256125"
"Stickyads","Web","12946501","6679168","6267333"
"JAVA-RMI","Network Service","5459","3356","2103"
"Mixpanel","Web","10467365","7942621","2524744"
"Smart AdServer","Web","56546420","21397128","35149292"
"Cedexis","Web","24390267","3144052","21246215"
"Google Calendar","Web","20369894","4604494","15765400"
"quic","Network Service","30300263","11489689","18810574"
"OpenX","Web","13313629","6407459","6906170"
"PubMatic","Web","77321695","43383156","33938539"
"Index Exchange (previously Casale Media)","Web","34887546","12982828","21904718"
"LOTAME","Web","6217954","1128462","5089492"
"Rubicon Project","Web","84502006","30419193","54082813"
"Sizmek (previously MediaMind)","Web","230975025","5555562","225419463"
"AppNexus","Web","245498861","133959228","111539633"
"Rlcdn","Web","8323046","1703611","6619435"
"GitHub","Web","20607118","969509","19637609"
"Facebook Embedded Video","Media","3782140934","44259510","3737881424"
"Ad Safe Protected","Web","70230548","11083116","59147432"
"Helpshift","Web","557773","147418","410355"
"Urbanairship","Web","2672888","789191","1883697"
"Apple Music","Media","1214719920","22367429","1192352491"
"Outbrain","Web","57633485","8921801","48711684"
"CBS Video","Web","21499835","782154","20717681"
"LogMeIn","Remote Desktop","5567262","580720","4986542"
"Unruly","Web","5788518","2993593","2794925"
"Rogers TV","Web","64034871","5926021","58108850"
"Localytics","Web","1174319","455244","719075"
"MoPub","Web","216220","46879","169341"
"Applovin","Web","878500430","333558595","544941835"
"Moat","Web","112293392","30089831","82203561"
"Microsoft Office OneNote (Office 365)","Business Application","628937","131523","497414"
"Optimizely","Web","12272799","2272032","10000767"
"Liveperson","Web","17870135","1494323","16375812"
"Taboola","Web","177135038","30392553","146742485"
"Zopim","Web","2913317","786883","2126434"
"Rackspace","Web","1294483711","121586735","1172896976"
"Riffsy (Tenor.co)","Web","37961314","1230366","36730948"
"Ensighten","Web","6443361","951411","5491950"
"Smaato","Web","25849137","14762263","11086874"
"Verizon","Web","18480408","12207483","6272925"
"MediaMath","Web","6973091","2748766","4224325"
"jQuery","Web","7573095","382935","7190160"
"Everest Technologies","Web","8443579","2643691","5799888"
"SpotXchange","Web","2957661","1200400","1757261"
"Umeng","Web","1056368","513054","543314"
"Google Photos (formerly Google Picasa)","Web","197833980","161306980","36527000"
"Baidu Maps","Web","570494","96456","474038"
"Uber (formerly UberCab)","Web","119167746","44835795","74331951"
"Younow","Web","5868446","2218260","3650186"
"Conversant","Web","6320108","1877470","4442638"
"Bazaarvoice","Web","4667862","496563","4171299"
"Teads","Web","21442915","5058038","16384877"
"Adform","Web","8422641","2090929","6331712"
"ZoomMeetings","Business Collaboration","1613332416","262843700","1350488716"
"Constrained Application Protocol","Network Service","6874","4456","2418"
"Innovid","Web","144495241","4957141","139538100"
"StackOverflow","Web","868882","38047","830835"
"Tinder","Web","51781373","2395285","49386088"
"GIPHY","Web","81930237","2028529","79901708"
"IMO Video Calling Application","Media","1103744","369116","734628"
"Bidswitch","Web","19220057","8172473","11047584"
"Clash of Clans","Gaming","100718795","1401755","99317040"
"Supercell","Gaming","339650","84690","254960"
"Signal Private Messenger (Open Whisper Systems)","Internet Instant Messaging","17793651","8512820","9280831"
"Bugsnag","Web","2277234","1178718","1098516"
"Apple Game Center","Gaming","5297247","1393500","3903747"
"Tealium","Web","13580385","6600967","6979418"
"Flashtalking","Web","8929126","981624","7947502"
"Sharethrough","Web","49456810","22137033","27319777"
"Yieldmo","Web","11749133","2492013","9257120"
"Huawei","Web","47901132","3601196","44299936"
"AnyDesk","Remote Desktop","111101","44402","66699"
"DoubleVerify","Web","53311954","10824184","42487770"
"Okta","Web","81672273","13923846","67748427"
"PulsePoint","Web","3748043","1392722","2355321"
"eXelate","Web","2006617","617932","1388685"
"Cloudinary","Web","12147408","352759","11794649"
"Google Secure User Plane Location","Web","555248","74718","480530"
"Amplitude","Web","44588042","40291465","4296577"
"T-Mobile","Web","16109","4794","11315"
"ChinaNetCenter ","Web","18113","5467","12646"
"Microsoft teams","Internet Instant Messaging","4601278786","1503809931","3097468855"
"UC Browser","Web","2027361","126475","1900886"
"Tenor","Web","30949075","1400971","29548104"
"IronSource","Business Application","54750443","6838611","47911832"
"Epic_games","Gaming","3770509","207084","3563425"
"Unreal_engine","Gaming","6296214","2181746","4114468"
"Disqus","Web","20052971","2177139","17875832"
"Grammarly","Web","135968294","43229028","92739266"
"Simpli.fi","Web","8683278","712191","7971087"
"ByteDance","Web","263162437","16309041","246853396"
"Alibaba Cloud","Web","12281196","9575791","2705405"
"Wish","Web","1022655","68394","954261"
"Apple News","Web","143465863","7278947","136186916"
"Tesla","Web","1616347","230106","1386241"
"Google GSuite","Web","162424417","2364815","160059602"
"Vungle","Web","127446932","4630456","122816476"
"Unknown virtual protocol","Unclassified","537825","7616","530209"
"Unknown virtual protocol","Unclassified","9441045","1113080","8327965"
"Unknown virtual protocol","Unclassified","98287800","55273295","43014505"
"Unknown virtual protocol","Unclassified","1943947","1097095","846852"
"Google Pay","Web","6451556","1520550","4931006"
"Bumble","Web","54298217","3303926","50994291"
"Wireguard","Tunneling and VPN","6629136533","581579393","6047557140"
"Google Messages","Internet Instant Messaging","33338428","10261929","23076499"
"Quora","Social Networking","46656864","10375912","36280952"
"Toutiao","Web","506886","65467","441419"
"Wangwang","Internet Instant Messaging","390711","167027","223684"
"Shopify","Web","43685554","1053072","42632482"
"StackPath","Web","441006","40506","400500"
"Uber Eats","Web","780453","165278","615175"
"Houseparty","Real Time Audio/Video","120397","16519","103878"
"Likee","Internet Instant Messaging","757333","206321","551012"
"KOCHAVA","Web","1258193","346047","912146"
"Sift Science","Web","317720","81588","236132"
"Spotify Audio","Real Time Audio/Video","2013211739","44132176","1969079563"
"Pendo","Web","591173048","32337821","558835227"
"Go Daddy","Web","35228197","8398933","26829264"
"Contentful","Web","259682080","15529762","244152318"
"Coursera","Web","61816623","5291477","56525146"
"Datadog","Web","10764147","7720587","3043560"
"Font Awesome","Web","15897195","833203","15063992"
"Unknown virtual protocol","Unclassified","85917","40692","45225"
"Advance Message Queuing Protocol","Network Service","1996","1108","888"
"BitTorrent","Peer to Peer","76193","0","76193"
"Connection Oriented Transfer Protocol","Network Service","6217","4138","2079"
"eBay.com","Web","64203961","6199274","58004687"
"File Transfer Protocol","File Sharing","2528","1676","852"
"Google Earth","Web","86598","24036","62562"
"GPRS Tunneling Protocol","Tunneling and VPN","12040802","2063571","9977231"
"Independant Computing Architecture (Citrix)","Remote Desktop","3992","2216","1776"
"Internet Printing Protocol","Business Application","1069","736","333"
"HP Printer Job Language","Business Application","34347","12674","21673"
"Netbios Name Service","Network Service","462026","457314","4712"
"Post Office Protocol (Version 3)","Email","4302146","49891","4252255"
"Secure POP3","Email","5452356","173428","5278928"
"PostgreSQL","Business Application","784","562","222"
"Point-to-Point Tunneling Protocol","Tunneling and VPN","2922","1662","1260"
"Real Time Control Protocol","Business Collaboration","4081176","1972267","2108909"
"Real Time Protocol","Business Collaboration","3782751164","990538046","2792213118"
"SAP","Business Application","2527241","35744","2491497"
"Simple Mail Transfer Protocol Secure","Email","407084","103910","303174"
"XMLRPC","Web","22148","8354","13794"
"Yahoo Search","Web","4980238","410855","4569383"
"Secure AIM","Internet Instant Messaging","580392","85945","494447"
"Tagged.com","Social Networking","35649027","18637465","17011562"
"Expedia.fr","Web","10915377","5956843","4958534"
"Travelocity.com","Web","7826","1147","6679"
"Realtor.com","Web","47738","9056","38682"
"Flickr","Social Networking","189017","9369","179648"
"Deezer","Web","1426179323","35043425","1391135898"
"Mail.ru Webmail","Email","731182","192439","538743"
"Real Time Messaging Protocol","Network Service","84969053","973306","83995747"
"Steampowered.com","Gaming","1003552948","17110989","986441959"
"Xbox Live","Gaming","3717931","708831","3009100"
"BabyCenter (My Baby Today)","Web","1986622","160177","1826445"
"Badoo.com","Internet Instant Messaging","1709181","171388","1537793"
"Foursquare.com","Web","2996388","806037","2190351"
"LibraryThing.com","Web","472067","36376","435691"
"Meetup","Web","17251","4303","12948"
"MyAnimeList.net","Web","8182969","212536","7970433"
"Odnoklassniki.ru","Social Networking","51582","3486","48096"
"ResearchGATE.net","Web","944540","16390","928150"
"Vk.com (Vkontakte)","Social Networking","47171","4021","43150"
"Yammer.com","Business Application","73944","31611","42333"
"Yandex.ru","Web","5481318","1595991","3885327"
"Adobe Update Manager","Web","649814786","11742668","638072118"
"Adobe Flash Plugin Update","Web","81255","19362","61893"
"Java Update","Web","60081","2720","57361"
"Archive.org","Web","13779","1685","12094"
"QQLive Network Player","Media","59166","37818","21348"
"Symantec Norton AntiVirus Updates","Web","232451993","2621006","229830987"
"Viber","Real Time Audio/Video","14425020","999390","13425630"
"Tango Video Calls","Real Time Audio/Video","154983","30780","124203"
"Avira Update","Web","10316","2372","7944"
"BBC Player","Media","39113570","590982","38522588"
"File Transfer Protocol Secure","File Sharing","37609","6278","31331"
"Box","File Sharing","14914","3561","11353"
"Dropbox","Storage and Backup","443567925","29370744","414197181"
"Google Translate","Web","4440899","605109","3835790"
"iHeartRADIO","Media","1808341","342389","1465952"
"Pandora Radio","Media","494700","51690","443010"
"Photobucket.com","Web","120641","5446","115195"
"Psiphon","Web","199361","99884","99477"
"QQMusic","Peer to Peer","5396","880","4516"
"Shutterfly.com","Web","7694","1775","5919"
"Tokbox.com","Web","11455","3705","7750"
"UStream","Media","21957912","482328","21475584"
"SiriusXm.com","Media","1032551","197006","835545"
"YouKu","Media","418999","400448","18551"
"GoToMeeting Online Meeting","Business Collaboration","17022","5938","11084"
"WebEx","Business Collaboration","11774477","2921536","8852941"
"Bloomberg.com","Web","549456","31544","517912"
"Tor","Anonymizers and Proxies","17826","12320","5506"
"Radmin","Remote Desktop","715","388","327"
"RSS","Web","3982","1678","2304"
"BlackBerry.com","Web","32376","11577","20799"
"ABCNews","Web","118728","8591","110137"
"Adobe Acrobat DC (Document Cloud)","Web","11429075","921402","10507673"
"Alexa","Web","62139","9516","52623"
"AlJazeera.net","Web","60516","5388","55128"
"AmericanExpress","Web","3617022","2553423","1063599"
"ATT.com (AT&T)","Web","7822","2524","5298"
"Blogger","Web","771983","55462","716521"
"Capital One","Web","5042875","1133851","3909024"
"CDiscount","Web","45323","2124","43199"
"Cnet.com","Web","4810","1112","3698"
"CNN (Cable News Network)","Web","71927618","5252943","66674675"
"Daily Mail","Web","19087126","1087178","17999948"
"Fox News","Web","21003667","4187756","16815911"
"FoxSports.com","Web","1396528","61275","1335253"
"Groupon","Web","67457","1658","65799"
"IKEA.com","Web","11203","1942","9261"
"Kaspersky.com","Web","486545","234791","251754"
"Livedoor.com","Web","168662","6972","161690"
"Mashable.com","Web","122078","2806","119272"
"Monster.com","Web","27423","2892","24531"
"NBA.com","Web","28094","8414","19680"
"National Football League (NFL.com)","Web","8868314","346619","8521695"
"Nike.com","Web","5615221","331010","5284211"
"PlayStation.com","Web","211227","2846","208381"
"Reuters.com","Web","2232779","98429","2134350"
"Reverso.net","Web","3175707","98875","3076832"
"SlideShare","Web","17361","1932","15429"
"Xbox","Gaming","310169","6871","303298"
"Youdao.com","Web","3400675","1299788","2100887"
"Sina.com.cn","Internet Instant Messaging","27498425","2088364","25410061"
"OICQ","Internet Instant Messaging","37806","21589","16217"
"Sophos update","Business Application","50921","12016","38905"
"QQ WeiBo","Web","448070","18716","429354"
"Line","Internet Instant Messaging","28462835","8941489","19521346"
"Google Plus","Web","160557","5656","154901"
"Hulu","Media","25251","3227","22024"
"Shazam","Web","2573550","249469","2324081"
"KakaoTalk","Internet Instant Messaging","1223361","255689","967672"
"Joongang Daily","Web","3974924","625874","3349050"
"Sohu.com","Web","9826198","1792535","8033663"
"Ifeng.com","Web","110253","70418","39835"
"Alibaba.com","Web","14664546","12916281","1748265"
"51.la","Web","42058","5787","36271"
"Zynga.com","Gaming","2509747","526494","1983253"
"Limelight Networks CDN","Web","389914819","15103496","374811323"
"ISO Base Media File Format","Real Time Audio/Video","199318315","3743170","195575145"
"KIK Messenger","Internet Instant Messaging","89143","13925","75218"
"MiTalk Messenger (Miliao)","Internet Instant Messaging","168464","24921","143543"
"Rakuten.co.jp","Web","304480","39693","264787"
"Chinatimes.com","Web","914099","36947","877152"
"Ctrip.com","Web","15796650","1027086","14769564"
"QQ News","Web","9320681","910148","8410533"
"Udn.com","Web","715019","70465","644554"
"Pornhub","Web","34217","7347","26870"
"MeetMe.com","Social Networking","206211","21615","184596"
"Speedtest","File Sharing","129543138","24556442","104986696"
"ESPN.go.com","Web","403662100","50124864","353537236"
"BuzzFeed.com","Web","2482490","309690","2172800"
"ThePirateBay.se","Web","10241","3822","6419"
"Google Documents (aka Google Drive)","Storage and Backup","193634495","21082889","172551606"
"Evernote","Web","2381936","1515672","866264"
"Apple Maps","Web","862243","57818","804425"
"WebSocket","Network Service","763560","274037","489523"
"Bet365.com","Web","604507","67046","537461"
"Issuu.com","Web","860727","137195","723532"
"Saavn Bollywood Music","Media","226113","9796","216317"
"Bitcoin client","Peer to Peer","1996","1108","888"
"Paypal.com","Web","51586766","4892709","46694057"
"BBC","Web","14567579","493519","14074060"
"AVG.com","Web","125691083","1821530","123869553"
"Softonic.com","Web","22758","5677","17081"
"Marca.com","Web","7052","1130","5922"
"ESPNCricinfo.com","Web","2641740","159149","2482591"
"Apple HTTP Live Streaming","Real Time Audio/Video","355934606","5720683","350213923"
"craigslist","Web","680","360","320"
"DBS Bank (dbs.com.sg)","Web","15940","6140","9800"
"Hurriyet.com.tr","Web","2102769","159268","1943501"
"Indiatimes","Web","1120493","47484","1073009"
"Internet Small Computer Systems Interface","Network Service","570","348","222"
"Background Intelligent Transfer Service","File Sharing","29433083","2352784","27080299"
"Hotspot Shield","Tunneling and VPN","100239027","22903540","77335487"
"Conviva","Infrastructure","5263361","3810234","1453127"
"EdgeCast Networks CDN","Infrastructure","14657","2244","12413"
"AliExpress.com","Web","14655932","618014","14037918"
"Clarin.com","Web","861449","28679","832770"
"Elcomercio.pe","Web","71827","2542","69285"
"Sabq.org","Web","158704","11110","147594"
"Wp.pl","Web","135060","66870","68190"
"Onet.pl","Web","7555","2311","5244"
"VnExpress.net","Web","2005321","132518","1872803"
"My Talking Tom","Gaming","1604","1128","476"
"Fox Business Network","Web","171811","32883","138928"
"AddThis","Web","7597302","571675","7025627"
"Yadro","Web","24814","10278","14536"
"uTorrent","Peer to Peer","12352","6772","5580"
"Turn","Web","2658961","673793","1985168"
"Candy Crush Saga","Gaming","159678","68415","91263"
"King Digital Entertainment","Gaming","553009","231725","321284"
"Waze Social GPS Maps & Traffic","Web","29490152","2141353","27348799"
"OpenStreetMap","Infrastructure","192524","6318","186206"
"Videoplaza","Web","50203","13815","36388"
"magicJack","Business Application","125298","32290","93008"
"Google Safe Browsing","Web","8748644","1552683","7195961"
"Plenty Of Fish","Web","3188112","2662033","526079"
"Twitch","Media","152393196","4350227","148042969"
"BoldChat Live Chat","Internet Instant Messaging","6366929","2765388","3601541"
"Fetion","Internet Instant Messaging","5012","2403","2609"
"Turner","Web","12878875","218069","12660806"
"battlenet","Gaming","2298795","355412","1943383"
"Jamaica Gleaner","Web","24766","2967","21799"
"ASANA","Web","2729929","960682","1769247"
"DISTCC","Network Service","1069","736","333"
"Taobao Ad Network and Exchange","Web","32308","14024","18284"
"Amazon Cloud Drive","Web","8322319","447534","7874785"
"Lazada","Web","2094829","54811","2040018"
"Gettyimages","Web","6180619","259586","5921033"
"Flipboard","Web","225850","66345","159505"
"CPMSTAR","Web","147360","28513","118847"
"ADTECH","Web","742756","53560","689196"
"AOL One","Web","3399891","511623","2888268"
"Realestate","Web","204654","37630","167024"
"Constant Contact","Web","4848334","72136","4776198"
"Atlassian","Web","588863045","452526758","136336287"
"Pastebin","Web","20100","7251","12849"
"Kakaocdn","Infrastructure","96142","19574","76568"
"Advertising.com","Web","2611953","727496","1884457"
"SourceForge","Web","7624","1428","6196"
"My.com","Web","425800","234809","190991"
"Bizographics","Web","24842","4270","20572"
"Atlas Solutions","Web","229172","57448","171724"
"Fastly","Web","2940088","184815","2755273"
"Disney Channel","Web","16360238","1128182","15232056"
"UpLynk","Web","346376","73653","272723"
"NBC","Web","8800495","930021","7870474"
"Krux","Web","12859319","1603574","11255745"
"Perform","Web","3106238","18983","3087255"
"Periscope","Media","85977957","2028278","83949679"
"Microsoft Sway (Office 365)","Business Application","17112","2212","14900"
"Olark","Web","3108807","168502","2940305"
"Mapbox","Web","12572053","898798","11673255"
"Liberty Times Net","Web","12216","2291","9925"
"Rollout","Web","267998","66384","201614"
"Microsoft Excel Online (Office 365)","Web","10653770","4332717","6321053"
"Signal","Web","553825","55750","498075"
"LiveChat","Web","2666190","220437","2445753"
"Tune","Web","113868","26693","87175"
"Braintree","Web","2149976","542424","1607552"
"LKQD","Web","173422","51491","121931"
"Lookout Mobile Security","Business Application","13985","6361","7624"
"TubeMogul","Web","437781","86238","351543"
"Bleacher Report","Web","2663025","39880","2623145"
"Google Web Light","Web","95514","8885","86629"
"Revcontent","Web","2672243","508613","2163630"
"Hola Web Proxy","Web","1426025","437345","988680"
"MobFox","Web","27454","4399","23055"
"Liftoff","Web","2678474","562642","2115832"
"Bank of America","Web","57316621","12423101","44893520"
"QQVideo","Web","60243802","806410","59437392"
"Slack","Web","480821698","81212970","399608728"
"ICY (I Can Yell)","Media","1136158","12590","1123568"
"Middle East Broadcasting Center (MBC Group)","Web","1341325","790964","550361"
"Clicktale","Web","37819258","32530870","5288388"
"Adk2","Web","10230","1290","8940"
"Pokemon GO","Gaming","6589850","484321","6105529"
"CDNetworks","Infrastructure","1244894","53539","1191355"
"Weborama","Web","196828","43576","153252"
"Highwinds","Web","17895721","576977","17318744"
"StackExchange","Web","666642","10842","655800"
"Wix","Web","50783902","5248607","45535295"
"Eskimi","Web","69072","7410","61662"
"Namuwiki","Web","3919716","586768","3332948"
"Shutterstock","Web","161930","11385","150545"
"Heroku","Web","439468","76953","362515"
"Amazon Music","Media","66423431","1315449","65107982"
"Cheetah Mobile","Web","2872","868","2004"
"Microsoft Word Online (Office 365)","Business Collaboration","12789025","1759602","11029423"
"Microsoft Powerpoint Online (Office 365)","Business Collaboration","7311168","279368","7031800"
"OPC Unified Architecture","Web","1996","1108","888"
"Tidal","Media","1248350521","22197948","1226152573"
"StreamRail","Media","7837260","5600405","2236855"
"Vidyard","Web","101422557","1021437","100401120"
"Nintendo","Gaming","1498853","531716","967137"
"Prothom Alo","Web","11645","2522","9123"
"OpenRTB","Web","25614192","21551244","4062948"
"ADventori","Web","200777","47162","153615"
"Audible","Real Time Audio/Video","356692","79438","277254"
"Oriental Daily News (on.cc)","Web","303143","3764","299379"
"AdColony","Web","12127726","3958850","8168876"
"Google Classroom","Web","462230","41333","420897"
"Samsung Update","Web","4268159873","139638612","4128521261"
"Huawei Update","Web","8405","618","7787"
"MGID","Web","3798170","287150","3511020"
"ULP","Network Service","337250","18720","318530"
"Amazon Chime","Business Collaboration","52553356","26521520","26031836"
"Livescore","Web","870709","40495","830214"
"MaxCDN","Web","672682","79983","592699"
"Media Innovation Group","Web","1751849","593075","1158774"
"Zhihu","Web","2028882","142620","1886262"
"Walmart","Web","8677530","6878263","1799267"
"Yandex Music","Real Time Audio/Video","3354885","118050","3236835"
"Avast","Web","57907668","5163756","52743912"
"DocuSign","Web","39001578","3823920","35177658"
"WeTransfer","Web","15966","3621","12345"
"Microsoft Power BI (Office 365)","Web","18908","1136","17772"
"Autodesk Fusion 360","Tunneling and VPN","1814080","267644","1546436"
"Sonobi","Web","18741894","8379621","10362273"
"Optus","Web","702773","72198","630575"
"Gfycat","Web","14407","2000","12407"
"Mongodb Protocol","Business Application","895","562","333"
"Vivox","Internet Instant Messaging","175949","65968","109981"
"Sportradar","Web","9479579","422820","9056759"
"Wall Street Journal","Web","10107","1635","8472"
"Niantic, Inc","Web","141352","30265","111087"
"Clash Royale","Gaming","4882071","171181","4710890"
"Origin","Web","22274","5148","17126"
"Canvas Student","Web","4204128","161512","4042616"
"Instructure","Web","535035","66514","468521"
"Electronic Arts","Web","11433662","712216","10721446"
"Facebook Lite","Social Networking","223785","41350","182435"
"Microsoft PowerShell Remoting Protocol","Network Service","5070","2164","2906"
"Kakao","Web","195707","100506","95201"
"Digioh","Web","553918","21768","532150"
"Apptimize","Web","46362","14817","31545"
"Mediascope","Web","15953","3877","12076"
"Data Saver","Web","2676707","180247","2496460"
"Domain Name Service Crypt","Network Service","27551","9248","18303"
"Adtelligent","Web","4164269","1163930","3000339"
"Youtube Music","Media","1109819","479453","630366"
"Akamai Video","Media","951312","260252","691060"
"Appnext","Web","29628","3606","26022"
"Splunk Cloud","Storage and Backup","64695","24759","39936"
"Fox Networks","Web","804086","47722","756364"
"Text Me","Internet Instant Messaging","10074671","4925372","5149299"
"Line2","Internet Instant Messaging","399647","120509","279138"
"IBM","Web","85065","5818","79247"
"Microsoft AD Right Management Service","Business Application","42414","24768","17646"
"RingCentral","Business Collaboration","217989","31959","186030"
"Visual IQ","Web","310160","66827","243333"
"Alibaba Group","Web","140653","27178","113475"
"League of Legends","Gaming","4648029","2895558","1752471"
"Mobile Legends","Gaming","134937958","6522253","128415705"
"ExpressVPN","Tunneling and VPN","396432","125332","271100"
"Future_plc","Web","13683077","367433","13315644"
"Inskin","Web","8293","1745","6548"
"DICOM","Network Service","1174","736","438"
"MAkeMyTrip","Web","63713","22960","40753"
"Minecraft","Gaming","2344214","48600","2295614"
"Prezi","Web","488626","134466","354160"
"WorkspaceOne","Web","79758","34303","45455"
"iBooks","Web","1590340","210705","1379635"
"Fandom","Web","22566","3456","19110"
"AnonyTun","Tunneling and VPN","103291","41563","61728"
"OpenSignal","Web","172055","144037","28018"
"Megaphone","Web","1751203390","28877991","1722325399"
"UDP Data Transfer protocol","File Sharing","81446","51143","30303"
"TripAdvisor","Web","16004081","1338535","14665546"
"Moodle","Social Networking","65543887","354396","65189491"
"PubNub","Web","13018472","5509366","7509106"
"Unknown virtual protocol","Unclassified","250346","47315","203031"
"Unknown virtual protocol","Unclassified","1192451","74384","1118067"
"NetEase","Web","3709421","114862","3594559"
"Unknown virtual protocol","Unclassified","338974","205159","133815"
"Unknown virtual protocol","Unclassified","169700","55370","114330"
"Unknown virtual protocol","Unclassified","4836","891","3945"
"Unknown virtual protocol","Unclassified","1556585","47842","1508743"
"National Public Radio","Web","2803742","43363","2760379"
"Acast","Real Time Audio/Video","40465415","804196","39661219"
"Raknet","Gaming","2080588","996725","1083863"
"Mario Kart Tour","Gaming","3397047","1396498","2000549"
"Firework","Internet Instant Messaging","3119346","145331","2974015"
"JWPLAYER","Web","454008656","6036997","447971659"
"Bigo","Web","127722","60039","67683"
"BAMTech","Real Time Audio/Video","15212090","8926070","6286020"
"Disney Plus","Real Time Audio/Video","5229155063","56419209","5172735854"
"Apple TV Plus","Real Time Audio/Video","930476782","6376783","924099999"
"Agora","Network Service","112377","56624","55753"
"Grand Theft Auto 5","Gaming","7274","348","6926"
"Xigua Video","Real Time Audio/Video","882765","15174","867591"
"Airbnb","Web","2205100","218376","1986724"
"Activision-Blizzard","Web","26191668","543432","25648236"
"Netease Games","Gaming","3220252","236768","2983484"
"Browsec VPN","Tunneling and VPN","164178654","7007563","157171091"
"Workday","Business Application","1287755","252254","1035501"
"Service Now","Web","1837014","90305","1746709"
"Ximalaya","Real Time Audio/Video","52577","4244","48333"
"DoorDash","Web","23135","6104","17031"
"Fifa","Gaming","4837875","507919","4329956"
"Shahid","Real Time Audio/Video","18322801","804253","17518548"
"Roblox","Gaming","250511617","23942695","226568922"
"BridTV","Real Time Audio/Video","14585","2065","12520"
"Microsoft Dynamics","Business Application","18403","3505","14898"
"Digital Turbine","Web","136287","76437","59850"
"Pluto TV","Real Time Audio/Video","335787401","3480373","332307028"
"Demandbase","Web","174513","15759","158754"
"ToTok Messenger","Internet Instant Messaging","119894","45149","74745"
"Amazon Alexa Assistant","Business Collaboration","259525","45211","214314"
"Yubo","Internet Instant Messaging","374550","16553","357997"
"Connatix","Real Time Audio/Video","141090721","14531409","126559312"
"Minute Media","Web","3072143","124764","2947379"
"UserReport","Web","279390","50574","228816"
"The Blaze","Web","313799","6606","307193"
"E! Online","Web","326979","11399","315580"
"Hotels.com","Web","1420527","642611","777916"
"Indeed","Web","65195647","19338534","45857113"
"NHL.com","Web","2920794","127970","2792824"
"Official Major League Baseball","Web","2998417","165289","2833128"
"Slate Magazine","Web","187559","14368","173191"
"TMZ","Web","5831039","154680","5676359"
"Nvidia","Web","107866344","836963","107029381"
"Geforce Now","Gaming","1401745","178310","1223435"
"Call of Duty Mobile","Gaming","73517634","1661327","71856307"
"The Walt Disney Company","Web","1271078","295505","975573"
"Wired","Web","42521551","567546","41954005"
"Kayak","Web","41831315","1627651","40203664"
"Eventbrite","Web","12972146","349072","12623074"
"WarnerMedia","Web","58499483","944447","57555036"
"Bilibili","Web","1336401348","18250762","1318150586"
"ShoreTel","Business Collaboration","128964","55896","73068"
"ZoomCRC","Business Collaboration","2700","1296","1404"
