"Application","Category","Total Bytes","Bytes Received","Bytes Sent"
"Dailymotion.com","Media","121161645","3670274","117491371"
"Domain Name Service","Network Service","1760186281","879968110","880218171"
"eBay.com","Web","47271948","5014272","42257676"
"Google Mail","Email","2943364920","495550412","2447814508"
"Google Search","Web","2275110704","292779530","1982331174"
"Google Maps","Web","254170073","32602856","221567217"
"HyperText Transfer Protocol","Web","22358094271","523636605","21834457666"
"HyperText Transfer Protocol Secure","Web","46287297975","3263183230","43024114745"
"Internet Control Message Protocol","Network Service","4733088027","2837835658","1895252369"
"Internet Message Access Protocol version 4","Email","120002376","42368512","77633864"
"Internet Message Access Protocol Secure","Email","68666565","12575124","56091441"
"Internet Protocol","Network Service","0","0","0"
"Internet Security Association and Key Management Protocol","Tunneling and VPN","1247609796","477728750","769881046"
"XMPP Protocol (Jabber)","Business Collaboration","5285864","1321406","3964458"
"McAfee Client update","Business Application","523826474","34326836","489499638"
"Remote Desktop Protocol (Windows Terminal Server)","Remote Desktop","2128864","908504","1220360"
"Skype and Teams","Business Collaboration","295016655","29693663","265322992"
"Simple Object Access Protocol","Network Service","2240656683","800241576","1440415107"
"SOCKet Secure v4","Tunneling and VPN","22279","15544","6735"
"Secure Socket Layer","Tunneling and VPN","73932222990","7666081854","66266141136"
"Session Traversal Utilities for NAT","Business Collaboration","127209314","92252995","34956319"
"Transmission Control Protocol","Other TCP/UDP","3958287036","997032747","2961254289"
"User Datagram Protocol","Other TCP/UDP","220558940176","16296914192","204262025984"
"Yahoo Mail v.2.0","Email","207585169","32526992","175058177"
"Youtube.com","Media","84623395956","3388169647","81235226309"
"Facebook","Social Networking","137482407392","3163507760","134318899632"
"Google Ads","Web","2702626999","358389643","2344237356"
"LinkedIn","Social Networking","781365254","73781935","707583319"
"Apple Generic Services","Web","27374751275","1043846774","26330904501"
"Online Certificate Status Protocol","Business Application","28972012","11111796","17860216"
"Twitter","Social Networking","4165222359","162358579","4002863780"
"Yandex.ru","Web","8203769","4235103","3968666"
"iTunes","Media","3638101899","140023009","3498078890"
"Spotify","Media","1569145843","107991768","1461154075"
"TeamViewer","Remote Desktop","574583370","241712948","332870422"
"Bing.com (formerly MSN Search)","Web","1000202661","129310010","870892651"
"Windows Update","Web","17744592002","920816126","16823775876"
"Chrome Update","Web","804269349","27914745","776354604"
"Opera Update","Web","3015719","794810","2220909"
"Trendmicro Update protocol","Web","8574401","4307574","4266827"
"Netflix.com","Media","36448784593","950197288","35498587305"
"Google Analytics,Google Marketing Platform","Web","752186511","183060844","569125667"
"Google GStatic","Web","3562061099","271785469","3290275630"
"Dropbox","Storage and Backup","1824345595","222213580","1602132015"
"Portal.TidalTV.com","Web","1425052","357513","1067539"
"Google Generic","Web","2316659307","500371579","1816287728"
"AccuWeather","Web","18084967","3298346","14786621"
"Amazon Generic Services","Web","8262227243","2233559777","6028667466"
"Vimeo","Web","1267029770","26948050","1240081720"
"WhatsApp Messenger","Internet Instant Messaging","10604134272","3553625362","7050508910"
"Apple App Store","Web","8597595830","242251980","8355343850"
"Windows Marketplace","Web","2771797340","126678584","2645118756"
"Apple Push Notification Service","Web","429931337","269567611","160363726"
"iOS over-the-air (OTA) update","Web","7728234783","170279531","7557955252"
"Google Play Store","Media","6008557530","1016464616","4992092914"
"iCloud (Apple)","Storage and Backup","9230642297","1753520657","7477121640"
"Instagram","Web","83848828369","5021532604","78827295765"
"SoundCloud","Media","718635162","48369924","670265238"
"Amazon Web Services/Cloudfront CDN","Infrastructure","14099632769","726802995","13372829774"
"Amazon Prime Video","Media","11412022875","224461450","11187561425"
"QQ.com","Web","1914295000","91177454","1823117546"
"Akamai Technologies CDN","Web","5448577212","143825167","5304752045"
"Yahoo.com","Web","1517785527","168379917","1349405610"
"WeChat","Internet Instant Messaging","33634087390","4780514029","28853573361"
"Google Talk (incl. Hangouts and Allo and Duo)","Real Time Audio/Video","1781238424","546633658","1234604766"
"CloudFlare CDN","Infrastructure","22079189961","652078548","21427111413"
"Microsoft Office 365","Business Collaboration","4238500675","464113988","3774386687"
"Zoho Corporation","Business Application","52146081","42746870","9399211"
"Microsoft SharePoint Online (Office 365)","Business Application","1022789895","478486102","544303793"
"Pinterest","Web","328096125","35419553","292676572"
"Microsoft Outlook (Office 365)","Business Application","6874623081","1732016888","5142606193"
"Apple SIRI","Web","92507981","56224717","36283264"
"Google Documents (aka Google Drive)","Storage and Backup","1082471096","296621027","785850069"
"Paypal.com","Web","45824842","8126617","37698225"
"Kijiji.ca","Web","324551458","26917496","297633962"
"Google Accounts","Web","1056141864","866344463","189797401"
"Amazon Ad System","Web","341916825","66380941","275535884"
"Snapchat","Social Networking","2907383033","290159037","2617223996"
"AddThis","Web","36213672","3212005","33001667"
"Turn","Web","5538205","1417707","4120498"
"ScorecardResearch","Web","66777076","13670864","53106212"
"Quantcast","Web","24350402","4177382","20173020"
"Oracle","Web","12432904","3050549","9382355"
"TRUSTe","Web","28205176","2282571","25922605"
"Criteo","Web","245983366","41417565","204565801"
"Adobe","Business Application","7595622362","261532521","7334089841"
"Flurry","Business Application","53617491","10617330","43000161"
"Facebook Messenger","Internet Instant Messaging","2019263939","733479540","1285784399"
"InMobi","Web","27194366","10581836","16612530"
"AppsFlyer","Business Application","304483162","25014339","279468823"
"Xiaomi","Web","800589705","43378236","757211469"
"Nielsen","Web","13391466","3587990","9803476"
"Stickyads","Web","39865782","14646007","25219775"
"Smart AdServer","Web","88814101","36338647","52475454"
"Google Cloud Storage","Web","14919753992","13888485614","1031268378"
"Google Cloud Messaging","Web","157866570","39394515","118472055"
"Apple Location","Web","4845073133","345649119","4499424014"
"OpenX","Web","20823844","6730112","14093732"
"PubMatic","Web","195139215","102473937","92665278"
"Index Exchange (previously Casale Media)","Web","82733024","32277389","50455635"
"LOTAME","Web","16893796","3598167","13295629"
"Rubicon Project","Web","252000139","116611731","135388408"
"AppNexus","Web","384591466","213791706","170799760"
"Rlcdn","Web","24513971","5396598","19117373"
"HyperText Transfer Protocol version 2","Web","21874527887","852750297","21021777590"
"Google Tag Manager","Web","479574067","31781970","447792097"
"Facebook Embedded Video","Media","16250287127","238665880","16011621247"
"Ad Safe Protected","Web","141218423","21786133","119432290"
"Adjust.com","Web","16121002","6318373","9802629"
"BootstrapCDN","Web","10261074","1118390","9142684"
"Outbrain","Web","218462528","34103013","184359515"
"Fastly","Web","429359600","7125299","422234301"
"Unruly","Web","11243708","5600442","5643266"
"UpLynk","Web","111900942","2993851","108907091"
"Android connectivity Manager","Network Service","22462082","10711491","11750591"
"Moat","Web","168855768","44658184","124197584"
"Krux","Web","23369882","2458664","20911218"
"Heap","Web","232314717","182941362","49373355"
"Branch Metrics","Web","248957830","33323271","215634559"
"Optimizely","Web","28113911","5018209","23095702"
"Taboola","Web","463600124","64133227","399466897"
"LiveChat","Web","7299118","466502","6832616"
"Smaato","Web","13502467","2967492","10534975"
"MediaMath","Web","10323726","3700803","6622923"
"Everest Technologies","Web","17594734","5119517","12475217"
"SpotXchange","Web","5039785","1737647","3302138"
"Microsoft OneDrive","Web","8997613242","6964383823","2033229419"
"Microsoft","Web","4581366571","1231184879","3350181692"
"Revcontent","Web","8259728","1609294","6650434"
"New Relic","Web","191551736","118262579","73289157"
"Uber (formerly UberCab)","Web","3875569723","2717773682","1157796041"
"QQVideo","Web","2144225011","42550339","2101674672"
"Conversant","Web","11303692","3307154","7996538"
"Teads","Web","23210007","4009663","19200344"
"Adform","Web","14925286","3087399","11837887"
"HyperText Transfer Protocol proxy","Network Service","31877277","9534050","22343227"
"Innovid","Web","286486985","8860285","277626700"
"Firebase Cloud Messaging","Web","1084391055","592454297","491936758"
"Bidswitch","Web","33949627","13096451","20853176"
"Sharethrough","Web","59454700","18369568","41085132"
"Yieldmo","Web","21701792","3371820","18329972"
"Huawei","Web","1219595397","48428205","1171167192"
"DoubleVerify","Web","113443665","22402187","91041478"
"Avast","Web","66669511","9403001","57266510"
"PulsePoint","Web","7777808","2595895","5181913"
"Sonobi","Web","15217317","5529492","9687825"
"Amplitude","Web","88294447","80134499","8159948"
"Google Cloud Platform","Web","100322139","26703958","73618181"
"Microsoft teams","Internet Instant Messaging","5852546534","1603333523","4249213011"
"Cisco","Web","24876033","13243108","11632925"
"Disqus","Web","31269015","2812347","28456668"
"Grammarly","Web","135881602","87966826","47914776"
"Simpli.fi","Web","4214564","907117","3307447"
"ByteDance","Web","1247825535","50205956","1197619579"
"TikTok (Musical.ly)","Social Networking","40993923471","1330235563","39663687908"
"Alibaba Cloud","Web","224731919","99425797","125306122"
"Discord","Internet Instant Messaging","857981637","36769306","821212331"
"Apple News","Web","308143059","21056718","287086341"
"Google APIs","Web","4825019430","1587884209","3237135221"
"Amazon Cognito","Web","30688065","9815570","20872495"
"Advanced Hosting","Web","14403157915","66903317","14336254598"
"Roblox","Gaming","1138552027","69519263","1069032764"
"Connatix","Real Time Audio/Video","106490277","5292560","101197717"
"Pendo","Web","23511094","5750929","17760165"
"Digicert","Web","79494865","9518168","69976697"
"Font Awesome","Web","26579493","2420235","24159258"
"Intercom","Web","42245466","17103711","25141755"
"SD-WAN Control","SD-WAN","25551649149","14055786468","11495862681"
"SD-WAN Management","SD-WAN","4293114579","1834384187","2458730392"
"TencentMeeting","Business Collaboration","4402988012","582317908","3820670104"
"Network Time Protocol","Network Service","7897251","3715316","4181935"
"Secure POP3","Email","30194515","1265381","28929134"
"QQ","Internet Instant Messaging","77732930","24167411","53565519"
"Session Initiation Protocol","Business Application","710304","412371","297933"
"Simple Network Management Protocol","Management","456232","456232","0"
"Yahoo Search","Web","4112310","392149","3720161"
"Windows Live Hotmail","Email","363793623","52336817","311456806"
"Secure AIM","Internet Instant Messaging","1329790","216987","1112803"
"Realtor.com","Web","187179","38302","148877"
"Yelp.com","Web","27637991","1871649","25766342"
"Baidu.com","Web","1393755205","93827472","1299927733"
"Apple Update","Web","210627994","2736621","207891373"
"BitDefender Update","Web","486195444","24556547","461638897"
"Viber","Real Time Audio/Video","96145273","14288939","81856334"
"Salesforce","Business Application","45541576","10655221","34886355"
"YouKu","Media","40505569","5406372","35099197"
"BlackBerry.com","Web","692536011","101672826","590863185"
"Daily Mail","Web","5181319","143348","5037971"
"Daum.net","Web","649101085","22021416","627079669"
"Groupon","Web","1667956","84744","1583212"
"Mozilla.com - Mozilla.org","Web","39550575","8869728","30680847"
"Naver Corporation (formerly NHN Corporation)","Web","409894246","10973060","398921186"
"SurveyMonkey.com","Web","636791","56633","580158"
"Weather.com","Web","41471485","3726014","37745471"
"Youdao.com","Web","10792418","3927101","6865317"
"Sina.com.cn","Internet Instant Messaging","527703468","24289466","503414002"
"Sina Weibo","Web","532141850","11176904","520964946"
"Taobao","Web","501717168","42383391","459333777"
"QQ WeiBo","Web","2877811","546238","2331573"
"Google App Engine","Business Application","1779515","337226","1442289"
"Apple FaceTime","Real Time Audio/Video","3576434091","1954882282","1621551809"
"Samsung Apps","Web","123686110","10251715","113434395"
"Shazam","Web","1408121","361908","1046213"
"KakaoTalk","Internet Instant Messaging","78905799","5223306","73682493"
"Chosun services","Web","96958525","2183830","94774695"
"Nexon.com","Web","5067395","1545611","3521784"
"163.com","Web","31392840","10545870","20846970"
"Sohu.com","Web","409529311","15274249","394255062"
"Ifeng.com","Web","38311390","2788117","35523273"
"Alipay","Web","146793229","7920092","138873137"
"Sogou.com","Web","13037965","7145425","5892540"
"360.cn","Web","9123285","2882656","6240629"
"Limelight Networks CDN","Web","407305070","7826744","399478326"
"Microsoft Azure (previously Windows Azure)","Infrastructure","848437154","23129805","825307349"
"Datagram Transport Layer Security","Tunneling and VPN","17560887207","2261937689","15298949518"
"ISO Base Media File Format","Real Time Audio/Video","7608534965","128246973","7480287992"
"Rakuten.co.jp","Web","2861133","358434","2502699"
"QQ Mail","Email","3393371","1105719","2287652"
"QQ News","Web","77434261","7055507","70378754"
"Sina finance","Web","880587","110277","770310"
"Tencent.com","Internet Instant Messaging","105814133","2977467","102836666"
"ESPN.go.com","Web","90292015","9821857","80470158"
"Reddit.com","Web","1230505111","38647710","1191857401"
"JingDong","Web","11316464","281376","11035088"
"Apple Maps","Web","4962320","166584","4795736"
"Mendeley.com","File Sharing","814168","268016","546152"
"Apple HTTP Live Streaming","Real Time Audio/Video","1105006113","9637264","1095368849"
"Indiatimes","Web","2773235","88022","2685213"
"Conviva","Infrastructure","6994475","4200854","2793621"
"Aol","Web","14786058","1795895","12990163"
"Gameloft Games","Gaming","2331920","654674","1677246"
"Telegram","Internet Instant Messaging","2304539472","169108829","2135430643"
"Candy Crush Saga","Gaming","104380594","35649837","68730757"
"King Digital Entertainment","Gaming","63493538","10244196","53249342"
"Waze Social GPS Maps & Traffic","Web","40234481","3170897","37063584"
"Symantec","Web","8276341","1426604","6849737"
"Bitstrips","Social Networking","26058724","1269568","24789156"
"Zendesk","Business Collaboration","31198982","1573921","29625061"
"Google Safe Browsing","Web","109679711","37499113","72180598"
"Inneractive","Web","35029899","20322569","14707330"
"Samsung","Web","889897517","60869130","829028387"
"Crashlytics","Web","87187990","11726080","75461910"
"Gravatar","Business Collaboration","4035306","566479","3468827"
"Mixpanel","Web","34179462","25129167","9050295"
"Taobao Ad Network and Exchange","Web","605729","174287","431442"
"Cedexis","Web","4854117","1400449","3453668"
"Google Calendar","Web","23732071","7292155","16439916"
"Flipboard","Web","47709373","3533430","44175943"
"quic","Network Service","374206504","154631939","219574565"
"ADTECH","Web","2754063","166086","2587977"
"Sizmek (previously MediaMind)","Web","81649194","4041452","77607742"
"GitHub","Web","103431447","14706911","88724536"
"Atlassian","Web","67172181","24377997","42794184"
"Kakaocdn","Infrastructure","21913124","1113756","20799368"
"Advertising.com","Web","11848815","1448915","10399900"
"Helpshift","Web","4177322","977256","3200066"
"Scotiabank","Web","81542684","17237611","64305073"
"Atlas Solutions","Web","629329","176927","452402"
"Urbanairship","Web","6949586","2228776","4720810"
"Apple Music","Media","456950187","9317825","447632362"
"Disney Channel","Web","13594524","564431","13030093"
"Rogers TV","Web","1580205778","22711824","1557493954"
"NBC","Web","314756915","20910446","293846469"
"Localytics","Web","2545265","823137","1722128"
"Microsoft Translator (Bing Translator)","Web","207771","44303","163468"
"Applovin","Web","944518301","228298694","716219607"
"Microsoft Office OneNote (Office 365)","Business Application","20942430","5085738","15856692"
"Liveperson","Web","54444662","9763767","44680895"
"Zopim","Web","4555023","1313108","3241915"
"Mapbox","Web","17480351","627482","16852869"
"Microsoft Excel Online (Office 365)","Web","142755292","53580839","89174453"
"Rackspace","Web","1662006622","141627775","1520378847"
"Verizon","Web","2338323","818935","1519388"
"jQuery","Web","20784007","1259115","19524892"
"TubeMogul","Web","721750","113396","608354"
"Umeng","Web","26182975","12048443","14134532"
"Google Photos (formerly Google Picasa)","Web","8530463","1490935","7039528"
"Baidu Maps","Web","14280560","1533284","12747276"
"Slack","Web","755642950","57977799","697665151"
"Bazaarvoice","Web","46476921","6410381","40066540"
"Clicktale","Web","8569232","4605450","3963782"
"hotjar","Web","132461096","42400320","90060776"
"ZoomMeetings","Business Collaboration","4899024111","1509645066","3389379045"
"Pokemon GO","Gaming","1243982294","138813390","1105168904"
"CDNetworks","Infrastructure","7483649","919954","6563695"
"GIPHY","Web","427280848","16445550","410835298"
"Heroku","Web","10159993","1052515","9107478"
"IMO Video Calling Application","Media","79185084","38606231","40578853"
"Microsoft Word Online (Office 365)","Business Collaboration","31187176","2549642","28637534"
"Bugsnag","Web","4180872","2184711","1996161"
"Apple Game Center","Gaming","7846898","1658616","6188282"
"Tealium","Web","19351029","3755343","15595686"
"AdColony","Web","11338571","4432301","6906270"
"MGID","Web","3165277","388177","2777100"
"ULP","Network Service","18979660","709867","18269793"
"Media Innovation Group","Web","2611426","769544","1841882"
"Automatic Data Processing (ADP)","Web","23810340","902860","22907480"
"Okta","Web","84898698","12165538","72733160"
"eXelate","Web","7454940","1065296","6389644"
"Google Secure User Plane Location","Web","1559389","236691","1322698"
"Wall Street Journal","Web","13747428","1606220","12141208"
"ChinaNetCenter ","Web","3442139","508390","2933749"
"Niantic, Inc","Web","9475442","1741007","7734435"
"Kakao","Web","4664939","876752","3788187"
"UC Browser","Web","1791803","1441029","350774"
"Adtelligent","Web","5593288","2338441","3254847"
"IronSource","Business Application","280590564","23293658","257296906"
"9GAG","File Sharing","4900679","81669","4819010"
"Microsoft AD Right Management Service","Business Application","1733838","1016151","717687"
"Alibaba Group","Web","7054561","733757","6320804"
"Wish","Web","8826709","1343257","7483452"
"Tesla","Web","1987648","450550","1537098"
"AnonyTun","Tunneling and VPN","2834309","1174392","1659917"
"Vungle","Web","227144752","7761305","219383447"
"Moodle","Social Networking","11273058","197215","11075843"
"PubNub","Web","80582726","29849259","50733467"
"Unknown virtual protocol","Unclassified","5554876","328348","5226528"
"Unknown virtual protocol","Unclassified","123657480","14510321","109147159"
"NetEase","Web","311060271","15804413","295255858"
"Unknown virtual protocol","Unclassified","8954366","4431933","4522433"
"Unknown virtual protocol","Unclassified","319615288","128375043","191240245"
"Unknown virtual protocol","Unclassified","20114482","13805261","6309221"
"Google Pay","Web","22230695","3651608","18579087"
"Google Messages","Internet Instant Messaging","49014064","17426038","31588026"
"JWPLAYER","Web","431413795","12062619","419351176"
"BAMTech","Real Time Audio/Video","22184956","13119892","9065064"
"Agora","Network Service","3041072013","142743037","2898328976"
"Quora","Social Networking","44178029","2872499","41305530"
"Toutiao","Web","18636696","1098362","17538334"
"Baidu Tieba","Social Networking","3787791","3142738","645053"
"Wangwang","Internet Instant Messaging","5453502","2192794","3260708"
"Shopify","Web","484159712","21429565","462730147"
"Ximalaya","Real Time Audio/Video","80637961","1202154","79435807"
"Uber Eats","Web","5280478","932223","4348255"
"Likee","Internet Instant Messaging","4154040","1172855","2981185"
"Microsoft Dynamics","Business Application","47724271","9017284","38706987"
"Demandbase","Web","5815979","182182","5633797"
"KOCHAVA","Web","2525960","700734","1825226"
"Spotify Audio","Real Time Audio/Video","8580900706","118173306","8462727400"
"UserReport","Web","709345","89187","620158"
"Go Daddy","Web","41077953","10373899","30704054"
"Contentful","Web","675698141","33735218","641962923"
"The Walt Disney Company","Web","25981496","2928917","23052579"
"Datadog","Web","2771792","2205918","565874"
"Advance Message Queuing Protocol","Network Service","998","554","444"
"Border Gateway Protocol","Network Service","68308","26496","41812"
"BitTorrent","Peer to Peer","3186","508","2678"
"Connection Oriented Transfer Protocol","Network Service","4733","3314","1419"
"File Transfer Protocol","File Sharing","4885413","1666378","3219035"
"Google Earth","Web","42562573","741380","41821193"
"GPRS Tunneling Protocol","Tunneling and VPN","1331","888","443"
"Independant Computing Architecture (Citrix)","Remote Desktop","2380","1270","1110"
"IPsec (AH and ESP)","Tunneling and VPN","677629814","120656082","556973732"
"HP Printer Job Language","Business Application","152984","136874","16110"
"Kerberos","Authentication","16853","7582","9271"
"Layer 2 Tunneling Protocol","Tunneling and VPN","1792","709","1083"
"Lighweight Directory Access Protocol","Authentication","87903","44127","43776"
"Netbios Name Service","Network Service","90018","78678","11340"
"Post Office Protocol (Version 3)","Email","8456","3315","5141"
"Port Mapper","Network Service","8058","5400","2658"
"Point-to-Point Tunneling Protocol","Tunneling and VPN","1942","1060","882"
"Real Time Control Protocol","Business Collaboration","82709828","25436643","57273185"
"Real Time Protocol","Business Collaboration","1706966067","616686579","1090279488"
"Real Time Streaming Protocol","Media","27710","16471","11239"
"SAP","Business Application","910669","203604","707065"
"ShoutCast","Media","14786925","751658","14035267"
"Server Message Block (Windows File Server)","File Sharing","29468","21038","8430"
"Simple Mail Transfer Protocol","Email","21601992","20802260","799732"
"Simple Mail Transfer Protocol Secure","Email","419533","94722","324811"
"SOCKet Secure v5","Tunneling and VPN","10858","4364","6494"
"Secure Shell","Tunneling and VPN","29395959","1551284","27844675"
"Tabular Data Stream","Business Application","5937","3612","2325"
"Transparent Network Service (Oracle)","Business Application","3175","2176","999"
"VMWare","Remote Desktop","11549","6169","5380"
"Wikipedia.com","Web","122172798","4665944","117506854"
"Wireless Session Protocol","Network Service","103398","61719","41679"
"Wireless Transaction Protocol","Network Service","189913","82876","107037"
"X Window System","Business Application","8934","5610","3324"
"MPEG-Transport Stream","Real Time Audio/Video","1560053006","14290266","1545762740"
"Simple Network Paging Protocol","Network Service","152848","55386","97462"
"Xunlei/Thunder protocol","Peer to Peer","20692","9736","10956"
"Ask.com","Web","379014","14251","364763"
"Expedia.fr","Web","3446879","910308","2536571"
"Travelocity.com","Web","10385","1219","9166"
"WordPress.com","Social Networking","183788521","5871931","177916590"
"Flickr","Social Networking","528090","17613","510477"
"Mail.ru Webmail","Email","410652","159909","250743"
"Real Time Messaging Protocol","Network Service","602","294","308"
"Steampowered.com","Gaming","12866103","1732845","11133258"
"Xbox Live","Gaming","12678097","3054709","9623388"
"Badoo.com","Internet Instant Messaging","1361139","696569","664570"
"Classmates","Social Networking","6695643","1804780","4890863"
"CouchSurfing","Web","1273783","62013","1211770"
"Flixster.com","Web","567538","8080","559458"
"Foursquare.com","Web","2659108","785205","1873903"
"Meetup","Web","276113","53097","223016"
"Ning.com","Web","16245","2601","13644"
"Odnoklassniki.ru","Social Networking","49887","8144","41743"
"ResearchGATE.net","Web","12218477","659549","11558928"
"Tumblr","Social Networking","60786205","2773895","58012310"
"Vk.com (Vkontakte)","Social Networking","200452","38224","162228"
"Vox.com","Web","67705","3421","64284"
"Yammer.com","Business Application","117184","68213","48971"
"Adobe Update Manager","Web","271452244","5868032","265584212"
"Adobe Flash Plugin Update","Web","1843062","151832","1691230"
"Teredo protocol","Tunneling and VPN","23826","17626","6200"
"Firefox Update","Web","48358853","723478","47635375"
"Java Update","Web","235009","8911","226098"
"Archive.org","Web","962063","34999","927064"
"QQLive Network Player","Media","884313","399018","485295"
"Fsecure Update","Web","157452","37499","119953"
"Symantec Norton AntiVirus Updates","Web","1055836","20249","1035587"
"Tango Video Calls","Real Time Audio/Video","16317","2555","13762"
"Kaspersky Update","Web","1217","834","383"
"BBC Player","Media","67506","47980","19526"
"Kugou/Kugoo","Peer to Peer","1012","382","630"
"Microsoft SharePoint","Business Application","2307240","72039","2235201"
"Box","File Sharing","257199","81237","175962"
"Concur","Business Application","81892","47128","34764"
"Google Translate","Web","12978197","1929914","11048283"
"iHeartRADIO","Media","3084605","154595","2930010"
"Livestream (formerly Mogulus)","Media","4518023","156218","4361805"
"Pandora Radio","Media","102765","2431","100334"
"Psiphon","Web","2525569","170788","2354781"
"SiriusXm.com","Media","13408827","530218","12878609"
"GoToMeeting Online Meeting","Business Collaboration","43999902","3677813","40322089"
"WebEx","Business Collaboration","16528768","4511127","12017641"
"Slingbox","Media","2490881","88545","2402336"
"Bloomberg.com","Web","24845468","1421475","23423993"
"Internet Inter-ORB Protocol","Network Service","4555","2896","1659"
"RSS","Web","60687570","1810419","58877151"
"Netware Core Protocol","Management","4987","3106","1881"
"Flash Media Playback","Media","1777255","43385","1733870"
"10086.cn","Web","487070","53310","433760"
"ABCNews","Web","4237319","84273","4153046"
"Acer","Web","3776610","158176","3618434"
"Adobe Acrobat DC (Document Cloud)","Web","6317571","632287","5685284"
"Alexa","Web","50048","6100","43948"
"AlJazeera.net","Web","4377319","334782","4042537"
"AmericanExpress","Web","2093073","320090","1772983"
"ATT.com (AT&T)","Web","63048","5528","57520"
"Blogger","Web","3380333","243679","3136654"
"Capital One","Web","18335407","2175747","16159660"
"Cnet.com","Web","46846540","4178713","42667827"
"CNN (Cable News Network)","Web","209013028","22771469","186241559"
"China Network Television","Web","15326420","415270","14911150"
"Comcast","Web","17467258","4258084","13209174"
"Fox News","Web","227521825","12931551","214590274"
"FoxSports.com","Web","28710","4392","24318"
"IKEA.com","Web","17274219","2952739","14321480"
"Intuit.com","Business Application","2476341","204866","2271475"
"Kaspersky.com","Web","295796856","166279493","129517363"
"Match.com","Web","2052","1350","702"
"NBA.com","Web","7717490","909737","6807753"
"National Football League (NFL.com)","Web","18244515","1001107","17243408"
"Nike.com","Web","5083685","1459957","3623728"
"NYTimes.com","Web","84905633","4797962","80107671"
"PlayStation.com","Web","4492","1689","2803"
"Reuters.com","Web","7508497","197748","7310749"
"Reverso.net","Web","46418","3759","42659"
"Sky","Web","7864182","927047","6937135"
"SlideShare","Web","9693488","1200405","8493083"
"Sports Illustrated","Web","1042498","35643","1006855"
"Univision.com","Web","2156431","43552","2112879"
"WashingtonPost.com","Web","7092339","619546","6472793"
"Xbox","Gaming","1297361","205660","1091701"
"QQDownload","Peer to Peer","854","504","350"
"Funshion video player","Web","10043","5284","4759"
"OICQ","Internet Instant Messaging","240118","148634","91484"
"Sophos update","Business Application","52875","15635","37240"
"Line","Internet Instant Messaging","118170235","3034802","115135433"
"Scribd.com","Web","25162406","1241509","23920897"
"Hulu","Media","8142","1804","6338"
"TuneIn","Real Time Audio/Video","1812013","135045","1676968"
"Coupang","Web","1875888","258500","1617388"
"Zum.com","Web","11422","2315","9107"
"Donga.com","Web","4885769","222640","4663129"
"Hankyung.com","Web","2098161","56446","2041715"
"Mk.co.kr","Web","636419","11373","625046"
"mt","Web","839618","23759","815859"
"Nate.com","Web","8715","1645","7070"
"Pimang.com,Pmang.com","Web","12035","1578","10457"
"Sbs.co.kr","Web","147936","6332","141604"
"Tistory.com","Web","211416","35084","176332"
"Joongang Daily","Web","928663","69656","859007"
"Soso.com","Web","59631","2607","57024"
"Tmall.com","Web","95830","23051","72779"
"Douban.com","Web","116652","26973","89679"
"cnzz.com","Web","1724","1386","338"
"Alibaba.com","Web","9006359","1865056","7141303"
"iQiyi","Web","75875","8162","67713"
"Alimama.com","Web","4302","840","3462"
"51.la","Web","183955","40493","143462"
"Zynga.com","Gaming","372233","74100","298133"
"MiTalk Messenger (Miliao)","Internet Instant Messaging","14506347","450849","14055498"
"FC2.com","Social Networking","272021","21621","250400"
"Hatena.ne.jp","Social Networking","197964","9003","188961"
"Pixiv.net","Web","80587","20678","59909"
"GREE Games","Gaming","64537","14967","49570"
"Chinatimes.com","Web","920036","54319","865717"
"Ctrip.com","Web","51735527","1737746","49997781"
"Eastmoney.com","Web","548854","36356","512498"
"Ettoday.net","Web","1855834","67505","1788329"
"Mail189.cn","Email","14975","4973","10002"
"Pixnet.net","Social Networking","12911","3736","9175"
"QQ Games","Gaming","3141749","281266","2860483"
"Qunar.com","Web","685334","324685","360649"
"Sina News","Web","138206","43145","95061"
"Udn.com","Web","48047801","1125842","46921959"
"Pornhub","Web","3525","841","2684"
"Nokia Here API","Web","8631581","351206","8280375"
"SoftBank.com","Web","61247","10094","51153"
"Nend.net","Web","85641","26102","59539"
"iperf","File Sharing","33293","17951","15342"
"Sina Video","Media","347540","287186","60354"
"Baidu Player","Media","76649","5440","71209"
"Speedtest","File Sharing","128712647","13840908","114871739"
"MapQuest.com","Web","71342","5692","65650"
"BuzzFeed.com","Web","232473","39872","192601"
"Internet Movie Database","Web","337095699","4677906","332417793"
"Imgur.com","Storage and Backup","53515100","1313081","52202019"
"Evernote","Web","11981930","8346302","3635628"
"WebSocket","Network Service","2363709","418906","1944803"
"Bet365.com","Web","92116942","976042","91140900"
"Issuu.com","Web","5203977","412857","4791120"
"LastPass.com","Web","613636","255627","358009"
"Saavn Bollywood Music","Media","10839","1319","9520"
"touch","Internet Instant Messaging","2344","854","1490"
"Bitcoin client","Peer to Peer","986","542","444"
"BBC","Web","33892614","1200021","32692593"
"AVG.com","Web","15921","1640","14281"
"Softonic.com","Web","108240","19478","88762"
"ElPais.com","Web","192031","7943","184088"
"Marca.com","Web","535726","132689","403037"
"Kooora.com","Web","1439375","269317","1170058"
"Olx","Web","42297","4523","37774"
"ESPNCricinfo.com","Web","14661827","739932","13921895"
"Goal.com","Web","1407751","18158","1389593"
"Blogfa.com","Web","52156","6359","45797"
"Free","Web","1901","1376","525"
"Index.hr","Web","34458","1692","32766"
"craigslist","Web","9394296","658451","8735845"
"Interia.pl","Web","3762043","244807","3517236"
"Lotterypost.com","Web","14047","4016","10031"
"Internet Small Computer Systems Interface","Network Service","2557","1380","1177"
"System Center Configuration Manager","Management","19268","7806","11462"
"Background Intelligent Transfer Service","File Sharing","285244837","8373767","276871070"
"Seznam.cz","Web","50590","3695","46895"
"Varzesh3.com","Web","2822836","95669","2727167"
"Hotspot Shield","Tunneling and VPN","13852545","3396195","10456350"
"EdgeCast Networks CDN","Infrastructure","3755","608","3147"
"AliExpress.com","Web","149762450","5729558","144032892"
"Rt.com","Web","4992606","675732","4316874"
"Wp.pl","Web","191733","56998","134735"
"GossipLankaNews.com","Web","120866","27207","93659"
"Fox Business Network","Web","28075182","683019","27392163"
"Tapatalk","Web","4316","1720","2596"
"Aparat","Web","568622480","3173107","565449373"
"Yadro","Web","63155","37157","25998"
"Huffington Post","Web","1641264","27179","1614085"
"Fsecure","Web","3977115","3001983","975132"
"Plants vs Zombies","Gaming","2309687","603651","1706036"
"Almasryalyoum","Web","306897","15283","291614"
"OpenStreetMap","Infrastructure","2895653","95995","2799658"
"magicJack","Business Application","26407","3598","22809"
"World Series of Poker","Gaming","255279373","11937676","243341697"
"Brightcove","Media","1932885295","39410705","1893474590"
"Twitch","Media","15786866","1116194","14670672"
"BoldChat Live Chat","Internet Instant Messaging","1519265","500262","1019003"
"OkCupid","Web","6607159","4668906","1938253"
"139mail","Internet Instant Messaging","1136540","340018","796522"
"FreeWheel","Web","2302539","489935","1812604"
"Turner","Web","86322925","2676870","83646055"
"Vmware Horizon View (PCoIP protocol)","Business Application","4148332","1431344","2716988"
"battlenet","Gaming","3719342","186074","3533268"
"Protothema","Web","588434","22200","566234"
"Nextmedia","Web","7697","455","7242"
"Jamaica Gleaner","Web","5444","967","4477"
"ASANA","Web","631314","138037","493277"
"Abs.cbnnews","Web","1495778","171107","1324671"
"JAVA-RMI","Network Service","6111","3786","2325"
"Amazon Cloud Drive","Web","270034533","257242644","12791889"
"Lazada","Web","3931698","63689","3868009"
"Gettyimages","Web","8992720","384084","8608636"
"Hirufm","Web","10823709","190534","10633175"
"Theladbible","Web","139036","8856","130180"
"Traffic Junky","Web","24303","6077","18226"
"I2P Invisible Internet Project","Tunneling and VPN","58594","28358","30236"
"CPMSTAR","Web","355679","67846","287833"
"AOL One","Web","4267154","443667","3823487"
"Australian Broadcasting Corporation","Web","13628","3157","10471"
"Realestate","Web","361800","75204","286596"
"Constant Contact","Web","8417872","334952","8082920"
"Bitbucket","Web","79128","11680","67448"
"Skynewsarabia","Web","9769","1661","8108"
"Internet.org","Web","21158","8174","12984"
"SourceForge","Web","1625","376","1249"
"My.com","Web","617188","218646","398542"
"Bizographics","Web","4716","954","3762"
"Spredfast","Web","24513","2422","22091"
"CBS Video","Web","5091373","193063","4898310"
"LogMeIn","Remote Desktop","314974","17449","297525"
"Threema","Web","20700","9373","11327"
"MoPub","Web","1283968","723101","560867"
"Sekindo","Web","952574","119832","832742"
"Perform","Web","1608435","41216","1567219"
"Periscope","Media","383381281","8391819","374989462"
"Microsoft Sway (Office 365)","Business Application","253835","61994","191841"
"Olark","Web","1450822","50429","1400393"
"ABS-CBN Entertainment","Web","383591","65587","318004"
"Liberty Times Net","Web","277755","20159","257596"
"Rollout","Web","105720","23219","82501"
"Signal","Web","618282","85082","533200"
"Riffsy (Tenor.co)","Web","9640188","570161","9070027"
"Ensighten","Web","12793345","2415912","10377433"
"Tune","Web","64124","18669","45455"
"Braintree","Web","768086","179949","588137"
"QINIU","Web","15329045","198182","15130863"
"LKQD","Web","561563","188653","372910"
"Lookout Mobile Security","Business Application","3792097","85145","3706952"
"Bleacher Report","Web","18680629","175907","18504722"
"Kaieteur News Online","Web","368565","22050","346515"
"MobFox","Web","21474","4224","17250"
"Liftoff","Web","5360030","3349511","2010519"
"Younow","Web","3593953","1652193","1941760"
"MQ Telemetry Transport","Network Service","18194","7937","10257"
"nuomi.com","Web","8307","1291","7016"
"Adk2","Web","111361","11101","100260"
"Weborama","Web","186916","44473","142443"
"Constrained Application Protocol","Network Service","452872","146415","306457"
"Highwinds","Web","19735022","349913","19385109"
"Douyu","Gaming","142113013","5008705","137104308"
"StackExchange","Web","2082760","63084","2019676"
"StackOverflow","Web","3040440","157568","2882872"
"Wix","Web","139036561","9695166","129341395"
"Tinder","Web","99948364","10666680","89281684"
"Eskimi","Web","102150","10584","91566"
"Namuwiki","Web","364503","6817","357686"
"Shutterstock","Web","414453","119246","295207"
"Ubuntu","Web","8073","3252","4821"
"Clash of Clans","Gaming","37343340","2492406","34850934"
"Supercell","Gaming","22658700","998922","21659778"
"Amazon Music","Media","2113528","525535","1587993"
"Facebook Live","Media","3513282","3451310","61972"
"Cheetah Mobile","Web","34198066","1692958","32505108"
"Microsoft Powerpoint Online (Office 365)","Business Collaboration","964518","241633","722885"
"OPC Unified Architecture","Web","776","554","222"
"Signal Private Messenger (Open Whisper Systems)","Internet Instant Messaging","24411350","3548552","20862798"
"Tidal","Media","2150351","89116","2061235"
"StreamRail","Media","663157","316805","346352"
"Vidyard","Web","7967809","99031","7868778"
"Nintendo","Gaming","9052672","3443677","5608995"
"Daraz","Web","7257","910","6347"
"OpenRTB","Web","41521","33608","7913"
"ADventori","Web","272167","63007","209160"
"Audible","Real Time Audio/Video","314238","121033","193205"
"Ming Pao","Web","1750185","261800","1488385"
"Oriental Daily News (on.cc)","Web","156458142","3432376","153025766"
"Meituan","Web","33123","4813","28310"
"Flashtalking","Web","23320189","2031277","21288912"
"QQ r2","Web","502052","415134","86918"
"Google Classroom","Web","12629984","4841873","7788111"
"Samsung Update","Web","2262379571","46624268","2215755303"
"Huawei Update","Web","6230","993","5237"
"Wamba","Web","5290","600","4690"
"Amazon Chime","Business Collaboration","3347755","1712367","1635388"
"AnyDesk","Remote Desktop","111996575","7662869","104333706"
"Livescore","Web","748366","77663","670703"
"Savefrom","Web","719442","33245","686197"
"MaxCDN","Web","124933","24686","100247"
"Zhihu","Web","34084170","10117831","23966339"
"Booking.com","Web","4764549","274310","4490239"
"Walmart","Web","10465101","5973564","4491537"
"DocuSign","Web","5557112","397694","5159418"
"Duodecad IT Services","Web","59602460","523983","59078477"
"8tracks","Real Time Audio/Video","84976","1509","83467"
"WeTransfer","Web","18828518","579059","18249459"
"Microsoft Power BI (Office 365)","Web","20793","2480","18313"
"Autodesk Fusion 360","Tunneling and VPN","40448460","12556223","27892237"
"Cloudinary","Web","165549405","3480580","162068825"
"Optus","Web","2642004","85026","2556978"
"Gfycat","Web","2235899","41621","2194278"
"T-Mobile","Web","166431","24904","141527"
"KKBOX","Real Time Audio/Video","6036748","130043","5906705"
"Chunghwa Telecom","Web","170884","42721","128163"
"Sportradar","Web","54211538","2353480","51858058"
"Pornhub NETWORK","Web","17470","2539","14931"
"Meitu","Web","36180247","3520957","32659290"
"Snow","Internet Instant Messaging","456135","32197","423938"
"Clash Royale","Gaming","26420852","1239138","25181714"
"Origin","Web","93642675","1979729","91662946"
"Canvas Student","Web","43283215","1147366","42135849"
"Instructure","Web","12291883","1466973","10824910"
"Mail.com","Email","1561007","387680","1173327"
"United Internet","Web","259091","91639","167452"
"HYPERS","Web","13746","3929","9817"
"Workplace By Facebook","Social Networking","149569050","14554437","135014613"
"Electronic Arts","Web","90311385","4854181","85457204"
"Facebook Lite","Social Networking","916459","87795","828664"
"Microsoft PowerShell Remoting Protocol","Network Service","1255","267","988"
"Digioh","Web","16480923","644261","15836662"
"Apptimize","Web","283455","96245","187210"
"x_vpn","Tunneling and VPN","90232886","10119104","80113782"
"Mediascope","Web","161395","40252","121143"
"Data Saver","Web","5503814","511222","4992592"
"kafka","Network Service","327142","32744","294398"
"Domain Name Service Crypt","Network Service","580335","246828","333507"
"Symantec Endpoint Protection","Web","5620","1608","4012"
"Youtube Music","Media","88417342","8823877","79593465"
"Akamai Video","Media","9222041","545467","8676574"
"Appnext","Web","40652","4426","36226"
"Tenor","Web","80940186","3169038","77771148"
"Splunk Cloud","Storage and Backup","1108543","830784","277759"
"Fortnite","Gaming","10191744","824880","9366864"
"Fox Networks","Web","488329","33504","454825"
"AnchorFree","Tunneling and VPN","42368","18736","23632"
"Epic_games","Gaming","1116941","231760","885181"
"Unreal_engine","Gaming","6462274","248485","6213789"
"vpn1.com","Anonymizers and Proxies","82678","53875","28803"
"IBM","Web","220505","14777","205728"
"Spring Tech VPN","Tunneling and VPN","1735882","425624","1310258"
"Azure Right Management Service","Business Application","794698","27596","767102"
"RingCentral","Business Collaboration","257347","32862","224485"
"Google News","Web","91264107","35700942","55563165"
"Visual IQ","Web","747083","187607","559476"
"CyberGhost","Tunneling and VPN","96607","21972","74635"
"League of Legends","Gaming","11054749","6944713","4110036"
"CarbonBlack website","Web","95095314","87238732","7856582"
"Discourse","Web","1537023","47068","1489955"
"Dragon Ball","Gaming","6650296","553726","6096570"
"ExpressVPN","Tunneling and VPN","3822822","1342590","2480232"
"TechRadar","Web","3269463","126971","3142492"
"Future_plc","Web","81396929","1269877","80127052"
"Inskin","Web","12159","2220","9939"
"DICOM","Network Service","1661","890","771"
"ProtonMail","Email","253760","21141","232619"
"AWS Console","Business Application","1793139","1279099","514040"
"Singapore Government","Web","902684","27908","874776"
"Prezi","Web","86604","54396","32208"
"WorkspaceOne","Web","66091","20668","45423"
"iBooks","Web","45375","15969","29406"
"Fandom","Web","14950923","567691","14383232"
"Google GSuite","Web","40967439","14457790","26509649"
"W3Schools","Web","438670","21933","416737"
"Codepen","Web","6081","1339","4742"
"Didi","Web","2363921","116536","2247385"
"ICF Technology","Web","371027","122031","248996"
"OpenSignal","Web","3581380","3429429","151951"
"Megaphone","Web","2631606785","69597824","2562008961"
"UDP Data Transfer protocol","File Sharing","16209788","535966","15673822"
"TripAdvisor","Web","21491510","1175598","20315912"
"Unknown virtual protocol","Unclassified","15139113953","367746730","14771367223"
"Gaana","Real Time Audio/Video","43194","5513","37681"
"Unknown virtual protocol","Unclassified","72741","12644","60097"
"Unknown virtual protocol","Unclassified","5817920","204158","5613762"
"Unknown virtual protocol","Unclassified","612918","266598","346320"
"Unknown virtual protocol","Unclassified","36842176","1133491","35708685"
"Unknown virtual protocol","Unclassified","2906739","1913914","992825"
"Unknown virtual protocol","Unclassified","260126633","4721824","255404809"
"Bumble","Web","203103475","17201444","185902031"
"National Public Radio","Web","1318907","557709","761198"
"Acast","Real Time Audio/Video","448968943","7353334","441615609"
"Talkatone","Internet Instant Messaging","219375","71566","147809"
"Raknet","Gaming","1629603","770221","859382"
"Wireguard","Tunneling and VPN","4481573097","1564477956","2917095141"
"Firework","Internet Instant Messaging","2203089","526223","1676866"
"Banggood","Web","10928","4640","6288"
"Bigo","Web","59708843","1425013","58283830"
"Disney Plus","Real Time Audio/Video","5842344097","52009462","5790334635"
"Kuwo","Real Time Audio/Video","80649","62750","17899"
"Moji Weather","Web","55858","1691","54167"
"Web Services Dynamic Discovery","Network Service","69568","19416","50152"
"Xigua Video","Real Time Audio/Video","131720056","8743673","122976383"
"Tuchong","Web","1233309","1188959","44350"
"Airbnb","Web","25268175","2912351","22355824"
"Activision-Blizzard","Web","4097313","809023","3288290"
"Zhenai","Web","31097","16545","14552"
"MediaLab","Web","67983","1531","66452"
"Netease Games","Gaming","3794832","676784","3118048"
"Browsec VPN","Tunneling and VPN","922418","225630","696788"
"Workday","Business Application","1265239","82548","1182691"
"Service Now","Web","482376","172556","309820"
"LocationIQ","Web","10859","4248","6611"
"StackPath","Web","9561314","288320","9272994"
"DoorDash","Web","1459660","968212","491448"
"Fifa","Gaming","5304751","327348","4977403"
"Houseparty","Real Time Audio/Video","507033","75558","431475"
"Acronis Cloud","Web","360678","135220","225458"
"Citrix","Web","99902","34966","64936"
"Namasha","Web","3346615","38495","3308120"
"Digital Turbine","Web","119294","62706","56588"
"7digital","Real Time Audio/Video","330555","12073","318482"
"Pluto TV","Real Time Audio/Video","19325171","456280","18868891"
"adRise","Real Time Audio/Video","1812205","311684","1500521"
"Tubi TV","Real Time Audio/Video","1096395209","37687008","1058708201"
"Sift Science","Web","656436","150164","506272"
"ToTok Messenger","Internet Instant Messaging","502785","164249","338536"
"Amazon Alexa Assistant","Business Collaboration","398670","124322","274348"
"Yubo","Internet Instant Messaging","926200","166974","759226"
"Zerotier","Tunneling and VPN","1169802","668348","501454"
"Minute Media","Web","165469929","2962163","162507766"
" Revolut","Web","26975086","782580","26192506"
"Jitsi","Real Time Audio/Video","7595","2234","5361"
"Coursera","Web","41371263","1724245","39647018"
"The Blaze","Web","2541835","63124","2478711"
"WordReference.com","Web","820471","48679","771792"
"E! Online","Web","222542","5090","217452"
"Hotels.com","Web","1932079","72275","1859804"
"Indeed","Web","289482812","46063230","243419582"
"NHL.com","Web","65986918","1771151","64215767"
"Official Major League Baseball","Web","151295095","2468721","148826374"
"Priceline.com","Web","1607839","45883","1561956"
"Rotten Tomattoes","Web","125263","3550","121713"
"SFGate","Web","11892","2270","9622"
"Slate Magazine","Web","6026056","370563","5655493"
"BambooHR","Web","14170277","452438","13717839"
"The Telegraph","Web","7068764","631369","6437395"
"The Daily Beast","Web","8827468","516059","8311409"
"The Free Dictionary","Web","3238","696","2542"
"TIME","Web","1655836","232617","1423219"
"United Airlines","Web","7368135","3895000","3473135"
"OnlyFans","Web","355","215","140"
"Nvidia","Web","172996","52292","120704"
"Geforce Now","Gaming","1402456","129998","1272458"
"Call of Duty Mobile","Gaming","294234815","10990287","283244528"
"Wired","Web","1050346280","37181550","1013164730"
"Kickstarter","Web","501591799","4803676","496788123"
"Indiegogo","Web","9104","1196","7908"
"FedEx","Web","263683","105261","158422"
"Kayak","Web","17047550","565692","16481858"
"Eventbrite","Web","20168431","367175","19801256"
"WarnerMedia","Web","752113749","6727932","745385817"
"Bilibili","Web","1370381294","38550663","1331830631"
"Unknown virtual protocol","Unclassified","1213030","453348","759682"
"ShoreTel","Business Collaboration","185494","74868","110626"
"RingCentralApp","Business Collaboration","9168","2158","7010"
"ZoomCRC","Business Collaboration","9900","4752","5148"
