"Application","Category","Total Bytes","Bytes Received","Bytes Sent"
"Domain Name Service","Network Service","2287619072","1026600813","1261018259"
"Google Mail","Email","1625607317","156197856","1469409461"
"Google Search","Web","736948380","165564651","571383729"
"Google Maps","Web","104059454","15758228","88301226"
"HyperText Transfer Protocol","Web","5794571985","688013811","5106558174"
"HyperText Transfer Protocol Secure","Web","39738121902","2835007680","36903114222"
"Internet Control Message Protocol","Network Service","4260384510","2575017109","1685367401"
"Internet Message Access Protocol version 4","Email","115436714","41166785","74269929"
"Internet Protocol","Network Service","0","0","0"
"XMPP Protocol (Jabber)","Business Collaboration","14653407","1330699","13322708"
"Remote Desktop Protocol (Windows Terminal Server)","Remote Desktop","2471314","158246","2313068"
"Skype and Teams","Business Collaboration","63179398","13698952","49480446"
"Simple Mail Transfer Protocol","Email","56766681","54792384","1974297"
"Simple Object Access Protocol","Network Service","486213640","336789842","149423798"
"Secure Shell","Tunneling and VPN","126050623","68111492","57939131"
"Secure Socket Layer","Tunneling and VPN","16208211905","1902920710","14305291195"
"Session Traversal Utilities for NAT","Business Collaboration","533191318","264296535","268894783"
"Transmission Control Protocol","Other TCP/UDP","3022432964","253808434","2768624530"
"User Datagram Protocol","Other TCP/UDP","176392453472","16969021029","159423432443"
"Yahoo Mail v.2.0","Email","273621293","56251172","217370121"
"Youtube.com","Media","22305552312","604802992","21700749320"
"Facebook","Social Networking","146065290050","3469887366","142595402684"
"Google Ads","Web","1474793068","212481426","1262311642"
"Windows Live Hotmail","Email","175934342","13865748","162068594"
"WordPress.com","Social Networking","55966522","1945286","54021236"
"LinkedIn","Social Networking","560135992","20351778","539784214"
"Apple Generic Services","Web","13755062620","237309734","13517752886"
"Online Certificate Status Protocol","Business Application","11650973","4350318","7300655"
"Twitter","Social Networking","1709020835","43223168","1665797667"
"Yandex.ru","Web","14078344","8874372","5203972"
"iTunes","Media","393291419","55423633","337867786"
"Spotify","Media","1020244323","70089139","950155184"
"TeamViewer","Remote Desktop","69633359","41796497","27836862"
"Bing.com (formerly MSN Search)","Web","693308538","61433654","631874884"
"Windows Update","Web","14080149325","749674850","13330474475"
"Chrome Update","Web","287006745","17558028","269448717"
"Viber","Real Time Audio/Video","57818774","10437588","47381186"
"Netflix.com","Media","10573083895","200671694","10372412201"
"Google Analytics,Google Marketing Platform","Web","227773622","50641514","177132108"
"Google GStatic","Web","1525819738","98528694","1427291044"
"Dropbox","Storage and Backup","213095328","14508505","198586823"
"Google Translate","Web","3679221","515557","3163664"
"iHeartRADIO","Media","1534581","131335","1403246"
"Salesforce","Business Application","5317481","1164680","4152801"
"Google Generic","Web","2813024499","1096127659","1716896840"
"AccuWeather","Web","17450666","2022378","15428288"
"Amazon Generic Services","Web","3408032293","1069666440","2338365853"
"Kaspersky.com","Web","534065","255017","279048"
"Weather.com","Web","129703680","7911695","121791985"
"WhatsApp Messenger","Internet Instant Messaging","1801163491","446218787","1354944704"
"Apple App Store","Web","9230611350","147196134","9083415216"
"Windows Marketplace","Web","1394627997","97439617","1297188380"
"Apple Push Notification Service","Web","203648462","128698479","74949983"
"iOS over-the-air (OTA) update","Web","2165995370","27940946","2138054424"
"Samsung Apps","Web","159833734","20252185","139581549"
"Google Play Store","Media","1411762952","371963485","1039799467"
"iCloud (Apple)","Storage and Backup","4745916429","3320779114","1425137315"
"Instagram","Web","40885749617","1092511909","39793237708"
"Amazon Web Services/Cloudfront CDN","Infrastructure","4697743773","1245369529","3452374244"
"Akamai Technologies CDN","Web","18380846707","556986058","17823860649"
"Limelight Networks CDN","Web","3135871169","111837727","3024033442"
"Yahoo.com","Web","672007184","93141906","578865278"
"CloudFlare CDN","Infrastructure","6259920931","564591273","5695329658"
"Microsoft Office 365","Business Collaboration","625581722","57615427","567966295"
"Zoho Corporation","Business Application","114434520","64477595","49956925"
"Pinterest","Web","216879832","15123201","201756631"
"Microsoft Outlook (Office 365)","Business Application","1020511234","270469452","750041782"
"Reddit.com","Web","1455291862","34072258","1421219604"
"Apple SIRI","Web","24896543","14632104","10264439"
"Paypal.com","Web","73346629","36973317","36373312"
"Google Accounts","Web","49014370","10520835","38493535"
"Snapchat","Social Networking","2893087587","180103589","2712983998"
"Yadro","Web","31295","13582","17713"
"Turn","Web","8418054","1257658","7160396"
"ScorecardResearch","Web","23094342","5956821","17137521"
"Adobe","Business Application","529312660","41156171","488156489"
"Inneractive","Web","76989268","54870970","22118298"
"Flurry","Business Application","30485710","9762937","20722773"
"Samsung","Web","596079160","416063647","180015513"
"Crashlytics","Web","18280010","2985216","15294794"
"Facebook Messenger","Internet Instant Messaging","3316490219","1422639354","1893850865"
"AppsFlyer","Business Application","33482747","6652834","26829913"
"Mixpanel","Web","13570618","9305690","4264928"
"Google Cloud Messaging","Web","108073487","25944199","82129288"
"Apple Location","Web","1893511544","129841566","1763669978"
"PubMatic","Web","135916435","62100070","73816365"
"LOTAME","Web","6531368","1174293","5357075"
"Rubicon Project","Web","110627969","52030146","58597823"
"AppNexus","Web","399571444","261860355","137711089"
"HyperText Transfer Protocol version 2","Web","17642494107","1364111584","16278382523"
"Google Tag Manager","Web","210021793","8707885","201313908"
"LogMeIn","Remote Desktop","3535328","362298","3173030"
"Applovin","Web","501824922","123306125","378518797"
"Android connectivity Manager","Network Service","13993356","7070568","6922788"
"Periscope","Media","2280725","97269","2183456"
"Heap","Web","113515715","77255400","36260315"
"Branch Metrics","Web","90544516","11474897","79069619"
"Optimizely","Web","97250506","27898508","69351998"
"Microsoft OneDrive","Web","906411099","65065204","841345895"
"Microsoft","Web","5437664391","1679444472","3758219919"
"New Relic","Web","192034711","129226438","62808273"
"Uber (formerly UberCab)","Web","621909714","406746572","215163142"
"hotjar","Web","22543735","9807816","12735919"
"HyperText Transfer Protocol proxy","Network Service","64415809","12994497","51421312"
"GIPHY","Web","96772117","2578677","94193440"
"Eskimi","Web","4949","1061","3888"
"Firebase Cloud Messaging","Web","543734072","132298259","411435813"
"AdColony","Web","204621583","91478904","113142679"
"Huawei","Web","2641789","1118271","1523518"
"MGID","Web","10622926","406472","10216454"
"Okta","Web","91703449","23691107","68012342"
"Amplitude","Web","109312079","103002201","6309878"
"Cisco","Web","4061246","1668373","2392873"
"ByteDance","Web","271929447","14380109","257549338"
"TikTok (Musical.ly)","Social Networking","23027984050","661252709","22366731341"
"Discord","Internet Instant Messaging","1488590119","48541366","1440048753"
"Apple News","Web","322166729","13927156","308239573"
"Vungle","Web","148607108","9372468","139234640"
"Google APIs","Web","6454904075","2697042277","3757861798"
"Amazon Cognito","Web","20789208","6661468","14127740"
"Unknown virtual protocol","Unclassified","21708090","19821115","1886975"
"Google Pay","Web","9833296","2438370","7394926"
"Google Messages","Internet Instant Messaging","64178357","26133596","38044761"
"Roblox","Gaming","1298839690","59370291","1239469399"
"Pendo","Web","9124498","2733608","6390890"
"Digicert","Web","7882477","2567659","5314818"
"Font Awesome","Web","9019453","976125","8043328"
"Intercom","Web","161395442","70295812","91099630"
"SD-WAN Control","SD-WAN","28181212437","15818392711","12362819726"
"SD-WAN Management","SD-WAN","5331205617","2228011002","3103194615"
"TencentMeeting","Business Collaboration","290688577","61091620","229596957"
"Dailymotion.com","Media","844806145","8541603","836264542"
"Internet Message Access Protocol Secure","Email","70197230","5934335","64262895"
"Internet Security Association and Key Management Protocol","Tunneling and VPN","30045904","12399818","17646086"
"Network Time Protocol","Network Service","697943","406984","290959"
"Session Initiation Protocol","Business Application","271293","146741","124552"
"Yahoo Search","Web","2566488","197460","2369028"
"Flickr","Social Networking","457371","9105","448266"
"Real Time Messaging Protocol","Network Service","209869","4099","205770"
"Baidu.com","Web","91795114","7956920","83838194"
"Adobe Flash Plugin Update","Web","31795","8618","23177"
"Java Update","Web","3843393","436546","3406847"
"Opera Update","Web","921308","223218","698090"
"Trendmicro Update protocol","Web","7096034","3576894","3519140"
"Daum.net","Web","384786","73464","311322"
"NYTimes.com","Web","165200743","3297813","161902930"
"Apple FaceTime","Real Time Audio/Video","1062448751","461728928","600719823"
"Line","Internet Instant Messaging","173206075","10530754","162675321"
"KakaoTalk","Internet Instant Messaging","3353849","264369","3089480"
"QQ.com","Web","312748452","6051195","306697257"
"Microsoft Azure (previously Windows Azure)","Infrastructure","215257338","8655285","206602053"
"WeChat","Internet Instant Messaging","1854650524","76706322","1777944202"
"PChome.com.tw","Web","70031707","5659788","64371919"
"Google Talk (incl. Hangouts and Allo and Duo)","Real Time Audio/Video","113459263","54487666","58971597"
"Internet Movie Database","Web","68632","11920","56712"
"Apple HTTP Live Streaming","Real Time Audio/Video","828780","13315","815465"
"Kijiji.ca","Web","35222092","2046750","33175342"
"Amazon Ad System","Web","176966059","36062606","140903453"
"Quantcast","Web","10469870","2108109","8361761"
"Telegram","Internet Instant Messaging","2117327801","101056003","2016271798"
"Oracle","Web","4208410","1264349","2944061"
"Bitstrips","Social Networking","34980853","1567680","33413173"
"Criteo","Web","134075660","20283416","113792244"
"Zendesk","Business Collaboration","9290345","493362","8796983"
"Google Safe Browsing","Web","6032063","2089404","3942659"
"InMobi","Web","36249224","16844729","19404495"
"Gravatar","Business Collaboration","4408541","896420","3512121"
"Xiaomi","Web","421538","144435","277103"
"Stickyads","Web","16335442","7380800","8954642"
"Smart AdServer","Web","46910774","21299785","25610989"
"Google Cloud Storage","Web","893057649","759108140","133949509"
"Google Calendar","Web","65167832","48288327","16879505"
"Flipboard","Web","188865","37628","151237"
"OpenX","Web","6813333","2043817","4769516"
"Index Exchange (previously Casale Media)","Web","30263267","9408836","20854431"
"Sizmek (previously MediaMind)","Web","235725697","19358213","216367484"
"Rlcdn","Web","8408245","1727591","6680654"
"Advertising.com","Web","1764661","406196","1358465"
"Facebook Embedded Video","Media","6111034737","85722862","6025311875"
"Ad Safe Protected","Web","81568216","14883876","66684340"
"Adjust.com","Web","9789063","3878542","5910521"
"Urbanairship","Web","1896462","570350","1326112"
"BootstrapCDN","Web","2757161","190995","2566166"
"Apple Music","Media","585296264","11882626","573413638"
"Outbrain","Web","64775772","12027731","52748041"
"Unruly","Web","30284439","23422897","6861542"
"Rogers TV","Web","65491861","10131981","55359880"
"MoPub","Web","312602","68838","243764"
"Moat","Web","99392458","27268592","72123866"
"Krux","Web","7484695","749516","6735179"
"Microsoft Office OneNote (Office 365)","Business Application","23295854","10574579","12721275"
"Taboola","Web","164206345","22370042","141836303"
"Zopim","Web","6137875","1934389","4203486"
"Rackspace","Web","1746829621","153253016","1593576605"
"Smaato","Web","12978692","3910363","9068329"
"MediaMath","Web","6650112","2597051","4053061"
"jQuery","Web","6913649","413345","6500304"
"Everest Technologies","Web","11012439","3299237","7713202"
"SpotXchange","Web","21645334","14425184","7220150"
"Conversant","Web","3750168","1255921","2494247"
"Clicktale","Web","6094352","2763594","3330758"
"Adform","Web","9213452","1822409","7391043"
"ZoomMeetings","Business Collaboration","3201133364","950255296","2250878068"
"Pokemon GO","Gaming","17283934","3698791","13585143"
"IMO Video Calling Application","Media","59546755","6781149","52765606"
"Bidswitch","Web","23318784","9599334","13719450"
"Signal Private Messenger (Open Whisper Systems)","Internet Instant Messaging","23863149","1257150","22605999"
"Apple Game Center","Gaming","4222116","909493","3312623"
"Nintendo","Gaming","2985894201","362649015","2623245186"
"ULP","Network Service","1539030","52351","1486679"
"DoubleVerify","Web","49084231","9546581","39537650"
"Media Innovation Group","Web","1030660","260746","769914"
"Avast","Web","3599525","497181","3102344"
"PulsePoint","Web","4700810","1744440","2956370"
"eXelate","Web","1647583","469304","1178279"
"Sonobi","Web","10501853","5606292","4895561"
"Google Cloud Platform","Web","12062248","3345602","8716646"
"Mail.com","Email","265408","48690","216718"
"shopee.tw","Web","4880675","302387","4578288"
"Microsoft teams","Internet Instant Messaging","775033793","40046785","734987008"
"Facebook Lite","Social Networking","1571044","345222","1225822"
"9GAG","File Sharing","61440951","877613","60563338"
"Simpli.fi","Web","2914459","579111","2335348"
"Visual IQ","Web","140079","35562","104517"
"CyberGhost","Tunneling and VPN","1129342","299168","830174"
"Fandom","Web","47695488","4677345","43018143"
"Unknown virtual protocol","Unclassified","658175825","14711947","643463878"
"Unknown virtual protocol","Unclassified","11813680","688318","11125362"
"Unknown virtual protocol","Unclassified","17926784","5698725","12228059"
"Quora","Social Networking","3750988","256129","3494859"
"DoorDash","Web","5647641","3699334","1948307"
"Likee","Internet Instant Messaging","10322867","2696910","7625957"
"KOCHAVA","Web","1418160","369549","1048611"
"Go Daddy","Web","2093632","142896","1950736"
"Contentful","Web","176972851","9123203","167849648"
"E! Online","Web","259148","5572","253576"
"Indeed","Web","36537849","5806444","30731405"
"WarnerMedia","Web","194985961","10807737","184178224"
"Wargaming","Web","79607","11041","68566"
"ZoomCRC","Business Collaboration","2817","1746","1071"
"Advance Message Queuing Protocol","Network Service","1996","1108","888"
"BitTorrent","Peer to Peer","9893948","4004716","5889232"
"Connection Oriented Transfer Protocol","Network Service","2738","2072","666"
"eBay.com","Web","4248855","723118","3525737"
"File Transfer Protocol","File Sharing","37183","2036","35147"
"Google Earth","Web","2891806","409933","2481873"
"Independant Computing Architecture (Citrix)","Remote Desktop","3010","1670","1340"
"IPsec (AH and ESP)","Tunneling and VPN","44871318","11981848","32889470"
"HP Printer Job Language","Business Application","1105","562","543"
"Kerberos","Authentication","8275","5524","2751"
"Lighweight Directory Access Protocol","Authentication","19280","12020","7260"
"McAfee Client update","Business Application","82213231","5993346","76219885"
"Post Office Protocol (Version 3)","Email","2324","1162","1162"
"Secure POP3","Email","4760688","1551794","3208894"
"Port Mapper","Network Service","9504","6624","2880"
"QQ","Internet Instant Messaging","2177706","640038","1537668"
"Real Time Control Protocol","Business Collaboration","316739","99805","216934"
"Real Time Protocol","Business Collaboration","200365832","112135821","88230011"
"Real Time Streaming Protocol","Media","44959135","1305918","43653217"
"ShoutCast","Media","717891","25196","692695"
"Server Message Block (Windows File Server)","File Sharing","32314","22894","9420"
"Simple Network Management Protocol","Management","175061","175061","0"
"SOCKet Secure v4","Tunneling and VPN","21663","15174","6489"
"SOCKet Secure v5","Tunneling and VPN","2907","1417","1490"
"Tabular Data Stream","Business Application","7468","4606","2862"
"Transparent Network Service (Oracle)","Business Application","3207","2208","999"
"VMWare","Remote Desktop","2032289","64346","1967943"
"Wikipedia.com","Web","43761824","1829038","41932786"
"X Window System","Business Application","10935","7068","3867"
"4shared.com","Web","64877","14704","50173"
"Secure AIM","Internet Instant Messaging","450895","77679","373216"
"Ask.com","Web","38982","1968","37014"
"Tagged.com","Social Networking","516508","164279","352229"
"Expedia.fr","Web","19425594","5003914","14421680"
"Travelocity.com","Web","7758","1069","6689"
"Realtor.com","Web","9995","1321","8674"
"Mail.ru Webmail","Email","226133","58447","167686"
"Steampowered.com","Gaming","887546280","16081098","871465182"
"Xbox Live","Gaming","2544225","121270","2422955"
"Flixster.com","Web","1368891","82769","1286122"
"Foursquare.com","Web","4889914","2926503","1963411"
"Mixi.jp","Web","328483","56434","272049"
"MyAnimeList.net","Web","2996022","69415","2926607"
"Odnoklassniki.ru","Social Networking","27612","3552","24060"
"ResearchGATE.net","Web","825327","43971","781356"
"Tumblr","Social Networking","19126132","355992","18770140"
"Vk.com (Vkontakte)","Social Networking","122429","7353","115076"
"Vox.com","Web","1421689","22687","1399002"
"Yammer.com","Business Application","385167","333394","51773"
"Yelp.com","Web","1703545","51851","1651694"
"PPStream - P2P based Streamed Media","Business Collaboration","862448","31874","830574"
"Firefox Update","Web","61421337","859949","60561388"
"Apple Update","Web","24895214","1779358","23115856"
"QQLive Network Player","Media","7269","4504","2765"
"BitDefender Update","Web","614393","205662","408731"
"Playstation Network","Gaming","18232","1405","16827"
"BBC Player","Media","28408","4091","24317"
"Garena","Web","1828","308","1520"
"Box","File Sharing","18703","1812","16891"
"Concur","Business Application","5024378","662074","4362304"
"Photobucket.com","Web","11582","2032","9550"
"Psiphon","Web","1309","469","840"
"Portal.TidalTV.com","Web","1069008","288737","780271"
"SiriusXm.com","Media","15289412","3290694","11998718"
"YouKu","Media","3891510","3749932","141578"
"WebEx","Business Collaboration","15144915","365003","14779912"
"Bloomberg.com","Web","513054","31403","481651"
"Tor","Anonymizers and Proxies","669821","30091","639730"
"Radmin","Remote Desktop","1180","736","444"
"Internet Inter-ORB Protocol","Network Service","4743","3102","1641"
"Netware Core Protocol","Management","6904","4258","2646"
"ABCNews","Web","259998","8954","251044"
"Acer","Web","210815","112307","98508"
"Adobe Acrobat DC (Document Cloud)","Web","155389","40659","114730"
"Alexa","Web","46482","4644","41838"
"AmericanExpress","Web","2803520","954815","1848705"
"Blogger","Web","32059793","435140","31624653"
"Capital One","Web","7285533","638693","6646840"
"CNN (Cable News Network)","Web","44801343","4716882","40084461"
"Comcast","Web","8369520","2389095","5980425"
"Daily Mail","Web","10275488","437643","9837845"
"Fox News","Web","80224245","3366118","76858127"
"FoxSports.com","Web","538169","47190","490979"
"IKEA.com","Web","5309","1138","4171"
"Intuit.com","Business Application","27983202","21531721","6451481"
"Monster.com","Web","51027","4188","46839"
"Mozilla.com - Mozilla.org","Web","49668447","16780470","32887977"
"NASA.gov","Web","80625","18046","62579"
"Naver Corporation (formerly NHN Corporation)","Web","41956994","593152","41363842"
"NBA.com","Web","7900054","152209","7747845"
"National Football League (NFL.com)","Web","29101369","1771727","27329642"
"Nike.com","Web","6878","977","5901"
"PlayStation.com","Web","5221413","95046","5126367"
"Redtube","Web","3223153","101458","3121695"
"Reuters.com","Web","512186","26222","485964"
"Reverso.net","Web","671596","14375","657221"
"SlideShare","Web","71656","3802","67854"
"Sports Illustrated","Web","17190","2828","14362"
"Tube8","Web","657671","26204","631467"
"Vimeo","Web","605315025","7211602","598103423"
"WashingtonPost.com","Web","4576028","290839","4285189"
"Xbox","Gaming","44677","6218","38459"
"Xvideos.com","Media","2505","319","2186"
"Youdao.com","Web","53169","20050","33119"
"Youporn","Web","10466064","400954","10065110"
"Sina.com.cn","Internet Instant Messaging","23170","1258","21912"
"QQDownload","Peer to Peer","352","220","132"
"OICQ","Internet Instant Messaging","20026","9800","10226"
"Sina Weibo","Web","119977","26309","93668"
"Taobao","Web","134355967","6756610","127599357"
"QQ WeiBo","Web","27930","8883","19047"
"Google App Engine","Business Application","1846262","261392","1584870"
"Shazam","Web","291070","53352","237718"
"SoundCloud","Media","3302338","159066","3143272"
"TuneIn","Real Time Audio/Video","1989834","253664","1736170"
"Nexon.com","Web","732444","398911","333533"
"Amazon Prime Video","Media","174784721","6832287","167952434"
"163.com","Web","26540441","447193","26093248"
"Ifeng.com","Web","2933538","273049","2660489"
"Alipay","Web","84349151","1645806","82703345"
"Sogou.com","Web","60769","53646","7123"
"Douban.com","Web","182785","66413","116372"
"360.cn","Web","16718","5062","11656"
"Alibaba.com","Web","12402357","723154","11679203"
"iQiyi","Web","124746283","3500011","121246272"
"Zynga.com","Gaming","9076363","5083200","3993163"
"Datagram Transport Layer Security","Tunneling and VPN","104943134","46327894","58615240"
"ISO Base Media File Format","Real Time Audio/Video","28721839","424483","28297356"
"KIK Messenger","Internet Instant Messaging","76156","15097","61059"
"Rakuten.co.jp","Web","585642","50675","534967"
"QQ Games","Gaming","63865","40719","23146"
"QQ Mail","Email","31346","2983","28363"
"QQ News","Web","7515","1449","6066"
"Tencent.com","Internet Instant Messaging","1598459","205453","1393006"
"Udn.com","Web","1420402","44703","1375699"
"Pornhub","Web","42153","20693","21460"
"Nokia Here API","Web","656736","48428","608308"
"MeetMe.com","Social Networking","209101","43281","165820"
"Microsoft SharePoint Online (Office 365)","Business Application","58633620","19622456","39011164"
"Speedtest","File Sharing","98835","67550","31285"
"ESPN.go.com","Web","6907519","645373","6262146"
"BuzzFeed.com","Web","21857323","682143","21175180"
"Imgur.com","Storage and Backup","34869929","530106","34339823"
"Google Documents (aka Google Drive)","Storage and Backup","97746498","3202922","94543576"
"Evernote","Web","20330279","4039817","16290462"
"JingDong","Web","407705","8931","398774"
"Apple Maps","Web","2033237","90818","1942419"
"WebSocket","Network Service","2224019","306503","1917516"
"Bet365.com","Web","371890","33910","337980"
"LastPass.com","Web","40750","25697","15053"
"Saavn Bollywood Music","Media","257631","28886","228745"
"Bitcoin client","Peer to Peer","1996","1108","888"
"BBC","Web","36251734","3323149","32928585"
"Softonic.com","Web","14852","1052","13800"
"ElPais.com","Web","218904","5290","213614"
"Marca.com","Web","80893","18317","62576"
"Delfi","Web","633087","39681","593406"
"Free","Web","845","530","315"
"Index.hu","Web","193931","2342","191589"
"craigslist","Web","484","249","235"
"Gazeta.pl","Web","91243","18958","72285"
"Hurriyet.com.tr","Web","207289","24501","182788"
"Indiatimes","Web","640752","29043","611709"
"Internet Small Computer Systems Interface","Network Service","939","440","499"
"Background Intelligent Transfer Service","File Sharing","12611248","345965","12265283"
"Seznam.cz","Web","63350","2644","60706"
"Hotspot Shield","Tunneling and VPN","958298","611810","346488"
"Conviva","Infrastructure","1060732","816304","244428"
"EdgeCast Networks CDN","Infrastructure","96223494","939707","95283787"
"AliExpress.com","Web","126814724","4088106","122726618"
"Clarin.com","Web","7896","1479","6417"
"Sabq.org","Web","1560619","183460","1377159"
"UOL.com.br","Web","3053478","364587","2688891"
"Wp.pl","Web","267008","94927","172081"
"Milliyet.com.tr","Web","9068","2225","6843"
"Onet.pl","Web","202250","15312","186938"
"Stuff.co.nz","Web","35355","1600","33755"
"Perfect Dark","Peer to Peer","21082","568","20514"
"Top.channel","Web","5613178","38429","5574749"
"Fox Business Network","Web","77710","23818","53892"
"News","Web","4251499","189485","4062014"
"Aol","Web","10501500","634165","9867335"
"Gameloft Games","Gaming","1814001","196267","1617734"
"Tapatalk","Web","1174","509","665"
"AddThis","Web","9640665","673031","8967634"
"Candy Crush Saga","Gaming","27810485","9472702","18337783"
"King Digital Entertainment","Gaming","4917779","1347638","3570141"
"Waze Social GPS Maps & Traffic","Web","4904651","224674","4679977"
"Symantec","Web","6072740","1636703","4436037"
"TRUSTe","Web","14300186","1412714","12887472"
"OpenStreetMap","Infrastructure","358926","21193","337733"
"Traffic Factory","Business Application","2995959","98016","2897943"
"Brightcove","Media","280109445","5599617","274509828"
"Plenty Of Fish","Web","21520497","1726635","19793862"
"Twitch","Media","9695897739","218984964","9476912775"
"BoldChat Live Chat","Internet Instant Messaging","1390027","393960","996067"
"Apsalar","Business Application","968491","27649","940842"
"FreeWheel","Web","2244789","635396","1609393"
"Turner","Web","62667745","1448180","61219565"
"Nielsen","Web","7656141","1198635","6457506"
"Abs.cbnnews","Web","138125","9912","128213"
"DISTCC","Network Service","994","562","432"
"JAVA-RMI","Network Service","7411","4432","2979"
"Cedexis","Web","3061036","925325","2135711"
"Lazada","Web","44453515","1873208","42580307"
"Theladbible","Web","795210","55466","739744"
"Traffic Junky","Web","6023","428","5595"
"quic","Network Service","10339677","3826006","6513671"
"I2P Invisible Internet Project","Tunneling and VPN","1856","1220","636"
"CPMSTAR","Web","128874","26888","101986"
"ADTECH","Web","387672","34343","353329"
"AOL One","Web","1872315","395111","1477204"
"Realestate","Web","125835","24726","101109"
"Constant Contact","Web","810872","24279","786593"
"GitHub","Web","5743094","944901","4798193"
"Bitbucket","Web","30525","6253","24272"
"Sabah","Web","8814","1389","7425"
"Atlassian","Web","6049894","877053","5172841"
"Internet.org","Web","19515","5943","13572"
"Kakaocdn","Infrastructure","773626","19348","754278"
"My.com","Web","329139","109682","219457"
"Bizographics","Web","8727","1549","7178"
"Helpshift","Web","390593","94064","296529"
"Scotiabank","Web","35410193","10820075","24590118"
"Atlas Solutions","Web","234193","70828","163365"
"GoogleBot","Web","1069","736","333"
"CBS Video","Web","23687875","1166070","22521805"
"Fastly","Web","7233430","1422371","5811059"
"Disney Channel","Web","1486992","73789","1413203"
"UpLynk","Web","390519","84122","306397"
"NBC","Web","615041621","4416547","610625074"
"Localytics","Web","2399053","389443","2009610"
"Microsoft Translator (Bing Translator)","Web","83189","21847","61342"
"Perform","Web","1183396","45092","1138304"
"Liveperson","Web","9300433","498634","8801799"
"Mapbox","Web","14958373","580959","14377414"
"Liberty Times Net","Web","3720102","122027","3598075"
"Rollout","Web","289567","25360","264207"
"Signal","Web","470606","87320","383286"
"LiveChat","Web","950363","70953","879410"
"Riffsy (Tenor.co)","Web","9651570","143235","9508335"
"Ensighten","Web","21633041","1287084","20345957"
"Tune","Web","18442","2905","15537"
"Braintree","Web","112318","22475","89843"
"Verizon","Web","13181412","8427954","4753458"
"LKQD","Web","224828","60613","164215"
"TubeMogul","Web","745788","84784","661004"
"Bleacher Report","Web","4007645","29614","3978031"
"Umeng","Web","695697","392247","303450"
"AdF.ly","Web","17246","1861","15385"
"Rappler","Web","252595","8842","243753"
"Revcontent","Web","6924127","1333623","5590504"
"MobFox","Web","186880","43431","143449"
"Google Photos (formerly Google Picasa)","Web","33067535","21747655","11319880"
"Liftoff","Web","1977053","628862","1348191"
"Baidu Maps","Web","257450","55923","201527"
"Bank of America","Web","1194035","138795","1055240"
"QQVideo","Web","6179333","308358","5870975"
"Slack","Web","47839543","2900698","44938845"
"ICY (I Can Yell)","Media","3222347","114638","3107709"
"Younow","Web","4756000","2335763","2420237"
"Bazaarvoice","Web","29885347","2668694","27216653"
"Teads","Web","11120414","2137940","8982474"
"CDNetworks","Infrastructure","51658","3474","48184"
"Weborama","Web","169430","34934","134496"
"Constrained Application Protocol","Network Service","4619","2984","1635"
"Highwinds","Web","9516902","389295","9127607"
"Innovid","Web","307434985","10743823","296691162"
"StackExchange","Web","7165","1299","5866"
"StackOverflow","Web","1005355","29841","975514"
"Wix","Web","16512007","1835150","14676857"
"Tinder","Web","75985460","3989272","71996188"
"Namuwiki","Web","135399","21400","113999"
"Shutterstock","Web","152820","8101","144719"
"Heroku","Web","1955984","154976","1801008"
"Hola","Web","328023","21309","306714"
"Clash of Clans","Gaming","75636","6034","69602"
"Supercell","Gaming","17772","2830","14942"
"Amazon Music","Media","228131","57500","170631"
"Cheetah Mobile","Web","1056","619","437"
"Microsoft Word Online (Office 365)","Business Collaboration","7162902","137463","7025439"
"Microsoft Powerpoint Online (Office 365)","Business Collaboration","24522963","970916","23552047"
"OPC Unified Architecture","Web","1996","1108","888"
"StreamRail","Media","137751","26752","110999"
"Bugsnag","Web","1888762","925960","962802"
"Vidyard","Web","204485","26506","177979"
"ADventori","Web","88864","17046","71818"
"Tealium","Web","9119008","2650607","6468401"
"Audible","Real Time Audio/Video","45753","19510","26243"
"Oriental Daily News (on.cc)","Web","21337584","752379","20585205"
"Flashtalking","Web","4919589","944195","3975394"
"Sharethrough","Web","48076384","22169601","25906783"
"Yieldmo","Web","17340243","2389467","14950776"
"Samsung Update","Web","3082258695","64053513","3018205182"
"AnyDesk","Remote Desktop","40001","17112","22889"
"Naij","Web","8878","2812","6066"
"Savefrom","Web","59453","17909","41544"
"MaxCDN","Web","2012930","266289","1746641"
"Zhihu","Web","2191378","101193","2090185"
"Booking.com","Web","48723587","3480388","45243199"
"Walmart","Web","84453","17427","67026"
"Yandex Music","Real Time Audio/Video","7894","3064","4830"
"DocuSign","Web","4961455","1788934","3172521"
"Automatic Data Processing (ADP)","Web","50089019","3114134","46974885"
"Autodesk Fusion 360","Tunneling and VPN","58609","5540","53069"
"Cloudinary","Web","7753907","156647","7597260"
"Google Secure User Plane Location","Web","219250","37068","182182"
"Gfycat","Web","1909555","31308","1878247"
"T-Mobile","Web","20039","5847","14192"
"Chunghwa Telecom","Web","67782","15054","52728"
"Sportradar","Web","345853","58333","287520"
"Pornhub NETWORK","Web","2065243","489216","1576027"
"Wall Street Journal","Web","2609053","92065","2516988"
"Niantic, Inc","Web","190551","44207","146344"
"Origin","Web","3083278","204865","2878413"
"Canvas Student","Web","12140176","423539","11716637"
"Instructure","Web","1679504","69441","1610063"
"Electronic Arts","Web","154957","66402","88555"
"Microsoft PowerShell Remoting Protocol","Network Service","806","358","448"
"Kakao","Web","75164","14097","61067"
"Digioh","Web","525201","16681","508520"
"Apptimize","Web","73978","36796","37182"
"UC Browser","Web","1572093","1294366","277727"
"Mediascope","Web","16782","4851","11931"
"Data Saver","Web","11734549","844112","10890437"
"Domain Name Service Crypt","Network Service","85088","35619","49469"
"Adtelligent","Web","1065043","443430","621613"
"Akamai Video","Media","129462035","1487302","127974733"
"Appnext","Web","8763","1095","7668"
"Tenor","Web","17906783","1770669","16136114"
"IronSource","Business Application","142104592","13011440","129093152"
"Splunk Cloud","Storage and Backup","215885","122983","92902"
"Fox Networks","Web","1541986","54410","1487576"
"textPlus","Internet Instant Messaging","3208678","1159334","2049344"
"Epic_games","Gaming","3292304","72746","3219558"
"Disqus","Web","18704612","1637913","17066699"
"Grammarly","Web","49918711","25412153","24506558"
"TunnelBear VPN","Tunneling and VPN","59912","15668","44244"
"Ubisoft","Gaming","32971263","8844444","24126819"
"Microsoft AD Right Management Service","Business Application","28765","21099","7666"
"RingCentral","Business Collaboration","204930","38700","166230"
"Google News","Web","3601744","310464","3291280"
"Alibaba Group","Web","1011457","136943","874514"
"Alibaba Cloud","Web","9654856","2367075","7287781"
"Mobile Legends","Gaming","18946127","3819152","15126975"
"ExpressVPN","Tunneling and VPN","371019","20440","350579"
"Future_plc","Web","5348979","388232","4960747"
"Inskin","Web","14687","4790","9897"
"Wish","Web","14110802","937698","13173104"
"Minecraft","Gaming","29798713","1048062","28750651"
"HBO","Web","313423","9207","304216"
"Google GSuite","Web","2673910","381860","2292050"
"Codepen","Web","213076","3143","209933"
"OpenSignal","Web","11529","4767","6762"
"Megaphone","Web","16813180","866031","15947149"
"TripAdvisor","Web","13102421","952800","12149621"
"PubNub","Web","665969","246059","419910"
"Unknown virtual protocol","Unclassified","986633","249373","737260"
"Unknown virtual protocol","Unclassified","1541865","25964","1515901"
"Unknown virtual protocol","Unclassified","829870","463871","365999"
"NetEase","Web","11957988","996175","10961813"
"Unknown virtual protocol","Unclassified","110010","54747","55263"
"Unknown virtual protocol","Unclassified","736061","293622","442439"
"Unknown virtual protocol","Unclassified","715227","22974","692253"
"Unknown virtual protocol","Unclassified","145153800","61481987","83671813"
"Unknown virtual protocol","Unclassified","2816692","174264","2642428"
"Bumble","Web","19058927","1473420","17585507"
"Qwant","Web","56211","1365","54846"
"National Public Radio","Web","10962","1829","9133"
"Raknet","Gaming","10970","2989","7981"
"Wireguard","Tunneling and VPN","722144871","37807833","684337038"
"Firework","Internet Instant Messaging","153770","30928","122842"
"JWPLAYER","Web","644537346","19267532","625269814"
"Bigo","Web","50059356","1833445","48225911"
"BAMTech","Real Time Audio/Video","12588868","6946523","5642345"
"Disney Plus","Real Time Audio/Video","19245513","520077","18725436"
"Toutiao","Web","178495","34054","144441"
"Airbnb","Web","3429037","204420","3224617"
"MediaLab","Web","39017515","4294208","34723307"
"Baidu Tieba","Social Networking","35833","9456","26377"
"Wangwang","Internet Instant Messaging","888805","355395","533410"
"Browsec VPN","Tunneling and VPN","81814704","12638422","69176282"
"Advanced Hosting","Web","90931","3598","87333"
"Workday","Business Application","4219715","971023","3248692"
"BPI Mobile","Web","253800","52333","201467"
"Shopify","Web","32312373","1314409","30997964"
"Service Now","Web","198400","13606","184794"
"StackPath","Web","134794","3299","131495"
"Ximalaya","Real Time Audio/Video","14977089","416275","14560814"
"Uber Eats","Web","148935","32474","116461"
"Houseparty","Real Time Audio/Video","65813","9540","56273"
"Acronis Backup","File Sharing","3522755","425611","3097144"
"Citrix","Web","16838","6578","10260"
"Microsoft Dynamics","Business Application","196826","7487","189339"
"Pluto TV","Real Time Audio/Video","37762153","892034","36870119"
"adRise","Real Time Audio/Video","5950935","983677","4967258"
"Tubi TV","Real Time Audio/Video","1341562205","31660790","1309901415"
"iFunny","Web","809940","36121","773819"
"Demandbase","Web","119094","8165","110929"
"Sift Science","Web","192773","47990","144783"
"Amazon Alexa Assistant","Business Collaboration","19924","7295","12629"
"Spotify Audio","Real Time Audio/Video","1698361856","13394579","1684967277"
"Connatix","Real Time Audio/Video","86197405","22202454","63994951"
"Minute Media","Web","5790785","145235","5645550"
"UserReport","Web","204547","44633","159914"
"Coursera","Web","128483","8385","120098"
"The Blaze","Web","673149","12089","661060"
"Hotels.com","Web","1979798","396102","1583696"
"NHL.com","Web","15750510","460512","15289998"
"Rotten Tomattoes","Web","1727327","240386","1486941"
"The Free Dictionary","Web","115168","12081","103087"
"TIME","Web","18123187","522713","17600474"
"TMZ","Web","16349766","375003","15974763"
"United Airlines","Web","760815","471589","289226"
"Nvidia","Web","316012","66471","249541"
"Geforce Now","Gaming","1803271","238086","1565185"
"Call of Duty Mobile","Gaming","11642980","221933","11421047"
"The Walt Disney Company","Web","1113103","65218","1047885"
"Wired","Web","149373","8976","140397"
"Indiegogo","Web","17744","1634","16110"
"FedEx","Web","2149052","116136","2032916"
"Kayak","Web","7802171","561117","7241054"
"Eventbrite","Web","4459223","82257","4376966"
"Bilibili","Web","32074143","1368309","30705834"
"Etahub","Web","5433","1596","3837"
"Datadog","Web","516501","404966","111535"
"vmware_horizon","Network Service","11299191","2206380","9092811"
"Unknown virtual protocol","Unclassified","1890","1233","657"
"ShoreTel","Business Collaboration","45152","41216","3936"
"RingCentralApp","Business Collaboration","519200","164293","354907"
"ZoomPhone","Business Collaboration","75988","40969","35019"
