"Application","Category","Total Bytes","Bytes Received","Bytes Sent"
"Domain Name Service","Network Service","1147713110","563996833","583716277"
"Google Search","Web","769501289","170213902","599287387"
"HyperText Transfer Protocol","Web","15869488083","1711354463","14158133620"
"HyperText Transfer Protocol Secure","Web","14879538981","1869657507","13009881474"
"Internet Control Message Protocol","Network Service","4243984266","2555748871","1688235395"
"Internet Message Access Protocol version 4","Email","104754173","38751030","66003143"
"Internet Protocol","Network Service","0","0","0"
"Skype and Teams","Business Collaboration","26189080","6018944","20170136"
"Simple Object Access Protocol","Network Service","1352504855","758124428","594380427"
"Secure Shell","Tunneling and VPN","124982963","70455537","54527426"
"Secure Socket Layer","Tunneling and VPN","12052930665","3049065918","9003864747"
"Transmission Control Protocol","Other TCP/UDP","433248371","214273566","218974805"
"User Datagram Protocol","Other TCP/UDP","78131181024","10071355843","68059825181"
"Yahoo Search","Web","913538","80378","833160"
"Youtube.com","Media","13816301849","654281037","13162020812"
"Facebook","Social Networking","44137062813","2120031816","42017030997"
"Google Ads","Web","792689835","124649557","668040278"
"Ask.com","Web","80221","4688","75533"
"Apple Generic Services","Web","5603667671","256121196","5347546475"
"Online Certificate Status Protocol","Business Application","14176906","5388326","8788580"
"Twitter","Social Networking","1731084594","85968964","1645115630"
"Yandex.ru","Web","5437861","1287523","4150338"
"iTunes","Media","2049048125","154671496","1894376629"
"Spotify","Media","2527587111","393539932","2134047179"
"TeamViewer","Remote Desktop","4071881832","332877677","3739004155"
"Bing.com (formerly MSN Search)","Web","274020469","48812121","225208348"
"Java Update","Web","11906760","1769065","10137695"
"Windows Update","Web","11703096299","913554907","10789541392"
"Chrome Update","Web","206505608","19256078","187249530"
"Google Analytics,Google Marketing Platform","Web","266579054","66814909","199764145"
"Google GStatic","Web","1324000209","118011735","1205988474"
"Google Generic","Web","2071695739","539030475","1532665264"
"Amazon Generic Services","Web","3150243599","994264578","2155979021"
"WhatsApp Messenger","Internet Instant Messaging","1242741784","341299754","901442030"
"Apple App Store","Web","2937428897","107866132","2829562765"
"Windows Marketplace","Web","1569765655","181188759","1388576896"
"Apple Push Notification Service","Web","361912732","231598090","130314642"
"iOS over-the-air (OTA) update","Web","1294511777","33591842","1260919935"
"Samsung Apps","Web","37932617","7406417","30526200"
"Google Play Store","Media","4224326548","519567298","3704759250"
"iCloud (Apple)","Storage and Backup","5129342883","2014243727","3115099156"
"Instagram","Web","33932026875","1979955709","31952071166"
"Amazon Web Services/Cloudfront CDN","Infrastructure","4186791865","1311514057","2875277808"
"Yahoo.com","Web","186222191","33280932","152941259"
"Google Talk (incl. Hangouts and Allo and Duo)","Real Time Audio/Video","1641448637","373652230","1267796407"
"CloudFlare CDN","Infrastructure","6687686158","570527984","6117158174"
"Microsoft Office 365","Business Collaboration","1571473608","242941232","1328532376"
"Microsoft Outlook (Office 365)","Business Application","2649388388","960722665","1688665723"
"Apple SIRI","Web","84100442","57891556","26208886"
"Imgur.com","Storage and Backup","8201036","286308","7914728"
"Google Accounts","Web","100150185","21223651","78926534"
"Amazon Ad System","Web","85188460","19063024","66125436"
"Snapchat","Social Networking","8490581478","833116399","7657465079"
"ScorecardResearch","Web","428689368","11425625","417263743"
"Quantcast","Web","46816397","2643170","44173227"
"Bitstrips","Social Networking","376266308","14028561","362237747"
"Adobe","Business Application","326525965","39749673","286776292"
"Google Safe Browsing","Web","137586999","107249319","30337680"
"Samsung","Web","202901580","96633911","106267669"
"Facebook Messenger","Internet Instant Messaging","2252715116","670518361","1582196755"
"AppsFlyer","Business Application","42567873","17311332","25256541"
"Google Cloud Storage","Web","2699115828","2406991005","292124823"
"Google Cloud Messaging","Web","91900002","24632999","67267003"
"Apple Location","Web","946103280","154350645","791752635"
"AppNexus","Web","90617645","48135112","42482533"
"HyperText Transfer Protocol version 2","Web","6412513811","1208979094","5203534717"
"Google Tag Manager","Web","208569647","16209922","192359725"
"Facebook Embedded Video","Media","7945685271","167985290","7777699981"
"Android connectivity Manager","Network Service","9419931","4961187","4458744"
"Heap","Web","154367368","76824658","77542710"
"Branch Metrics","Web","40007660","14080564","25927096"
"Optimizely","Web","54597518","21102941","33494577"
"Microsoft","Web","1626900287","460506477","1166393810"
"New Relic","Web","305816313","201504735","104311578"
"Firebase Cloud Messaging","Web","278897751","122018881","156878870"
"ULP","Network Service","27421056","2480542","24940514"
"Google Cloud Platform","Web","11695217","3209406","8485811"
"ByteDance","Web","146525190","57882908","88642282"
"TikTok (Musical.ly)","Social Networking","39301980721","2011022655","37290958066"
"Apple News","Web","250484553","12329060","238155493"
"Google APIs","Web","2112863254","811269225","1301594029"
"Amazon Cognito","Web","19488159","6180524","13307635"
"Unknown virtual protocol","Unclassified","6766277","1632255","5134022"
"Google Messages","Internet Instant Messaging","21075885","7270406","13805479"
"Digicert","Web","6068393","2206711","3861682"
"Intercom","Web","344399413","139050865","205348548"
"SD-WAN Control","SD-WAN","38814258339","21080405335","17733853004"
"SD-WAN Management","SD-WAN","4745548783","2034704187","2710844596"
"TencentMeeting","Business Collaboration","280951797","36859185","244092612"
"eBay.com","Web","6822222","857098","5965124"
"Google Mail","Email","983435416","123910986","859524430"
"Google Maps","Web","153069742","13737307","139332435"
"Internet Message Access Protocol Secure","Email","11225818","1568968","9656850"
"IPsec (AH and ESP)","Tunneling and VPN","435127414","144679292","290448122"
"XMPP Protocol (Jabber)","Business Collaboration","712477","397113","315364"
"McAfee Client update","Business Application","9292545","2208300","7084245"
"Network Time Protocol","Network Service","407120","219948","187172"
"Remote Desktop Protocol (Windows Terminal Server)","Remote Desktop","127676","89040","38636"
"ShoutCast","Media","7350712","241878","7108834"
"Server Message Block (Windows File Server)","File Sharing","9776","7112","2664"
"Simple Mail Transfer Protocol Secure","Email","25065","9846","15219"
"Session Traversal Utilities for NAT","Business Collaboration","48349530","18471081","29878449"
"Yahoo Mail v.2.0","Email","75379686","12073165","63306521"
"Windows Live Hotmail","Email","548246670","173435566","374811104"
"WordPress.com","Social Networking","13949653","610045","13339608"
"LinkedIn","Social Networking","230632534","14324009","216308525"
"Goodreads.com","Web","2128380","151005","1977375"
"Yammer.com","Business Application","728064","95788","632276"
"Baidu.com","Web","1888166","97051","1791115"
"Adobe Flash Plugin Update","Web","137115","31586","105529"
"Firefox Update","Web","8685329","272069","8413260"
"Opera Update","Web","363585","92333","271252"
"icecast","Media","10446145","281682","10164463"
"Netflix.com","Media","4155134874","155715014","3999419860"
"Dropbox","Storage and Backup","513596621","175576369","338020252"
"Salesforce","Business Application","47859006","23685178","24173828"
"YouKu","Media","3191638","3056612","135026"
"AccuWeather","Web","1503002","207670","1295332"
"Daily Mail","Web","3255801","424426","2831375"
"Intuit.com","Business Application","16425832","9310298","7115534"
"Mozilla.com - Mozilla.org","Web","32908763","7510705","25398058"
"Vimeo","Web","62014822","4144268","57870554"
"Weather.com","Web","31880310","2768378","29111932"
"Sophos update","Business Application","23072","6809","16263"
"Taobao","Web","30830921","7994445","22836476"
"Google App Engine","Business Application","654889","73509","581380"
"SoundCloud","Media","138366444","19104493","119261951"
"Amazon Prime Video","Media","170298184","11357664","158940520"
"Alibaba.com","Web","2465338","660810","1804528"
"Akamai Technologies CDN","Web","2631190071","77390919","2553799152"
"Microsoft Azure (previously Windows Azure)","Infrastructure","116083719","9132273","106951446"
"Zoho Corporation","Business Application","31689613","15951510","15738103"
"Nokia Here API","Web","3763472","326310","3437162"
"Microsoft SharePoint Online (Office 365)","Business Application","197141695","25465387","171676308"
"Speedtest","File Sharing","2956678","143831","2812847"
"Pinterest","Web","477484856","33433766","444051090"
"Reddit.com","Web","1936460961","108747661","1827713300"
"WebSocket","Network Service","1199413","413226","786187"
"LastPass.com","Web","672877","121135","551742"
"Paypal.com","Web","11169881","2602127","8567754"
"BBC","Web","19677616","1079876","18597740"
"Apple HTTP Live Streaming","Real Time Audio/Video","193492055","4416961","189075094"
"AliExpress.com","Web","92474346","4531209","87943137"
"Aol","Web","616083","129922","486161"
"AddThis","Web","5771274","467572","5303702"
"Turn","Web","1375260","341278","1033982"
"Telegram","Internet Instant Messaging","179195549","16614413","162581136"
"Symantec","Web","3084664","266776","2817888"
"Oracle","Web","3559708","1083482","2476226"
"TRUSTe","Web","8975062","773355","8201707"
"Criteo","Web","52092619","13879940","38212679"
"Inneractive","Web","43653509","29039151","14614358"
"Flurry","Business Application","29308417","4325489","24982928"
"Crashlytics","Web","28885414","3495873","25389541"
"InMobi","Web","31556816","14770443","16786373"
"Nielsen","Web","2622879","512373","2110506"
"Stickyads","Web","5193031","2496781","2696250"
"Mixpanel","Web","22197395","18182011","4015384"
"Smart AdServer","Web","22496601","8183499","14313102"
"Cedexis","Web","3339890","986077","2353813"
"Google Calendar","Web","28198125","9164475","19033650"
"OpenX","Web","4794340","1286832","3507508"
"PubMatic","Web","42229760","20805517","21424243"
"Index Exchange (previously Casale Media)","Web","16253713","4959578","11294135"
"LOTAME","Web","4523257","763090","3760167"
"Rubicon Project","Web","52074263","19760366","32313897"
"Sizmek (previously MediaMind)","Web","4513175","599757","3913418"
"AOL One","Web","40701","11805","28896"
"Rlcdn","Web","6022321","1122766","4899555"
"Ad Safe Protected","Web","55285137","8216057","47069080"
"Adjust.com","Web","11526902","4692624","6834278"
"Scotiabank","Web","25491777","5120534","20371243"
"Atlas Solutions","Web","136158","31975","104183"
"Urbanairship","Web","6048907","1055810","4993097"
"BootstrapCDN","Web","3926119","352911","3573208"
"Outbrain","Web","24966051","5347622","19618429"
"Unruly","Web","2348692","1113614","1235078"
"Rogers TV","Web","72337852","13420182","58917670"
"MoPub","Web","2616241","776326","1839915"
"Applovin","Web","552071077","115986150","436084927"
"Moat","Web","37945784","8458479","29487305"
"Krux","Web","2051775","415618","1636157"
"Microsoft Office OneNote (Office 365)","Business Application","5121969","464698","4657271"
"Taboola","Web","86312078","9296017","77016061"
"Khaberni","Web","107548","3929","103619"
"Rackspace","Web","9112738865","937215322","8175523543"
"Ensighten","Web","4136931","662253","3474678"
"Smaato","Web","4371354","1820825","2550529"
"Verizon","Web","7163638","4615913","2547725"
"MediaMath","Web","3259446","1213949","2045497"
"jQuery","Web","6787801","528503","6259298"
"Everest Technologies","Web","9781601","3051021","6730580"
"SpotXchange","Web","1420661","415494","1005167"
"Microsoft OneDrive","Web","843511728","48207028","795304700"
"Uber (formerly UberCab)","Web","39744242","12225427","27518815"
"ICY (I Can Yell)","Media","5199484","85513","5113971"
"Conversant","Web","4039176","1319789","2719387"
"Teads","Web","9392111","2335047","7057064"
"Adform","Web","8421361","1934759","6486602"
"hotjar","Web","36909537","18603172","18306365"
"ZoomMeetings","Business Collaboration","605471926","72568041","532903885"
"Pokemon GO","Gaming","28220781","8313545","19907236"
"HyperText Transfer Protocol proxy","Network Service","165004","65968","99036"
"GIPHY","Web","261524420","9156766","252367654"
"Heroku","Web","3541017","294521","3246496"
"Bidswitch","Web","12603255","5316929","7286326"
"StreamRail","Media","556685","46253","510432"
"Bugsnag","Web","3228330","2196304","1032026"
"Apple Game Center","Gaming","7859310","1735804","6123506"
"Tealium","Web","5817634","1364528","4453106"
"Sharethrough","Web","31036014","11842731","19193283"
"AdColony","Web","12146239","4022939","8123300"
"Yieldmo","Web","6233485","1817080","4416405"
"Samsung Update","Web","2333426657","181184393","2152242264"
"MGID","Web","1911800","161832","1749968"
"MaxCDN","Web","680583","18293","662290"
"DoubleVerify","Web","31250525","6028253","25222272"
"Media Innovation Group","Web","652575","172599","479976"
"Booking.com","Web","2415579","234879","2180700"
"Walmart","Web","1794540","1104794","689746"
"Avast","Web","7478165","719945","6758220"
"Okta","Web","81616543","15117501","66499042"
"PulsePoint","Web","2140774","800187","1340587"
"Sonobi","Web","10968708","5766156","5202552"
"Google Secure User Plane Location","Web","952046","180612","771434"
"Amplitude","Web","117635601","109194765","8440836"
"Niantic, Inc","Web","557882","126682","431200"
"Microsoft teams","Internet Instant Messaging","605563933","75898380","529665553"
"Apptimize","Web","89863","27959","61904"
"Akamai Video","Media","363225","91414","271811"
"Tenor","Web","55284546","3767013","51517533"
"Cisco","Web","7909104","4279734","3629370"
"IronSource","Business Application","83568247","9085564","74482683"
"EtiSalat C'Me","Internet Instant Messaging","7211","2178","5033"
"Microsoft AD Right Management Service","Business Application","412990","272088","140902"
"Simpli.fi","Web","1986988","438421","1548567"
"RingCentral","Business Collaboration","2006586","130438","1876148"
"Google News","Web","375293","44331","330962"
"Alibaba Group","Web","795798","198759","597039"
"Discord","Internet Instant Messaging","1097522638","47726602","1049796036"
"CarbonBlack website","Web","417732801","364114703","53618098"
"Wish","Web","19032941","2095161","16937780"
"WorkspaceOne","Web","8801605","1202202","7599403"
"Vungle","Web","112531873","6180166","106351707"
"OpenSignal","Web","62338","48952","13386"
"Megaphone","Web","7339299","1227852","6111447"
"Moodle","Social Networking","9522386","402877","9119509"
"Unknown virtual protocol","Unclassified","218846799","33933904","184912895"
"Unknown virtual protocol","Unclassified","70309151","33123940","37185211"
"Unknown virtual protocol","Unclassified","71188077","58527573","12660504"
"Google Pay","Web","7153779","1823941","5329838"
"Bumble","Web","97239733","4343804","92895929"
"JWPLAYER","Web","129076938","4128309","124948629"
"Quora","Social Networking","33877169","4291038","29586131"
"Wangwang","Internet Instant Messaging","643951","342796","301155"
"Shopify","Web","87340423","3787840","83552583"
"adRise","Real Time Audio/Video","10559101","1215943","9343158"
"Tubi TV","Real Time Audio/Video","4740804310","109209987","4631594323"
"Demandbase","Web","131226","14114","117112"
"KOCHAVA","Web","1175474","302880","872594"
"Amazon Alexa Assistant","Business Collaboration","9405079","1885554","7519525"
"Spotify Audio","Real Time Audio/Video","6787231505","195467699","6591763806"
"UserReport","Web","56340","9617","46723"
"Pendo","Web","151463034","29657453","121805581"
"Go Daddy","Web","7735276","355561","7379715"
"Contentful","Web","60702217","9760253","50941964"
"Geforce Now","Gaming","1013964","19219","994745"
"Kickstarter","Web","526092720","11799542","514293178"
"Font Awesome","Web","24144651","2298870","21845781"
"BitTorrent","Peer to Peer","72791","11845","60946"
"Dailymotion.com","Media","531643","56000","475643"
"File Transfer Protocol","File Sharing","12579","6928","5651"
"Internet Security Association and Key Management Protocol","Tunneling and VPN","287039968","44490742","242549226"
"Kerberos","Authentication","2138","1472","666"
"Layer 2 Tunneling Protocol","Tunneling and VPN","26480","26480","0"
"Post Office Protocol (Version 3)","Email","2706570","50079","2656491"
"Secure POP3","Email","3665959","84677","3581282"
"Port Mapper","Network Service","2138","1472","666"
"Real Time Protocol","Business Collaboration","102025994","46002979","56023015"
"Real Time Streaming Protocol","Media","9914","6047","3867"
"Session Initiation Protocol","Business Application","83368","39379","43989"
"Simple Mail Transfer Protocol","Email","295009","255060","39949"
"VMWare","Remote Desktop","1309691","104851","1204840"
"Wikipedia.com","Web","12761918","603614","12158304"
"X Window System","Business Application","4276","2944","1332"
"Secure AIM","Internet Instant Messaging","268387","53196","215191"
"Expedia.fr","Web","1206048","311506","894542"
"Travelocity.com","Web","329121","222903","106218"
"Realtor.com","Web","36752","4314","32438"
"Flickr","Social Networking","296175","9757","286418"
"Mail.ru Webmail","Email","195622","57444","138178"
"Real Time Messaging Protocol","Network Service","3728","1860","1868"
"Steampowered.com","Gaming","833224437","30604554","802619883"
"Xbox Live","Gaming","3123938","358346","2765592"
"Badoo.com","Internet Instant Messaging","498802","89432","409370"
"DeviantArt.com","Web","227871","11955","215916"
"Foursquare.com","Web","1926391","539786","1386605"
"MyAnimeList.net","Web","64166","3021","61145"
"ResearchGATE.net","Web","2189003","170723","2018280"
"StumbleUpon.com","Web","9075","1392","7683"
"Tumblr","Social Networking","24232","5921","18311"
"Vk.com (Vkontakte)","Social Networking","19612","1439","18173"
"Yelp.com","Web","4739831","803343","3936488"
"Adobe Update Manager","Web","862176108","40168809","822007299"
"Apple Update","Web","41618949","2064323","39554626"
"BitDefender Update","Web","39500","12640","26860"
"Viber","Real Time Audio/Video","18934754","7685545","11249209"
"Playstation Network","Gaming","1649527","197119","1452408"
"Google Translate","Web","12867673","5014741","7852932"
"iHeartRADIO","Media","80607","5904","74703"
"Nicovideo.jp (aka Nico Nico Douga)","Media","604524","205106","399418"
"Psiphon","Web","76436","39626","36810"
"Portal.TidalTV.com","Web","341069","77996","263073"
"SiriusXm.com","Media","2628939","215379","2413560"
"WebEx","Business Collaboration","220332","15621","204711"
"BlackBerry.com","Web","148320","90774","57546"
"Flash Media Playback","Media","1128027602","16631302","1111396300"
"Acer","Web","93787","48374","45413"
"Adobe Acrobat DC (Document Cloud)","Web","429196","143877","285319"
"Alexa","Web","64039","12124","51915"
"AmericanExpress","Web","117820","25696","92124"
"Blogger","Web","2098059","95985","2002074"
"Capital One","Web","2742888","164812","2578076"
"CNN (Cable News Network)","Web","17353894","2411659","14942235"
"Comcast","Web","4543292","1272359","3270933"
"Daum.net","Web","140894","8503","132391"
"Fox News","Web","11957333","446463","11510870"
"Groupon","Web","691692","58367","633325"
"Kaspersky.com","Web","348405","38911","309494"
"Naver Corporation (formerly NHN Corporation)","Web","18518370","1041436","17476934"
"National Football League (NFL.com)","Web","969560","213392","756168"
"Nike.com","Web","38592","8506","30086"
"NYTimes.com","Web","8674143","397144","8276999"
"PlayStation.com","Web","13436232","1806482","11629750"
"Sky","Web","41625","3352","38273"
"SurveyMonkey.com","Web","12528","3566","8962"
"Xbox","Gaming","9709","1647","8062"
"Apple FaceTime","Real Time Audio/Video","1003678076","251706713","751971363"
"Line","Internet Instant Messaging","1706245","523705","1182540"
"Shazam","Web","629914","78522","551392"
"TuneIn","Real Time Audio/Video","97589","9129","88460"
"QQ.com","Web","9026169","461994","8564175"
"Alipay","Web","200293","98764","101529"
"Limelight Networks CDN","Web","1240776021","66365303","1174410718"
"Datagram Transport Layer Security","Tunneling and VPN","3943878","1245060","2698818"
"ISO Base Media File Format","Real Time Audio/Video","76386238","2125016","74261222"
"KIK Messenger","Internet Instant Messaging","25348","2597","22751"
"MEGA","Peer to Peer","1172","692","480"
"Rakuten.co.jp","Web","347692","51331","296361"
"Yomiuri.co.jp","Web","35227","1608","33619"
"QQ Games","Gaming","26030","12041","13989"
"MeetMe.com","Social Networking","8929601","492152","8437449"
"ESPN.go.com","Web","2812144","132256","2679888"
"BuzzFeed.com","Web","331889","76273","255616"
"Internet Movie Database","Web","1814079","109729","1704350"
"Google Documents (aka Google Drive)","Storage and Backup","27820307","13844323","13975984"
"Apple Maps","Web","1276751","58602","1218149"
"AVG.com","Web","6471","747","5724"
"T-Online.de","Web","58284","3369","54915"
"Marca.com","Web","23081","6397","16684"
"Index.hr","Web","4804054","1001956","3802098"
"24sata.hr","Web","13464491","692863","12771628"
"B92.net","Web","2285092","74990","2210102"
"Indiatimes","Web","10657","2137","8520"
"Kijiji.ca","Web","126217774","6666102","119551672"
"System Center Configuration Manager","Management","16414","8281","8133"
"Background Intelligent Transfer Service","File Sharing","42843654","6170731","36672923"
"Seznam.cz","Web","78823","4121","74702"
"Hotspot Shield","Tunneling and VPN","81526","24032","57494"
"Conviva","Infrastructure","431241","206774","224467"
"Abola.pt","Web","4820146","311859","4508287"
"Elcomercio.pe","Web","131099","3914","127185"
"Rt.com","Web","613233","36232","577001"
"Wp.pl","Web","439460","134603","304857"
"Jutarnji.hr","Web","185283","28381","156902"
"Haber7","Web","1780505","251763","1528742"
"Xl","Web","1525597","128788","1396809"
"Vecernji","Web","1063704","30698","1033006"
"Gameloft Games","Gaming","7704","2052","5652"
"Yadro","Web","18425","6054","12371"
"Rovio Entertainment","Gaming","106892954","12655881","94237073"
"Candy Crush Saga","Gaming","2309690","829636","1480054"
"King Digital Entertainment","Gaming","188212","71266","116946"
"Waze Social GPS Maps & Traffic","Web","11835120","1093067","10742053"
"Huffington Post","Web","2451165","107039","2344126"
"OpenStreetMap","Infrastructure","23043","4663","18380"
"Zendesk","Business Collaboration","17176235","1099352","16076883"
"World Series of Poker","Gaming","30000195","2667605","27332590"
"Brightcove","Media","14860082","1344741","13515341"
"Plenty Of Fish","Web","67002942","13354170","53648772"
"Twitch","Media","3409062","745634","2663428"
"BoldChat Live Chat","Internet Instant Messaging","831081","229376","601705"
"Apsalar","Business Application","30021","6619","23402"
"Gravatar","Business Collaboration","782200","162902","619298"
"FreeWheel","Web","882504","221767","660737"
"Xiaomi","Web","46361","12896","33465"
"Turner","Web","7189870","329377","6860493"
"zalo","Internet Instant Messaging","219329740","89710821","129618919"
"battlenet","Gaming","482191","49594","432597"
"Amazon Cloud Drive","Web","900170580","833644986","66525594"
"Lazada","Web","3109113","107012","3002101"
"Gettyimages","Web","8055314","381661","7673653"
"Onedio","Web","820521","41640","778881"
"Flipboard","Web","15881","5985","9896"
"Traffic Junky","Web","36552","11539","25013"
"quic","Network Service","8466","4529","3937"
"CPMSTAR","Web","218175","40760","177415"
"ADTECH","Web","328637","28172","300465"
"Realestate","Web","105826","21170","84656"
"Constant Contact","Web","5405200","223333","5181867"
"GitHub","Web","9168527","755844","8412683"
"Sabah","Web","3642497","246449","3396048"
"Advertising.com","Web","826144","206884","619260"
"My.com","Web","344392","169566","174826"
"Bizographics","Web","31170","6221","24949"
"Helpshift","Web","579386","147086","432300"
"Apple Music","Media","508109781","18602403","489507378"
"CBS Video","Web","174871","38540","136331"
"Microsoft SpyNet (aka Microsoft Active Protection Service)","Web","13712","8616","5096"
"Fastly","Web","6475867","346276","6129591"
"Disney Channel","Web","74937","7611","67326"
"UpLynk","Web","180726","43779","136947"
"NBC","Web","5935487","364552","5570935"
"Localytics","Web","2521521","456002","2065519"
"Periscope","Media","80314853","2398527","77916326"
"Olark","Web","524652","18930","505722"
"Liveperson","Web","14043468","992378","13051090"
"Zopim","Web","960914","210367","750547"
"Mapbox","Web","1850119","116371","1733748"
"Rollout","Web","78984","25176","53808"
"Microsoft Excel Online (Office 365)","Web","17198461","3737536","13460925"
"Signal","Web","1589908","87230","1502678"
"LiveChat","Web","557855","47428","510427"
"Riffsy (Tenor.co)","Web","48598566","2099289","46499277"
"Tune","Web","25684","6211","19473"
"Braintree","Web","269507","46875","222632"
"LKQD","Web","674780","219193","455587"
"TubeMogul","Web","206184","40150","166034"
"Bleacher Report","Web","14387763","258210","14129553"
"Umeng","Web","302179","115698","186481"
"Revcontent","Web","2992673","437544","2555129"
"Hola Web Proxy","Web","58103","16938","41165"
"funCaptcha","Web","7185","911","6274"
"MobFox","Web","88612","20195","68417"
"Yandex Maps","Web","36115","2324","33791"
"Google Photos (formerly Google Picasa)","Web","3927670","1607617","2320053"
"Liftoff","Web","1013385","325163","688222"
"Trippy","Web","6091","854","5237"
"Slack","Web","27953873","2661937","25291936"
"Younow","Web","1625109","687887","937222"
"Bazaarvoice","Web","13335801","2353995","10981806"
"Clicktale","Web","7763706","4262196","3501510"
"CDNetworks","Infrastructure","173833","21860","151973"
"Weborama","Web","82083","12838","69245"
"Highwinds","Web","123830","9031","114799"
"Innovid","Web","49968265","2038317","47929948"
"StackExchange","Web","587045","34597","552448"
"StackOverflow","Web","798338","29953","768385"
"Wix","Web","163637141","14430261","149206880"
"Tinder","Web","81546499","4034896","77511603"
"Eskimi","Web","154358","16211","138147"
"Shutterstock","Web","620765","176955","443810"
"IMO Video Calling Application","Media","159762","57514","102248"
"Clash of Clans","Gaming","10293781","653823","9639958"
"Supercell","Gaming","1002200","197005","805195"
"Amazon Music","Media","492139","86778","405361"
"Microsoft Word Online (Office 365)","Business Collaboration","14919511","1594208","13325303"
"Microsoft Powerpoint Online (Office 365)","Business Collaboration","22733717","2228457","20505260"
"Signal Private Messenger (Open Whisper Systems)","Internet Instant Messaging","4891545","1661772","3229773"
"Nintendo","Gaming","1710112","597805","1112307"
"Daraz","Web","1055","369","686"
"ADventori","Web","46749","9062","37687"
"Audible","Real Time Audio/Video","152340","24640","127700"
"Dnevnik","Web","4115663","385893","3729770"
"En Son Haber","Web","1762589","92743","1669846"
"Flashtalking","Web","7910560","797007","7113553"
"Huawei","Web","17431851","1708851","15723000"
"Amazon Chime","Business Collaboration","162605","29986","132619"
"AnyDesk","Remote Desktop","97682","40599","57083"
"DocuSign","Web","4167724","736138","3431586"
"Automatic Data Processing (ADP)","Web","794673","152841","641832"
"eXelate","Web","759515","189485","570030"
"Autodesk Fusion 360","Tunneling and VPN","44791","5179","39612"
"Cloudinary","Web","64799672","3250005","61549667"
"Optus","Web","648909","36958","611951"
"T-Mobile","Web","7461","1804","5657"
"Sportradar","Web","6269","970","5299"
"Wall Street Journal","Web","136507","7540","128967"
"Meitu","Web","108144","32026","76118"
"Clash Royale","Gaming","34366017","1431706","32934311"
"Canvas Student","Web","543860","23871","519989"
"Instructure","Web","242064","38157","203907"
"Mail.com","Email","361551","53378","308173"
"United Internet","Web","49257","15998","33259"
"Electronic Arts","Web","479858","214230","265628"
"Facebook Lite","Social Networking","179903","109087","70816"
"Apache Thrift","Network Service","28392","8160","20232"
"Digioh","Web","993437","44112","949325"
"UC Browser","Web","2806172","2610449","195723"
"Mediascope","Web","55008","12712","42296"
"Data Saver","Web","868654","65131","803523"
"Domain Name Service Crypt","Network Service","5858","2287","3571"
"Adtelligent","Web","1377187","651384","725803"
"Youtube Music","Media","146290","40485","105805"
"Splunk Cloud","Storage and Backup","7225292","4370383","2854909"
"Fortnite","Gaming","8149435","407630","7741805"
"AnchorFree","Tunneling and VPN","100830","6041","94789"
"textPlus","Internet Instant Messaging","26274","6107","20167"
"Epic_games","Gaming","4018107","1132329","2885778"
"Unreal_engine","Gaming","965859","40357","925502"
"Disqus","Web","16751713","2419828","14331885"
"IBM","Web","2502553","202998","2299555"
"Grammarly","Web","22881033","13908404","8972629"
"Barracuda Networks","Web","12244","1858","10386"
"Visual IQ","Web","296569","122156","174413"
"Alibaba Cloud","Web","2768712","697670","2071042"
"Future_plc","Web","190942","22689","168253"
"ProtonMail","Email","28813","4360","24453"
"Minecraft","Gaming","14407","7704","6703"
"iBooks","Web","555731","157937","397794"
"Fandom","Web","17079418","970522","16108896"
"Tesla","Web","925404","469154","456250"
"Google GSuite","Web","1452746","302452","1150294"
"AnonyTun","Tunneling and VPN","19134","9433","9701"
"TripAdvisor","Web","132244462","9563833","122680629"
"Gcash","Web","57197","4390","52807"
"PubNub","Web","99917","31152","68765"
"Unknown virtual protocol","Unclassified","1150969762","47731872","1103237890"
"Unknown virtual protocol","Unclassified","5460614","498798","4961816"
"NetEase","Web","4438055","322001","4116054"
"Unknown virtual protocol","Unclassified","7995","1391","6604"
"Unknown virtual protocol","Unclassified","2458387","1658754","799633"
"Unknown virtual protocol","Unclassified","6901260","275534","6625726"
"Qwant","Web","85329","3361","81968"
"National Public Radio","Web","3785","1018","2767"
"Firework","Internet Instant Messaging","251782","27388","224394"
"Bigo","Web","4863","486","4377"
"BAMTech","Real Time Audio/Video","195509","107365","88144"
"Disney Plus","Real Time Audio/Video","30915","4581","26334"
"Agora","Network Service","97047","42847","54200"
"Toutiao","Web","31020","2091","28929"
"Airbnb","Web","90158653","6751727","83406926"
"Netease Games","Gaming","3600498","776286","2824212"
"Workday","Business Application","20396651","1137739","19258912"
"Service Now","Web","17226161","906215","16319946"
"Uber Eats","Web","5092","1234","3858"
"DoorDash","Web","2795215","1812252","982963"
"Houseparty","Real Time Audio/Video","67996","8805","59191"
"Roblox","Gaming","27409184","2489890","24919294"
"BridTV","Real Time Audio/Video","195850","14895","180955"
"Likee","Internet Instant Messaging","1567257","247799","1319458"
"Citrix","Web","62593","21574","41019"
"Microsoft Dynamics","Business Application","6926","1314","5612"
"Pluto TV","Real Time Audio/Video","117651877","2586815","115065062"
"iFunny","Web","18851","9174","9677"
"Sift Science","Web","367549","82939","284610"
"Zerotier","Tunneling and VPN","23270","11340","11930"
"Connatix","Real Time Audio/Video","12978409","1078694","11899715"
"Minute Media","Web","130757","3904","126853"
"Coursera","Web","18235945","1345146","16890799"
"The Blaze","Web","2625069","101430","2523639"
"WordReference.com","Web","226664","27368","199296"
"E! Online","Web","74894","3144","71750"
"Hotels.com","Web","29716","3233","26483"
"Indeed","Web","42444796","7338553","35106243"
"NHL.com","Web","2289029","117086","2171943"
"Official Major League Baseball","Web","1448086","78191","1369895"
"Priceline.com","Web","617354","57089","560265"
"Slate Magazine","Web","7230583","502269","6728314"
"The Telegraph","Web","130625","4050","126575"
"TIME","Web","451407","69828","381579"
"Call of Duty Mobile","Gaming","35231724","1102694","34129030"
"The Walt Disney Company","Web","19703","4652","15051"
"Kayak","Web","2549563","93019","2456544"
"Eventbrite","Web","2922628","73686","2848942"
"WarnerMedia","Web","32484595","655536","31829059"
"Datadog","Web","223552","152766","70786"
"Unknown virtual protocol","Unclassified","23260","11466","11794"
"ZoomCRC","Business Collaboration","2116","1080","1036"
