"Application","Category","Total Bytes","Bytes Received","Bytes Sent"
"Domain Name Service","Network Service","1198453687","578910890","619542797"
"Google Mail","Email","6325984123","398978878","5927005245"
"Google Search","Web","430148207","38033346","392114861"
"HyperText Transfer Protocol","Web","9101801583","931260617","8170540966"
"HyperText Transfer Protocol Secure","Web","21975089296","1523534712","20451554584"
"Internet Control Message Protocol","Network Service","4229959065","2538961583","1690997482"
"Internet Message Access Protocol Secure","Email","52761192","3208352","49552840"
"Internet Protocol","Network Service","0","0","0"
"XMPP Protocol (Jabber)","Business Collaboration","1726058","773939","952119"
"McAfee Client update","Business Application","112141639","19369516","92772123"
"Network Time Protocol","Network Service","1503715","889450","614265"
"Skype and Teams","Business Collaboration","56549174","21455125","35094049"
"Simple Object Access Protocol","Network Service","1555814768","824661867","731152901"
"Secure Shell","Tunneling and VPN","138284572","73860927","64423645"
"Secure Socket Layer","Tunneling and VPN","69362887475","11414146125","57948741350"
"Transmission Control Protocol","Other TCP/UDP","1324946425","218020849","1106925576"
"User Datagram Protocol","Other TCP/UDP","262738678662","14483453931","248255224731"
"Wikipedia.com","Web","16596275","643868","15952407"
"Yahoo Mail v.2.0","Email","115991802","15857320","100134482"
"Youtube.com","Media","30745672423","813669503","29932002920"
"Facebook","Social Networking","79414416324","2254367106","77160049218"
"Google Ads","Web","983763296","159292303","824470993"
"Windows Live Hotmail","Email","300214265","81393290","218820975"
"Apple Generic Services","Web","19663524158","378858689","19284665469"
"Online Certificate Status Protocol","Business Application","11974711","4427217","7547494"
"Twitter","Social Networking","824819326","33585653","791233673"
"iTunes","Media","814059446","72871379","741188067"
"Spotify","Media","2905144369","105041722","2800102647"
"TeamViewer","Remote Desktop","451912965","273352465","178560500"
"Bing.com (formerly MSN Search)","Web","1478614227","169975423","1308638804"
"Windows Update","Web","10335507703","422330290","9913177413"
"Chrome Update","Web","355584859","14326509","341258350"
"BitDefender Update","Web","100252481","35882087","64370394"
"Google Analytics,Google Marketing Platform","Web","122892281","29673209","93219072"
"Google GStatic","Web","1492742111","76617940","1416124171"
"Dropbox","Storage and Backup","13696244544","10444086420","3252158124"
"Google Generic","Web","1630838988","205093965","1425745023"
"Amazon Generic Services","Web","12334424601","2271970357","10062454244"
"Weather.com","Web","47621181","3814579","43806602"
"WhatsApp Messenger","Internet Instant Messaging","4275261628","1816453995","2458807633"
"Google App Engine","Business Application","2983088","849463","2133625"
"Apple App Store","Web","11339355708","191762639","11147593069"
"Windows Marketplace","Web","2515783351","84244075","2431539276"
"Apple Push Notification Service","Web","179768115","111131813","68636302"
"iOS over-the-air (OTA) update","Web","1859048890","43566081","1815482809"
"Samsung Apps","Web","371943191","11551720","360391471"
"Google Play Store","Media","2777654262","264399648","2513254614"
"iCloud (Apple)","Storage and Backup","8460348581","6364742004","2095606577"
"Instagram","Web","40683397240","1796197258","38887199982"
"Amazon Web Services/Cloudfront CDN","Infrastructure","27569154109","7750388399","19818765710"
"Microsoft Azure (previously Windows Azure)","Infrastructure","152662407","10270083","142392324"
"Google Talk (incl. Hangouts and Allo and Duo)","Real Time Audio/Video","282853643","33821911","249031732"
"CloudFlare CDN","Infrastructure","12921338377","389982761","12531355616"
"Microsoft Office 365","Business Collaboration","1728355796","103625767","1624730029"
"Microsoft Outlook (Office 365)","Business Application","1008680827","249229113","759451714"
"Conviva","Infrastructure","3505719","2303975","1201744"
"Google Accounts","Web","221004969","18848910","202156059"
"Snapchat","Social Networking","3675568824","354636330","3320932494"
"Bitstrips","Social Networking","75640591","3370386","72270205"
"Adobe","Business Application","2440417054","128602106","2311814948"
"Samsung","Web","489815912","123446555","366369357"
"Crashlytics","Web","23083349","2507136","20576213"
"Facebook Messenger","Internet Instant Messaging","1319169227","609890064","709279163"
"Amazon Cloud Drive","Web","485982","301783","184199"
"Google Cloud Messaging","Web","74542577","20492765","54049812"
"Apple Location","Web","1649818785","168123085","1481695700"
"HyperText Transfer Protocol version 2","Web","16555231786","1128271134","15426960652"
"Google Tag Manager","Web","139696337","6751734","132944603"
"Rogers TV","Web","97019545","4465254","92554291"
"Localytics","Web","1820109","438923","1381186"
"Android connectivity Manager","Network Service","6402421","3198915","3203506"
"Branch Metrics","Web","118384940","12029925","106355015"
"Optimizely","Web","19770726","3387330","16383396"
"Taboola","Web","114903440","15571028","99332412"
"Microsoft OneDrive","Web","536948801","133115522","403833279"
"Microsoft","Web","14469696716","717096252","13752600464"
"GIPHY","Web","309304753","4341857","304962896"
"Firebase Cloud Messaging","Web","275177889","172323133","102854756"
"Signal Private Messenger (Open Whisper Systems)","Internet Instant Messaging","314248582","18700286","295548296"
"Huawei","Web","212447592","12562946","199884646"
"ULP","Network Service","18832138","567954","18264184"
"Avast","Web","13114560","1873459","11241101"
"Google Cloud Platform","Web","49249740","22253804","26995936"
"Microsoft teams","Internet Instant Messaging","4743975323","1364561134","3379414189"
"Grammarly","Web","26633437","4501809","22131628"
"Apple News","Web","628915814","29497161","599418653"
"Google APIs","Web","7209893840","5792764462","1417129378"
"Amazon Cognito","Web","18006426","5762283","12244143"
"Unknown virtual protocol","Unclassified","269158867","62917899","206240968"
"Google Pay","Web","7255207","1120337","6134870"
"Google Messages","Internet Instant Messaging","12891911","4381447","8510464"
"BAMTech","Real Time Audio/Video","521508623","104136402","417372221"
"Disney Plus","Real Time Audio/Video","50263351683","986931009","49276420674"
"Wargaming","Web","3935479773","97231646","3838248127"
"Digicert","Web","12270007","2468839","9801168"
"SD-WAN Control","SD-WAN","28598965326","15702259885","12896705441"
"SD-WAN Management","SD-WAN","175123130","85210099","89913031"
"TencentMeeting","Business Collaboration","100321784","30009740","70312044"
"Dailymotion.com","Media","139582","27862","111720"
"eBay.com","Web","20656467","2008200","18648267"
"Google Maps","Web","121059428","5955127","115104301"
"Internet Security Association and Key Management Protocol","Tunneling and VPN","35183424","13732554","21450870"
"Session Traversal Utilities for NAT","Business Collaboration","1626322","695780","930542"
"WordPress.com","Social Networking","83957976","3176319","80781657"
"Flickr","Social Networking","926239","31885","894354"
"LinkedIn","Social Networking","102328119","6252076","96076043"
"Xbox Live","Gaming","43294737","2482965","40811772"
"Yandex.ru","Web","3647977","1021106","2626871"
"Baidu.com","Web","2989867","295209","2694658"
"Netflix.com","Media","23748694410","388900538","23359793872"
"Google Translate","Web","4884672","677345","4207327"
"Psiphon","Web","424868","71547","353321"
"RSS","Web","135639891","2438501","133201390"
"AccuWeather","Web","1837068","255598","1581470"
"Mozilla.com - Mozilla.org","Web","52737024","6488730","46248294"
"Univision.com","Web","10346583","247340","10099243"
"Vimeo","Web","4461381353","113334830","4348046523"
"Xbox","Gaming","4437157","248067","4189090"
"SoundCloud","Media","135764381","4980134","130784247"
"Amazon Prime Video","Media","3672580797","69133779","3603447018"
"Akamai Technologies CDN","Web","13044515814","224865489","12819650325"
"Zynga.com","Gaming","1130284851","201270594","929014257"
"Limelight Networks CDN","Web","1385136536","22894119","1362242417"
"Yahoo.com","Web","344834271","36114585","308719686"
"Ctrip.com","Web","17248611","1759333","15489278"
"Pinterest","Web","1313157584","67579788","1245577796"
"Reddit.com","Web","2938137386","70714976","2867422410"
"Internet Movie Database","Web","29281416","1643479","27637937"
"Apple SIRI","Web","28764772","17180179","11584593"
"Google Documents (aka Google Drive)","Storage and Backup","195558555","71000129","124558426"
"BBC","Web","37566125","1051753","36514372"
"Amazon Ad System","Web","2352591212","124859514","2227731698"
"AddThis","Web","10579490","643171","9936319"
"ScorecardResearch","Web","157541645","5196404","152345241"
"Quantcast","Web","8591265","1639037","6952228"
"Telegram","Internet Instant Messaging","1272641543","26992290","1245649253"
"Oracle","Web","3234624","914836","2319788"
"Criteo","Web","60443629","9788670","50654959"
"Zendesk","Business Collaboration","14431955","1098919","13333036"
"Google Safe Browsing","Web","23476390","3048770","20427620"
"Inneractive","Web","72358390","47230085","25128305"
"InMobi","Web","66511468","29227746","37283722"
"AppsFlyer","Business Application","232358622","19505507","212853115"
"Gravatar","Business Collaboration","2711029","416461","2294568"
"Nielsen","Web","1661756","380878","1280878"
"Stickyads","Web","7778622","3970215","3808407"
"Mixpanel","Web","8616497","6682081","1934416"
"Smart AdServer","Web","35615610","7276062","28339548"
"Cedexis","Web","8009160","2424085","5585075"
"Google Cloud Storage","Web","2117000745","1648915890","468084855"
"Google Calendar","Web","13321480","5600248","7721232"
"OpenX","Web","5786773","1615108","4171665"
"PubMatic","Web","52140693","26348277","25792416"
"Index Exchange (previously Casale Media)","Web","17441303","6100573","11340730"
"LOTAME","Web","5762590","871849","4890741"
"Rubicon Project","Web","59733194","20225434","39507760"
"Sizmek (previously MediaMind)","Web","29980458","743939","29236519"
"AppNexus","Web","141123083","78788388","62334695"
"Rlcdn","Web","7513145","1885754","5627391"
"GitHub","Web","7486710","797912","6688798"
"Facebook Embedded Video","Media","11720230136","153389917","11566840219"
"Ad Safe Protected","Web","61717451","8227386","53490065"
"Helpshift","Web","6060968","1586913","4474055"
"Adjust.com","Web","8321131","3475798","4845333"
"Scotiabank","Web","4259760","865570","3394190"
"Urbanairship","Web","1989552","675850","1313702"
"Outbrain","Web","36283044","6534184","29748860"
"Unruly","Web","4182095","1826853","2355242"
"UpLynk","Web","8118895","198898","7919997"
"Applovin","Web","1084481114","274512725","809968389"
"Moat","Web","54146119","12662959","41483160"
"Krux","Web","5001113","655619","4345494"
"Microsoft Office OneNote (Office 365)","Business Application","20208549","1619975","18588574"
"Zopim","Web","2854312","1243593","1610719"
"Smaato","Web","3185783","1104465","2081318"
"MediaMath","Web","4157264","1565270","2591994"
"jQuery","Web","12866361","672463","12193898"
"Everest Technologies","Web","6478199","1814195","4664004"
"TubeMogul","Web","304612","48668","255944"
"SpotXchange","Web","2021255","820086","1201169"
"New Relic","Web","155629020","102781356","52847664"
"Google Photos (formerly Google Picasa)","Web","46917484","43169243","3748241"
"Liftoff","Web","2054438","872171","1182267"
"Conversant","Web","3564722","1065267","2499455"
"Teads","Web","6861845","1823839","5038006"
"Adform","Web","23774524","1496094","22278430"
"Pokemon GO","Gaming","4486595","1171221","3315374"
"HyperText Transfer Protocol proxy","Network Service","261194","120029","141165"
"Bidswitch","Web","10601054","4376053","6225001"
"Bugsnag","Web","3602949","2164355","1438594"
"Apple Game Center","Gaming","15652790","5446147","10206643"
"Sharethrough","Web","24990373","7052546","17937827"
"Yieldmo","Web","7855144","976165","6878979"
"Samsung Update","Web","4464355012","52613231","4411741781"
"DoubleVerify","Web","27944798","5660776","22284022"
"Media Innovation Group","Web","966874","251726","715148"
"Walmart","Web","2719009","1678155","1040854"
"Okta","Web","76144326","21789076","54355250"
"PulsePoint","Web","3173870","1081385","2092485"
"eXelate","Web","1557492","391654","1165838"
"Sonobi","Web","4014678","1401658","2613020"
"Google Secure User Plane Location","Web","432645","66721","365924"
"Amplitude","Web","24316435","19626131","4690304"
"T-Mobile","Web","8012","2966","5046"
"World Of Tanks","Gaming","268626","83618","185008"
"Tenor","Web","63246565","3932442","59314123"
"Cisco","Web","1685625","597841","1087784"
"IronSource","Business Application","325685006","16326639","309358367"
"ByteDance","Web","106854866","15275184","91579682"
"TikTok (Musical.ly)","Social Networking","37737803443","1300297805","36437505638"
"Visual IQ","Web","203486","73367","130119"
"Wish","Web","3424351","488231","2936120"
"Google GSuite","Web","9633602","865182","8768420"
"Vungle","Web","445589023","14239851","431349172"
"Megaphone","Web","4515896330","87841978","4428054352"
"Unknown virtual protocol","Unclassified","2336662296","62959093","2273703203"
"Unknown virtual protocol","Unclassified","80199670","5007226","75192444"
"Unknown virtual protocol","Unclassified","260992104","45236208","215755896"
"Bumble","Web","8901493","561257","8340236"
"Acast","Real Time Audio/Video","682663647","14674340","667989307"
"JWPLAYER","Web","390537725","6428143","384109582"
"DoorDash","Web","1311533","450971","860562"
"KOCHAVA","Web","1763332","456125","1307207"
"Spotify Audio","Real Time Audio/Video","3486133619","38285040","3447848579"
"UserReport","Web","13969611","1633823","12335788"
"Pendo","Web","23082288","3288716","19793572"
"Contentful","Web","122372844","3665548","118707296"
"Indeed","Web","138843311","32345716","106497595"
"OnlyFans","Web","152894","39400","113494"
"Kickstarter","Web","1724705942","46545032","1678160910"
"Datadog","Web","528059","462276","65783"
"Font Awesome","Web","14264695","976439","13288256"
"Intercom","Web","51267732","4165522","47102210"
"BitTorrent","Peer to Peer","61049724","523817","60525907"
"File Transfer Protocol","File Sharing","43045","25468","17577"
"Google Earth","Web","35146537","657235","34489302"
"Internet Message Access Protocol version 4","Email","73373","22469","50904"
"IPsec (AH and ESP)","Tunneling and VPN","71556008","18592182","52963826"
"Kerberos","Authentication","1564","748","816"
"Lighweight Directory Access Protocol","Authentication","7942","5144","2798"
"Netbios Name Service","Network Service","10764","10764","0"
"Post Office Protocol (Version 3)","Email","3393466","53604","3339862"
"Secure POP3","Email","2842058","81011","2761047"
"QQ","Internet Instant Messaging","181837","14315","167522"
"Remote Desktop Protocol (Windows Terminal Server)","Remote Desktop","18626355","969939","17656416"
"Real Time Control Protocol","Business Collaboration","15632","6220","9412"
"Real Time Protocol","Business Collaboration","47259260","22648626","24610634"
"Session Initiation Protocol","Business Application","324497","197964","126533"
"Simple Mail Transfer Protocol","Email","535688","310461","225227"
"Simple Mail Transfer Protocol Secure","Email","27925","13774","14151"
"Simple Network Management Protocol","Management","112686","112686","0"
"Secure TELNET","Network Service","1740","780","960"
"Yahoo Search","Web","442418","25584","416834"
"Secure AIM","Internet Instant Messaging","397301","62377","334924"
"Expedia.fr","Web","983775","180582","803193"
"Southwest.com","Web","132407","14201","118206"
"Travelocity.com","Web","10012","2418","7594"
"Realtor.com","Web","5562455","521023","5041432"
"Rambler.ru","Web","624560","91070","533490"
"Mail.ru Webmail","Email","47344","8768","38576"
"Steampowered.com","Gaming","6324999","740737","5584262"
"Badoo.com","Internet Instant Messaging","18802","3040","15762"
"CouchSurfing","Web","48406","5154","43252"
"Flixster.com","Web","101311","8534","92777"
"Foursquare.com","Web","183918","74404","109514"
"LiveJournal.com","Social Networking","816408","197929","618479"
"Odnoklassniki.ru","Social Networking","86682","10501","76181"
"Tumblr","Social Networking","2143438","76972","2066466"
"Vk.com (Vkontakte)","Social Networking","256117","32712","223405"
"Vox.com","Web","6972","1174","5798"
"Yelp.com","Web","4523981","107657","4416324"
"Adobe Flash Plugin Update","Web","39892","8451","31441"
"Firefox Update","Web","26154636","478812","25675824"
"Java Update","Web","109181","4098","105083"
"Apple Update","Web","18981000","256742","18724258"
"Archive.org","Web","184525","7324","177201"
"Debian/Ubuntu Update","Web","140223920","1690105","138533815"
"Opera Update","Web","3121862","668790","2453072"
"Viber","Real Time Audio/Video","13515151","575003","12940148"
"Kaspersky Update","Web","7041","5503","1538"
"BBC Player","Media","1462","508","954"
"UUSee Protocol","Media","358648","48903","309745"
"Garena","Web","131228","13627","117601"
"Microsoft SharePoint","Business Application","6778270","591945","6186325"
"Box","File Sharing","19741","2138","17603"
"iHeartRADIO","Media","326760","21984","304776"
"MediaFire.com","File Sharing","131178","51569","79609"
"Salesforce","Business Application","8563370","1513469","7049901"
"Portal.TidalTV.com","Web","485602","119297","366305"
"SiriusXm.com","Media","269005","63178","205827"
"YouKu","Media","57355","42714","14641"
"Zoho CRM","Business Application","8461","1049","7412"
"GoToMeeting Online Meeting","Business Collaboration","3200","1900","1300"
"Slingbox","Media","1750959","73614","1677345"
"Bloomberg.com","Web","2806064","78223","2727841"
"GoToMyPC Remote Access","Remote Desktop","6626","550","6076"
"BlackBerry.com","Web","195408","64244","131164"
"ABCNews","Web","56135","5134","51001"
"Adobe Acrobat DC (Document Cloud)","Web","6196295","830862","5365433"
"AmericanExpress","Web","260012","45732","214280"
"Blogger","Web","9113616","328468","8785148"
"Capital One","Web","7139995","711446","6428549"
"Cnet.com","Web","898426","32853","865573"
"CNN (Cable News Network)","Web","12852176","911348","11940828"
"Comcast","Web","2205293","618479","1586814"
"Daily Mail","Web","10085955","181927","9904028"
"Daum.net","Web","58369669","1888785","56480884"
"Fox News","Web","47212259","911059","46301200"
"FoxSports.com","Web","6686","1635","5051"
"IKEA.com","Web","23234313","3514335","19719978"
"Intuit.com","Business Application","7218896","4391853","2827043"
"Kaspersky.com","Web","6645851","3928533","2717318"
"Mashable.com","Web","31221","7472","23749"
"NationalGeographic.com","Web","836752","12538","824214"
"Naver Corporation (formerly NHN Corporation)","Web","51291026","1300798","49990228"
"NBA.com","Web","2411093","164492","2246601"
"National Football League (NFL.com)","Web","79623","10163","69460"
"Nike.com","Web","744125","96623","647502"
"NYTimes.com","Web","24848519","779180","24069339"
"PlayStation.com","Web","304761","67112","237649"
"Redtube","Web","16266","1488","14778"
"Reuters.com","Web","2764256","32535","2731721"
"Sports Illustrated","Web","8034","671","7363"
"SurveyMonkey.com","Web","362309","28478","333831"
"WashingtonPost.com","Web","1573860","50213","1523647"
"WindowsMedia.com","Media","4081","2266","1815"
"XNXX","Web","106457992","2784567","103673425"
"Xvideos.com","Media","198660749","4019185","194641564"
"Youdao.com","Web","4012","1461","2551"
"Youporn","Web","170265990","3270224","166995766"
"Sina.com.cn","Internet Instant Messaging","13184958","184057","13000901"
"Sophos update","Business Application","2097117","124367","1972750"
"Sina Weibo","Web","132832890","2000765","130832125"
"Taobao","Web","394846","209757","185089"
"QQ WeiBo","Web","1248","639","609"
"GMX webmail","Email","139170","14863","124307"
"Apple FaceTime","Real Time Audio/Video","30436946","12777200","17659746"
"Line","Internet Instant Messaging","1815569","369815","1445754"
"Scribd.com","Web","300490","41219","259271"
"Hulu","Media","2018542","34430","1984112"
"Shazam","Web","381279","104009","277270"
"TuneIn","Real Time Audio/Video","377658","28519","349139"
"KakaoTalk","Internet Instant Messaging","13965980","2718653","11247327"
"Chosun services","Web","417134","42352","374782"
"Coupang","Web","21640293","12748092","8892201"
"Nate.com","Web","53011","2611","50400"
"Tistory.com","Web","314201","72699","241502"
"Kookmin Bank","Web","323482","40024","283458"
"Nexon.com","Web","7368","1737","5631"
"QQ.com","Web","42985240","784566","42200674"
"163.com","Web","877482","285274","592208"
"Sohu.com","Web","5165","852","4313"
"Ifeng.com","Web","64319","56277","8042"
"Alipay","Web","18411","5863","12548"
"360.cn","Web","192593","43389","149204"
"58.com","Web","17069","2822","14247"
"Alibaba.com","Web","5659063","186110","5472953"
"People.com.cn","Web","366698","41986","324712"
"Facebook Apps","Web","1170658","303572","867086"
"Datagram Transport Layer Security","Tunneling and VPN","129209059","31245430","97963629"
"ISO Base Media File Format","Real Time Audio/Video","3940265522","186167482","3754098040"
"WeChat","Internet Instant Messaging","1326972776","598999882","727972894"
"Rakuten.co.jp","Web","165187","15657","149530"
"Sakura.ne.jp","Web","6901","900","6001"
"QQ Games","Gaming","2628817","2225179","403638"
"Tencent.com","Internet Instant Messaging","80890","24346","56544"
"Pornhub","Web","1669268","174056","1495212"
"Zoho Corporation","Business Application","6639205","2849178","3790027"
"Nokia Here API","Web","1786965","157931","1629034"
"Microsoft SharePoint Online (Office 365)","Business Application","141134604","39446520","101688084"
"Speedtest","File Sharing","120655903","3116373","117539530"
"ESPN.go.com","Web","1301946","76491","1225455"
"BuzzFeed.com","Web","12046092","748533","11297559"
"Imgur.com","Storage and Backup","29835211","457376","29377835"
"ThePirateBay.se","Web","9498","1283","8215"
"ImageShack","File Sharing","152079","7125","144954"
"Evernote","Web","196865","59254","137611"
"JingDong","Web","94446","1717","92729"
"Apple Maps","Web","50561556","2631005","47930551"
"WebSocket","Network Service","7639555","1231509","6408046"
"Bet365.com","Web","1008473","62902","945571"
"Issuu.com","Web","284187","12711","271476"
"LastPass.com","Web","16379","3962","12417"
"ITV Player","Real Time Audio/Video","896669","28496","868173"
"Saavn Bollywood Music","Media","234702","12044","222658"
"touch","Internet Instant Messaging","6614","2004","4610"
"Paypal.com","Web","29285949","7427219","21858730"
"Orange.com","Web","5644","3054","2590"
"Marca.com","Web","255660","71522","184138"
"Goal.com","Web","10453","1890","8563"
"Apple HTTP Live Streaming","Real Time Audio/Video","149169134","741898","148427236"
"craigslist","Web","22848064","1602126","21245938"
"Indiatimes","Web","3800","1282","2518"
"ING Bank","Web","395198","32742","362456"
"Kijiji.ca","Web","2333015","394422","1938593"
"Background Intelligent Transfer Service","File Sharing","115029631","11281061","103748570"
"Seznam.cz","Web","94677","8616","86061"
"Hotspot Shield","Tunneling and VPN","30436991","5390277","25046714"
"EdgeCast Networks CDN","Infrastructure","19446","2318","17128"
"AliExpress.com","Web","3014520","81009","2933511"
"Wp.pl","Web","105865","37788","68077"
"News","Web","56745","1979","54766"
"Aol","Web","1983242","216244","1766998"
"Gameloft Games","Gaming","299615741","11391475","288224266"
"Tapatalk","Web","2904","1615","1289"
"Yadro","Web","7505","2526","4979"
"uTorrent","Peer to Peer","13828","9096","4732"
"Turn","Web","2056344","499137","1557207"
"Rovio Entertainment","Gaming","12601534","171618","12429916"
"King Digital Entertainment","Gaming","2781829","383013","2398816"
"Waze Social GPS Maps & Traffic","Web","58788135","2473300","56314835"
"Symantec","Web","1653978","461565","1192413"
"TRUSTe","Web","9182651","682328","8500323"
"OpenStreetMap","Infrastructure","3590023","64821","3525202"
"Flurry","Business Application","9645163","4138886","5506277"
"Crittercism","Business Application","5102","484","4618"
"Traffic Factory","Business Application","1913822","241764","1672058"
"Brightcove","Media","54240165","1119615","53120550"
"Plenty Of Fish","Web","167640952","98434649","69206303"
"Twitch","Media","1554269","156664","1397605"
"BoldChat Live Chat","Internet Instant Messaging","375725","98211","277514"
"FreeWheel","Web","624426","212245","412181"
"Xiaomi","Web","83164","37514","45650"
"Turner","Web","8864362","196399","8667963"
"battlenet","Gaming","374321","61155","313166"
"4CHAN","Web","3442437","708609","2733828"
"Lazada","Web","318084","10604","307480"
"Flipboard","Web","365684","57861","307823"
"Traffic Junky","Web","5449657","342251","5107406"
"quic","Network Service","17487","11291","6196"
"CPMSTAR","Web","4620678","106385","4514293"
"ADTECH","Web","481291","28811","452480"
"AOL One","Web","607665","90525","517140"
"Australian Broadcasting Corporation","Web","281604","5801","275803"
"Realestate","Web","117254","23062","94192"
"Constant Contact","Web","1495370","133356","1362014"
"Atlassian","Web","88431","59668","28763"
"Kakaocdn","Infrastructure","4982491","190014","4792477"
"Advertising.com","Web","2172765","593619","1579146"
"SourceForge","Web","416973","20426","396547"
"My.com","Web","5265505","128745","5136760"
"Bizographics","Web","9593","2441","7152"
"Atlas Solutions","Web","96556","24455","72101"
"BootstrapCDN","Web","2403167","206375","2196792"
"Apple Music","Media","444138977","5818027","438320950"
"CBS Video","Web","7131471","142538","6988933"
"LogMeIn","Remote Desktop","91048","17769","73279"
"Fastly","Web","5749202","414870","5334332"
"Disney Channel","Web","707787","25781","682006"
"NBC","Web","2921937","162729","2759208"
"MoPub","Web","1226282","467632","758650"
"Microsoft Translator (Bing Translator)","Web","65703","9381","56322"
"Periscope","Media","2025080","76481","1948599"
"Microsoft Sway (Office 365)","Business Application","8586","1106","7480"
"Heap","Web","1860221","958938","901283"
"Olark","Web","1006254","37645","968609"
"Liveperson","Web","17527715","1569051","15958664"
"Mapbox","Web","27400094","596821","26803273"
"Uptodown","Web","22025000","263806","21761194"
"Google Code","Web","2709","667","2042"
"Debian","Web","50854450","589590","50264860"
"Microsoft Excel Online (Office 365)","Web","176298497","132147949","44150548"
"Rackspace","Web","10685","1249","9436"
"Signal","Web","217871","38421","179450"
"LiveChat","Web","2316873","115579","2201294"
"Riffsy (Tenor.co)","Web","39312618","711804","38600814"
"Ensighten","Web","2008167","333345","1674822"
"Tune","Web","37916","15900","22016"
"Braintree","Web","215702","18475","197227"
"Verizon","Web","3935058","2219010","1716048"
"LKQD","Web","193172","49950","143222"
"Google Trusted Store (Google Commerce)","Web","11257","1394","9863"
"Umeng","Web","378376","166877","211499"
"Rappler","Web","726826","29956","696870"
"Revcontent","Web","3449978","595378","2854600"
"Hola Web Proxy","Web","29307","7906","21401"
"BitTorrent Bundle","Peer to Peer","1058","312","746"
"Bank of America","Web","4488305","1121110","3367195"
"Uber (formerly UberCab)","Web","2045657","297157","1748500"
"QQVideo","Web","74016","7613","66403"
"Slack","Web","4278799","872663","3406136"
"Younow","Web","5103948","2509225","2594723"
"Bazaarvoice","Web","142216234","6066192","136150042"
"MQ Telemetry Transport","Network Service","9104","4634","4470"
"Clicktale","Web","11432122","8559252","2872870"
"Adk2","Web","789346","15614","773732"
"hotjar","Web","13701374","5502633","8198741"
"ZoomMeetings","Business Collaboration","293624006","111411239","182212767"
"CDNetworks","Infrastructure","463888","23714","440174"
"Weborama","Web","130674","26480","104194"
"Highwinds","Web","18075780","356877","17718903"
"Wells Fargo","Web","9469947","592436","8877511"
"Innovid","Web","95681995","2600875","93081120"
"StackExchange","Web","3714196","223351","3490845"
"Wix","Web","127383932","49011677","78372255"
"Tinder","Web","212480253","7821959","204658294"
"Shutterstock","Web","511114","17710","493404"
"Ubuntu","Web","585674","23577","562097"
"Heroku","Web","12075392","354714","11720678"
"IMO Video Calling Application","Media","63465","26814","36651"
"Clash of Clans","Gaming","102368275","2412082","99956193"
"Supercell","Gaming","9166806","229005","8937801"
"Amazon Music","Media","10009158","785167","9223991"
"Cheetah Mobile","Web","553721","222650","331071"
"Microsoft Word Online (Office 365)","Business Collaboration","6866341","1695929","5170412"
"Microsoft Powerpoint Online (Office 365)","Business Collaboration","14683637","828870","13854767"
"Tidal","Media","65873","5725","60148"
"StreamRail","Media","108895","23917","84978"
"Vidyard","Web","586121","21201","564920"
"Nintendo","Gaming","608537","443288","165249"
"OpenRTB","Web","156748","131995","24753"
"ADventori","Web","162945","36457","126488"
"Tealium","Web","5976801","1199932","4776869"
"Audible","Real Time Audio/Video","9116561","430364","8686197"
"Flashtalking","Web","7567781","936755","6631026"
"AdColony","Web","12166029","3909305","8256724"
"Google Classroom","Web","374958","54604","320354"
"MGID","Web","1761171","173407","1587764"
"Livescore","Web","253597","20458","233139"
"MaxCDN","Web","51659","9424","42235"
"Zhihu","Web","11587401","4370100","7217301"
"Booking.com","Web","44366958","1904037","42462921"
"DocuSign","Web","28218132","7775327","20442805"
"Automatic Data Processing (ADP)","Web","2952038","968258","1983780"
"Autodesk Fusion 360","Tunneling and VPN","1576335","93862","1482473"
"Cloudinary","Web","30925179","1568740","29356439"
"Gfycat","Web","137664","5846","131818"
"Kahoot!","Web","20988682","182772","20805910"
"Sportradar","Web","587356","113351","474005"
"Pornhub NETWORK","Web","291941088","4869863","287071225"
"Wall Street Journal","Web","29510","4509","25001"
"Niantic, Inc","Web","501069","67802","433267"
"Meitu","Web","8168246","837666","7330580"
"Clash Royale","Gaming","11697939","321339","11376600"
"Origin","Web","39020","7834","31186"
"Canvas Student","Web","5092279","186141","4906138"
"Instructure","Web","2635407","318533","2316874"
"United Internet","Web","4672","964","3708"
"shopee.tw","Web","286879","61508","225371"
"Electronic Arts","Web","20668608","1075164","19593444"
"Facebook Lite","Social Networking","255585","35274","220311"
"Kakao","Web","221153","41614","179539"
"Digioh","Web","350113","18857","331256"
"Apptimize","Web","75379","24409","50970"
"UC Browser","Web","7875","2466","5409"
"x_vpn","Tunneling and VPN","3271005","1255153","2015852"
"Mediascope","Web","18710","3631","15079"
"Data Saver","Web","3910052","291572","3618480"
"Domain Name Service Crypt","Network Service","1022193","458233","563960"
"Adtelligent","Web","1211300","282114","929186"
"Youtube Music","Media","1368588","128673","1239915"
"Akamai Video","Media","886425","115401","771024"
"Splunk Cloud","Storage and Backup","40084","15231","24853"
"Fortnite","Gaming","2611221","559426","2051795"
"Fox Networks","Web","11871401","424667","11446734"
"Text Me","Internet Instant Messaging","1467217","461066","1006151"
"textPlus","Internet Instant Messaging","498331","111070","387261"
"Epic_games","Gaming","50263690","25838280","24425410"
"Unreal_engine","Gaming","1767291","35455","1731836"
"Disqus","Web","16652246","1013819","15638427"
"Ubisoft","Gaming","9480","2720","6760"
"Microsoft AD Right Management Service","Business Application","41634","9926","31708"
"Simpli.fi","Web","4472573","603211","3869362"
"RingCentral","Business Collaboration","619692","11512","608180"
"Google News","Web","206932","24415","182517"
"Google One","Web","912471","79507","832964"
"Alibaba Group","Web","1112368","44253","1068115"
"Alibaba Cloud","Web","92786533","57590217","35196316"
"Discord","Internet Instant Messaging","201540830","3524469","198016361"
"Dragon Ball","Gaming","9243589","439992","8803597"
"ExpressVPN","Tunneling and VPN","5164039","1787890","3376149"
"Future_plc","Web","8311676","374524","7937152"
"Google Play Books","Web","1459729","112799","1346930"
"ProtonMail","Email","318423","34767","283656"
"MAkeMyTrip","Web","22900","8307","14593"
"Warner Bros. Interactive Entertainment","Gaming","1461738","27904","1433834"
"AWS Console","Business Application","65299","41209","24090"
"Ted Conferences","Web","99766","2733","97033"
"Prezi","Web","164074","3523","160551"
"iBooks","Web","23477163","3504616","19972547"
"Fandom","Web","8350559","291537","8059022"
"Tesla","Web","5822215","298236","5523979"
"OpenSignal","Web","358307","341944","16363"
"TripAdvisor","Web","36329919","2030128","34299791"
"PubNub","Web","1847561","507064","1340497"
"Unknown virtual protocol","Unclassified","1082","348","734"
"Unknown virtual protocol","Unclassified","1776404","46743","1729661"
"NetEase","Web","877410391","16708997","860701394"
"Unknown virtual protocol","Unclassified","51425","15684","35741"
"Unknown virtual protocol","Unclassified","3527275","1893776","1633499"
"Unknown virtual protocol","Unclassified","1410396046","28552045","1381844001"
"Google Blog","Web","43150","10694","32456"
"Discovery Inc","Real Time Audio/Video","1539776","143656","1396120"
"National Public Radio","Web","8915033","262102","8652931"
"Raknet","Gaming","1572041","855542","716499"
"Wireguard","Tunneling and VPN","1234175086","69163604","1165011482"
"Firework","Internet Instant Messaging","31004","6626","24378"
"Bigo","Web","355123","22938","332185"
"Apple TV Plus","Real Time Audio/Video","17257994215","376319750","16881674465"
"Quora","Social Networking","1225852","165912","1059940"
"Toutiao","Web","1644628","26520","1618108"
"Airbnb","Web","9278532","170984","9107548"
"Netease Games","Gaming","3457038","550152","2906886"
"Wangwang","Internet Instant Messaging","121722","54735","66987"
"Workday","Business Application","339071","27962","311109"
"Shopify","Web","283328528","5402168","277926360"
"Service Now","Web","17915","8889","9026"
"StackPath","Web","156727","7356","149371"
"Uber Eats","Web","277579","44983","232596"
"Houseparty","Real Time Audio/Video","48079","6822","41257"
"Roblox","Gaming","258892339","27346196","231546143"
"BridTV","Real Time Audio/Video","2286358","40201","2246157"
"Likee","Internet Instant Messaging","631782","102949","528833"
"Citrix","Web","34788","10734","24054"
"Digital Turbine","Web","22330901","395132","21935769"
"Pluto TV","Real Time Audio/Video","394290","42118","352172"
"adRise","Real Time Audio/Video","341950","18168","323782"
"Tubi TV","Real Time Audio/Video","800702783","12647618","788055165"
"iFunny","Web","3238194","35597","3202597"
"Demandbase","Web","58822","3055","55767"
"Sift Science","Web","340473","84421","256052"
"Amazon Alexa Assistant","Business Collaboration","2462799","682107","1780692"
"Yubo","Internet Instant Messaging","10156","3056","7100"
"Connatix","Real Time Audio/Video","52246852","2175696","50071156"
"Minute Media","Web","157660648","3530464","154130184"
"Xbox Cloud Gaming","Gaming","28239","7407","20832"
" Revolut","Web","8353","838","7515"
"Go Daddy","Web","334996573","25421496","309575077"
"Coursera","Web","182305904","6203129","176102775"
"The Blaze","Web","77564","2549","75015"
"Hotels.com","Web","108657","5939","102718"
"NHL.com","Web","123202224","2341123","120861101"
"Official Major League Baseball","Web","52656402","1643931","51012471"
"Priceline.com","Web","11102867","2431040","8671827"
"Rotten Tomattoes","Web","548928","26140","522788"
"Slate Magazine","Web","903928","97999","805929"
"The Telegraph","Web","34083","1998","32085"
"TIME","Web","197232","6074","191158"
"TMZ","Web","964506","38904","925602"
"Nvidia","Web","64127","1457","62670"
"Geforce Now","Gaming","247429","72111","175318"
"Call of Duty Mobile","Gaming","46402093","41968019","4434074"
"The Walt Disney Company","Web","36606","14056","22550"
"Indiegogo","Web","1851634","43308","1808326"
"FedEx","Web","488075","197934","290141"
"Kayak","Web","2655975","46013","2609962"
"Eventbrite","Web","35589","8408","27181"
"WarnerMedia","Web","9190258","156598","9033660"
"Etahub","Web","274204","142761","131443"
"Unknown virtual protocol","Unclassified","232491","6980","225511"
