"Application","Category","Total Bytes","Bytes Received","Bytes Sent"
"Domain Name Service","Network Service","1626226763","825614948","800611815"
"Google Mail","Email","4255434190","414179820","3841254370"
"Google Search","Web","1709746784","266333140","1443413644"
"Google Maps","Web","311549335","16458088","295091247"
"HyperText Transfer Protocol","Web","4449307075","343022432","4106284643"
"HyperText Transfer Protocol Secure","Web","73512345652","3217270258","70295075394"
"Internet Control Message Protocol","Network Service","3957338020","2381928482","1575409538"
"Internet Message Access Protocol version 4","Email","106124368","39301978","66822390"
"Internet Message Access Protocol Secure","Email","17122415","2284630","14837785"
"Internet Protocol","Network Service","0","0","0"
"Internet Security Association and Key Management Protocol","Tunneling and VPN","235786196","41549253","194236943"
"XMPP Protocol (Jabber)","Business Collaboration","72074640","14048945","58025695"
"McAfee Client update","Business Application","326022269","40708668","285313601"
"MySQL Protocol","Business Application","26816580","6221214","20595366"
"Session Initiation Protocol","Business Application","197927","108726","89201"
"Skype and Teams","Business Collaboration","1925649197","24109677","1901539520"
"Simple Object Access Protocol","Network Service","1571437382","912751646","658685736"
"Secure Shell","Tunneling and VPN","125299122","62491286","62807836"
"Secure Socket Layer","Tunneling and VPN","46727470807","4472338118","42255132689"
"Session Traversal Utilities for NAT","Business Collaboration","60809118","23240369","37568749"
"Transmission Control Protocol","Other TCP/UDP","7963228080","1632137627","6331090453"
"User Datagram Protocol","Other TCP/UDP","195406495116","15915795130","179490699986"
"Yahoo Mail v.2.0","Email","323489986","68625840","254864146"
"Youtube.com","Media","34811971446","2526246840","32285724606"
"Facebook","Social Networking","171595958555","4341152484","167254806071"
"Google Ads","Web","2260863472","325108591","1935754881"
"Windows Live Hotmail","Email","283095559","29459999","253635560"
"WordPress.com","Social Networking","52298338","1405614","50892724"
"LinkedIn","Social Networking","1512671182","147135082","1365536100"
"Apple Generic Services","Web","17405791197","447242138","16958549059"
"Online Certificate Status Protocol","Business Application","18245701","7168920","11076781"
"Twitter","Social Networking","2929112423","98103629","2831008794"
"Yandex.ru","Web","36161956","24608895","11553061"
"iTunes","Media","1405376084","111077670","1294298414"
"Spotify","Media","1650116396","72216369","1577900027"
"TeamViewer","Remote Desktop","840302480","674946285","165356195"
"Bing.com (formerly MSN Search)","Web","904877520","123644987","781232533"
"Baidu.com","Web","6491033","578958","5912075"
"Windows Update","Web","12868095531","561357076","12306738455"
"Chrome Update","Web","681911794","21120319","660791475"
"Opera Update","Web","3565510","971197","2594313"
"Symantec Norton AntiVirus Updates","Web","386167","14536","371631"
"Netflix.com","Media","71889585357","1168621182","70720964175"
"Google Analytics,Google Marketing Platform","Web","759038676","178424321","580614355"
"Google GStatic","Web","4114709063","344759193","3769949870"
"Portal.TidalTV.com","Web","948295","234733","713562"
"YouKu","Media","175342","162472","12870"
"Google Generic","Web","1515927314","273561086","1242366228"
"Amazon Generic Services","Web","6944243946","2667699637","4276544309"
"CNN (Cable News Network)","Web","198162271","47667527","150494744"
"Mozilla.com - Mozilla.org","Web","253103111","13198671","239904440"
"Naver Corporation (formerly NHN Corporation)","Web","48549599","1343976","47205623"
"Vimeo","Web","1674478382","20753240","1653725142"
"Weather.com","Web","78073172","4401074","73672098"
"WhatsApp Messenger","Internet Instant Messaging","54662427831","18916965542","35745462289"
"Taobao","Web","407345198","5159820","402185378"
"Google App Engine","Business Application","13676626","1043179","12633447"
"Apple App Store","Web","16646652643","284334069","16362318574"
"Windows Marketplace","Web","2745157564","116983181","2628174383"
"Apple FaceTime","Real Time Audio/Video","3696572250","1503603429","2192968821"
"Apple Push Notification Service","Web","344922305","235748391","109173914"
"iOS over-the-air (OTA) update","Web","12524181959","119583240","12404598719"
"Samsung Apps","Web","291480515","15412170","276068345"
"Google Play Store","Media","10629345910","1181808517","9447537393"
"Line","Internet Instant Messaging","1896115","468490","1427625"
"iCloud (Apple)","Storage and Backup","9864138995","5867551775","3996587220"
"Instagram","Web","150733276640","4607105771","146126170869"
"SoundCloud","Media","452460943","22735339","429725604"
"Amazon Web Services/Cloudfront CDN","Infrastructure","13328299799","6771844480","6556455319"
"Amazon Prime Video","Media","22671083665","454650770","22216432895"
"QQ.com","Web","47355630","6871459","40484171"
"Alipay","Web","29204","16733","12471"
"Alibaba.com","Web","159763847","3366838","156397009"
"Akamai Technologies CDN","Web","4805209511","96109569","4709099942"
"Microsoft Azure (previously Windows Azure)","Infrastructure","580566853","13388122","567178731"
"Yahoo.com","Web","1325368586","184775007","1140593579"
"WeChat","Internet Instant Messaging","307534229","92270876","215263353"
"MiTalk Messenger (Miliao)","Internet Instant Messaging","4434290","364143","4070147"
"Google Talk (incl. Hangouts and Allo and Duo)","Real Time Audio/Video","504789010","187474394","317314616"
"CloudFlare CDN","Infrastructure","11919505679","417004917","11502500762"
"Microsoft Office 365","Business Collaboration","6321775896","248250810","6073525086"
"Zoho Corporation","Business Application","262777602","173693378","89084224"
"Microsoft SharePoint Online (Office 365)","Business Application","190592916","68349340","122243576"
"Pinterest","Web","624727916","23658513","601069403"
"Microsoft Outlook (Office 365)","Business Application","37252307545","1308884459","35943423086"
"Reddit.com","Web","794223728","41309338","752914390"
"Apple SIRI","Web","86271636","55594062","30677574"
"Bet365.com","Web","341067","94916","246151"
"Issuu.com","Web","1170751","62770","1107981"
"Paypal.com","Web","44337205","6203629","38133576"
"Indiatimes","Web","3089201","196061","2893140"
"AliExpress.com","Web","322338660","20824868","301513792"
"Google Accounts","Web","222938394","59299109","163639285"
"Amazon Ad System","Web","322620943","59781827","262839116"
"Snapchat","Social Networking","23344886229","1595460236","21749425993"
"AddThis","Web","18343503","1169910","17173593"
"Turn","Web","4196043","1082675","3113368"
"ScorecardResearch","Web","310220742","15477413","294743329"
"Quantcast","Web","14866483","3065239","11801244"
"Telegram","Internet Instant Messaging","1233120155","37876927","1195243228"
"Symantec","Web","406768385","12450682","394317703"
"Oracle","Web","8389458","2343523","6045935"
"Bitstrips","Social Networking","256419253","10688185","245731068"
"TRUSTe","Web","17575316","1596391","15978925"
"Criteo","Web","144277181","29451741","114825440"
"Adobe","Business Application","1048228756","94669274","953559482"
"Zendesk","Business Collaboration","13043571","513452","12530119"
"Google Safe Browsing","Web","45243653","15522978","29720675"
"Inneractive","Web","182893154","108441852","74451302"
"Flurry","Business Application","176886651","35559160","141327491"
"Samsung","Web","635403941","169714893","465689048"
"Crashlytics","Web","49777183","7969580","41807603"
"Facebook Messenger","Internet Instant Messaging","11913527409","5425797629","6487729780"
"InMobi","Web","144615877","29394299","115221578"
"AppsFlyer","Business Application","45231646","15763109","29468537"
"Gravatar","Business Collaboration","3393720","460924","2932796"
"Xiaomi","Web","951441925","63768199","887673726"
"Nielsen","Web","8612111","1377891","7234220"
"Stickyads","Web","17236208","7777862","9458346"
"Mixpanel","Web","20352992","12037569","8315423"
"Smart AdServer","Web","50529347","19749727","30779620"
"Taobao Ad Network and Exchange","Web","131065","40877","90188"
"Google Cloud Storage","Web","9222125804","8609940231","612185573"
"Google Cloud Messaging","Web","202650511","44226350","158424161"
"Lazada","Web","401252","28865","372387"
"Gettyimages","Web","23338801","850589","22488212"
"Apple Location","Web","3397839851","257422397","3140417454"
"OpenX","Web","12257201","3191902","9065299"
"PubMatic","Web","105409302","46815391","58593911"
"Index Exchange (previously Casale Media)","Web","40693923","12365462","28328461"
"LOTAME","Web","16993554","3066154","13927400"
"Rubicon Project","Web","111522149","35058100","76464049"
"AppNexus","Web","310752231","178011343","132740888"
"Rlcdn","Web","102195512","5296704","96898808"
"HyperText Transfer Protocol version 2","Web","30470886154","1282138500","29188747654"
"GitHub","Web","37697139","2540098","35157041"
"Google Tag Manager","Web","334002687","21510923","312491764"
"Facebook Embedded Video","Media","8573134435","147782161","8425352274"
"Ad Safe Protected","Web","102402165","14757091","87645074"
"Adjust.com","Web","23561932","8966981","14594951"
"BootstrapCDN","Web","5655671","359850","5295821"
"Outbrain","Web","93215371","14514897","78700474"
"CBS Video","Web","94053922","2100381","91953541"
"Unruly","Web","5128826","2244931","2883895"
"Applovin","Web","1233292163","374635278","858656885"
"Android connectivity Manager","Network Service","23426788","11794901","11631887"
"Moat","Web","130258260","31428989","98829271"
"Heap","Web","155300169","91008795","64291374"
"Branch Metrics","Web","87628976","19205205","68423771"
"Optimizely","Web","24250018","4233583","20016435"
"Taboola","Web","161572636","26704140","134868496"
"Zopim","Web","1910429","271181","1639248"
"Ensighten","Web","9471397","1893374","7578023"
"Smaato","Web","14504096","5355150","9148946"
"MediaMath","Web","15605037","4929870","10675167"
"LKQD","Web","328224","90505","237719"
"jQuery","Web","12882554","760206","12122348"
"Everest Technologies","Web","16476858","5054129","11422729"
"TubeMogul","Web","1060868","157507","903361"
"Microsoft OneDrive","Web","2949649654","1810278266","1139371388"
"Microsoft","Web","10798286827","928272681","9870014146"
"Revcontent","Web","7866370","1179893","6686477"
"New Relic","Web","305030895","252914730","52116165"
"Liftoff","Web","5993435","2722564","3270871"
"Uber (formerly UberCab)","Web","207035845","58012977","149022868"
"Conversant","Web","5033685","1632430","3401255"
"Teads","Web","18604257","3609639","14994618"
"Adform","Web","18282034","4254165","14027869"
"hotjar","Web","37218742","18096891","19121851"
"ZoomMeetings","Business Collaboration","2854643529","691768263","2162875266"
"HyperText Transfer Protocol proxy","Network Service","2404315","804940","1599375"
"Innovid","Web","291684258","8465801","283218457"
"Firebase Cloud Messaging","Web","463100521","202145814","260954707"
"Bidswitch","Web","27442900","10601292","16841608"
"Bugsnag","Web","8940677","5093472","3847205"
"Apple Game Center","Gaming","10013492","1621475","8392017"
"Tealium","Web","19268723","7266903","12001820"
"Sharethrough","Web","457928044","33034157","424893887"
"AdColony","Web","33997502","7524651","26472851"
"Yieldmo","Web","19726519","3574764","16151755"
"Huawei","Web","2507435","914487","1592948"
"MGID","Web","6057629","478832","5578797"
"DoubleVerify","Web","72258901","12907226","59351675"
"Avast","Web","35185339","5528537","29656802"
"Okta","Web","141441313","34788967","106652346"
"PulsePoint","Web","5599190","1846844","3752346"
"Google Secure User Plane Location","Web","1870812","254765","1616047"
"Amplitude","Web","132361355","123211853","9149502"
"Google Cloud Platform","Web","45695484","15066198","30629286"
"Microsoft teams","Internet Instant Messaging","4437423281","609597176","3827826105"
"Data Saver","Web","17099290","1257262","15842028"
"Adtelligent","Web","6254174","2821340","3432834"
"Cisco","Web","31460480","18725760","12734720"
"IronSource","Business Application","746171275","47832292","698338983"
"Disqus","Web","32099044","2555369","29543675"
"Grammarly","Web","129679850","47295299","82384551"
"Simpli.fi","Web","2941003","677589","2263414"
"ByteDance","Web","507162524","34542375","472620149"
"TikTok (Musical.ly)","Social Networking","91608302447","2563326171","89044976276"
"Alibaba Group","Web","2571308","701559","1869749"
"Alibaba Cloud","Web","189721456","85187806","104533650"
"Discord","Internet Instant Messaging","73553454","3687122","69866332"
"Wish","Web","11423006","2006291","9416715"
"Apple News","Web","272205746","11542132","260663614"
"Vungle","Web","190641328","8377502","182263826"
"Google APIs","Web","5630975875","2320879280","3310096595"
"TripAdvisor","Web","19807456","1144014","18663442"
"Moodle","Social Networking","457783334","11772247","446011087"
"Amazon Cognito","Web","23755608","7500429","16255179"
"Unknown virtual protocol","Unclassified","12032312726","276761730","11755550996"
"Unknown virtual protocol","Unclassified","217296798","102167902","115128896"
"Google Pay","Web","17632193","3331907","14300286"
"Wireguard","Tunneling and VPN","177358444682","7388780307","169969664375"
"Google Messages","Internet Instant Messaging","102116194","49425245","52690949"
"JWPLAYER","Web","295591791","5018650","290573141"
"Quora","Social Networking","9462089","663547","8798542"
"Wangwang","Internet Instant Messaging","395646","102864","292782"
"Shopify","Web","273647010","11253907","262393103"
"DoorDash","Web","48000206","6918474","41081732"
"adRise","Real Time Audio/Video","7738873","1260884","6477989"
"KOCHAVA","Web","2204876","630839","1574037"
"Sift Science","Web","741586","154987","586599"
"Pendo","Web","1054120408","78890739","975229669"
"Go Daddy","Web","43869454","6385845","37483609"
"Contentful","Web","513516472","19276902","494239570"
"NHL.com","Web","8197330","345720","7851610"
"Digicert","Web","63532227","4369192","59163035"
"Font Awesome","Web","23282248","1355339","21926909"
"Intercom","Web","537454842","226250135","311204707"
"Unknown virtual protocol","Unclassified","89763","35844","53919"
"SD-WAN Control","SD-WAN","27258182893","14840544850","12417638043"
"SD-WAN Management","SD-WAN","3975108704","1726477048","2248631656"
"TencentMeeting","Business Collaboration","167721030","61024776","106696254"
"Dailymotion.com","Media","230643460","5547001","225096459"
"eBay.com","Web","38864406","3899340","34965066"
"IPsec (AH and ESP)","Tunneling and VPN","90312740","38428720","51884020"
"Network Time Protocol","Network Service","744924","393384","351540"
"Secure POP3","Email","8507264","153070","8354194"
"QQ","Internet Instant Messaging","2414385","1010582","1403803"
"Real Time Control Protocol","Business Collaboration","248230","138217","110013"
"Real Time Protocol","Business Collaboration","1201656324","558757533","642898791"
"Simple Mail Transfer Protocol","Email","7583384","7115087","468297"
"Yahoo Search","Web","3254075","512134","2741941"
"Secure AIM","Internet Instant Messaging","1568305","183883","1384422"
"Badoo.com","Internet Instant Messaging","34557029","3109905","31447124"
"Foursquare.com","Web","2586734","506505","2080229"
"Adobe Flash Plugin Update","Web","184072","18836","165236"
"Firefox Update","Web","110727991","1720443","109007548"
"BitDefender Update","Web","33233577","26349749","6883828"
"Viber","Real Time Audio/Video","73035217","14631694","58403523"
"Google Translate","Web","16505238","3516817","12988421"
"Salesforce","Business Application","51613216","10132006","41481210"
"Slingbox","Media","817030","11986","805044"
"AccuWeather","Web","6923759","1163663","5760096"
"Adobe Acrobat DC (Document Cloud)","Web","545000","194904","350096"
"WashingtonPost.com","Web","1230944","29857","1201087"
"Xbox","Gaming","3702093","186907","3515186"
"Shazam","Web","1327079","125830","1201249"
"Rakuten.co.jp","Web","1381252","124349","1256903"
"Tencent.com","Internet Instant Messaging","638181","269390","368791"
"ESPN.go.com","Web","21439551","4578092","16861459"
"Google Documents (aka Google Drive)","Storage and Backup","107748086","36206770","71541316"
"Apple Maps","Web","4491324","139772","4351552"
"BBC","Web","18462037","821088","17640949"
"ESPNCricinfo.com","Web","5419718","227267","5192451"
"Kijiji.ca","Web","222294617","7836270","214458347"
"Conviva","Infrastructure","8196306","5308864","2887442"
"Wp.pl","Web","152142","44994","107148"
"Aol","Web","3031332","541851","2489481"
"Gameloft Games","Gaming","1410543","454153","956390"
"Candy Crush Saga","Gaming","34694893","11687787","23007106"
"King Digital Entertainment","Gaming","4884523","2185474","2699049"
"Brightcove","Media","332970007","6222655","326747352"
"FreeWheel","Web","4405365","1436983","2968382"
"Turner","Web","705496469","6851399","698645070"
"Cedexis","Web","7838838","2050848","5787990"
"Setopati","Web","21889811","490790","21399021"
"Google Calendar","Web","22107729","8132171","13975558"
"CPMSTAR","Web","207342","47714","159628"
"ADTECH","Web","2441893","244292","2197601"
"Sizmek (previously MediaMind)","Web","99069735","2420593","96649142"
"AOL One","Web","4328647","239817","4088830"
"Realestate","Web","292982","54846","238136"
"Advertising.com","Web","2583946","743684","1840262"
"Helpshift","Web","1301166","80339","1220827"
"Scotiabank","Web","48454107","8622447","39831660"
"Atlas Solutions","Web","258696","71939","186757"
"Urbanairship","Web","3479037","1017411","2461626"
"Apple Music","Media","2125422390","49116647","2076305743"
"LogMeIn","Remote Desktop","114560","6115","108445"
"Fastly","Web","27147362","704252","26443110"
"Rogers TV","Web","9133321538","168146745","8965174793"
"UpLynk","Web","604990","135699","469291"
"Localytics","Web","8629913","1537015","7092898"
"Krux","Web","12732369","1136988","11595381"
"Microsoft Office OneNote (Office 365)","Business Application","581244","81488","499756"
"Liveperson","Web","28252328","2470958","25781370"
"Mapbox","Web","12545208","640199","11905009"
"Microsoft Excel Online (Office 365)","Web","217952020","105311252","112640768"
"Rackspace","Web","1485498631","144787797","1340710834"
"Signal","Web","16674510","357353","16317157"
"Verizon","Web","23894184","15778749","8115435"
"SpotXchange","Web","6433117","1594221","4838896"
"Umeng","Web","2062372","1006215","1056157"
"QQVideo","Web","485185","69528","415657"
"Younow","Web","92382331","43138001","49244330"
"Bazaarvoice","Web","25495379","2241586","23253793"
"Clicktale","Web","36909241","24336556","12572685"
"Pokemon GO","Gaming","6687507","124824","6562683"
"Weborama","Web","290404","62422","227982"
"Wix","Web","24567676","847776","23719900"
"Tinder","Web","87698827","3681435","84017392"
"GIPHY","Web","357627058","6200925","351426133"
"Heroku","Web","3019504","775267","2244237"
"IMO Video Calling Application","Media","10425362","4349855","6075507"
"Clash of Clans","Gaming","61548439","4976608","56571831"
"Supercell","Gaming","49066709","2064267","47002442"
"StreamRail","Media","33920382","382628","33537754"
"OpenRTB","Web","467065","426629","40436"
"ADventori","Web","1022820","102778","920042"
"Flashtalking","Web","23727378","4474767","19252611"
"ULP","Network Service","12202004","595224","11606780"
"AnyDesk","Remote Desktop","718611","296128","422483"
"Media Innovation Group","Web","2050669","592492","1458177"
"Walmart","Web","9658596","8001554","1657042"
"eXelate","Web","2416320","626616","1789704"
"Sonobi","Web","11547019","4757548","6789471"
"Cloudinary","Web","30811080","506780","30304300"
"Niantic, Inc","Web","16846","4235","12611"
"Clash Royale","Gaming","146101309","5618739","140482570"
"Akamai Video","Media","161880763","3737010","158143753"
"Splunk Cloud","Storage and Backup","6475964","1794030","4681934"
"PubNub","Web","937088","293160","643928"
"Unknown virtual protocol","Unclassified","677334","82769","594565"
"Unknown virtual protocol","Unclassified","74964502","6103105","68861397"
"Unknown virtual protocol","Unclassified","16547778","12667709","3880069"
"Unknown virtual protocol","Unclassified","152711402","2647031","150064371"
"BAMTech","Real Time Audio/Video","226402846","47590677","178812169"
"Workday","Business Application","44496032","1459450","43036582"
"Likee","Internet Instant Messaging","100614999","13270054","87344945"
"Amazon Alexa Assistant","Business Collaboration","3598065","820437","2777628"
"Spotify Audio","Real Time Audio/Video","813474099","9888582","803585517"
"Indeed","Web","327515668","115733431","211782237"
"Slickdeals","Web","2278401","346457","1931944"
"Datadog","Web","2567278","2076852","490426"
"BitTorrent","Peer to Peer","35867","3596","32271"
"File Transfer Protocol","File Sharing","1356774","816418","540356"
"Lighweight Directory Access Protocol","Authentication","14163034","2439189","11723845"
"Network News Transport Protocol","Network Service","5508","2988","2520"
"Post Office Protocol (Version 3)","Email","119771","31506","88265"
"Real Time Streaming Protocol","Media","31115023","29548388","1566635"
"SAP","Business Application","19791","2829","16962"
"Simple Mail Transfer Protocol Secure","Email","3404","1618","1786"
"Simple Network Management Protocol","Management","37267","37267","0"
"SOCKet Secure v5","Tunneling and VPN","2532","1224","1308"
"Simple Service Discovery Protocol","Network Service","11514","11514","0"
"Wikipedia.com","Web","52339381","1554163","50785218"
"MPEG-Transport Stream","Real Time Audio/Video","2653094466","45521911","2607572555"
"Simple Network Paging Protocol","Network Service","27116","12674","14442"
"Ask.com","Web","868682","67387","801295"
"Tagged.com","Social Networking","1206012","446609","759403"
"Expedia.fr","Web","6769099","979856","5789243"
"Travelocity.com","Web","17756","2173","15583"
"Realtor.com","Web","24522","3168","21354"
"Flickr","Social Networking","412353097","4955921","407397176"
"Deezer","Web","4904058","83568","4820490"
"Mail.ru Webmail","Email","173733","51717","122016"
"Steampowered.com","Gaming","13068895","664380","12404515"
"Xbox Live","Gaming","6142830","489074","5653756"
"Flixster.com","Web","20546","10016","10530"
"Goodreads.com","Web","133574","13088","120486"
"Last.fm","Media","105682","3328","102354"
"Meetup","Web","38753","10528","28225"
"Odnoklassniki.ru","Social Networking","35912","1683","34229"
"ResearchGATE.net","Web","1718840","117312","1601528"
"Tumblr","Social Networking","92454863","1086863","91368000"
"Vk.com (Vkontakte)","Social Networking","1050446","38417","1012029"
"Yammer.com","Business Application","3169637","402215","2767422"
"Yelp.com","Web","2787114","68712","2718402"
"Java Update","Web","414666","16101","398565"
"Apple Update","Web","3811561","85900","3725661"
"Archive.org","Web","20860950","146274","20714676"
"BBC Player","Media","12470","1411","11059"
"Garena","Web","5867","1333","4534"
"Microsoft SharePoint","Business Application","26651","138","26513"
"Box","File Sharing","3328","334","2994"
"Concur","Business Application","58415","32049","26366"
"Dropbox","Storage and Backup","212877359","12888205","199989154"
"Hangame.com","Gaming","2479484","181630","2297854"
"iHeartRADIO","Media","936267","53515","882752"
"MediaFire.com","File Sharing","139090","4180","134910"
"Livestream (formerly Mogulus)","Media","21238433","371290","20867143"
"Pandora Radio","Media","57870","29658","28212"
"Psiphon","Web","914849","154620","760229"
"SiriusXm.com","Media","3741","555","3186"
"WebEx","Business Collaboration","5566674","1179036","4387638"
"Bloomberg.com","Web","3526514","191761","3334753"
"RSS","Web","71553","1456","70097"
"BlackBerry.com","Web","4145677","71668","4074009"
"ABCNews","Web","1626933","48763","1578170"
"Acer","Web","2334580","69409","2265171"
"Alexa","Web","134751","19484","115267"
"AlJazeera.net","Web","15957","10476","5481"
"AmericanExpress","Web","144774","51328","93446"
"ATT.com (AT&T)","Web","246667","6606","240061"
"Blogger","Web","723546","56207","667339"
"Capital One","Web","24041507","1333767","22707740"
"Cnet.com","Web","388974","22413","366561"
"Comcast","Web","47672624","18447902","29224722"
"Daily Mail","Web","11023247","212836","10810411"
"Daum.net","Web","92461","27762","64699"
"DirecTV.com","Web","25461","3916","21545"
"Fox News","Web","66544899","1586063","64958836"
"FoxSports.com","Web","2369548","52278","2317270"
"Groupon","Web","9874895","421515","9453380"
"IKEA.com","Web","189198","3006","186192"
"Intuit.com","Business Application","53256383","30910157","22346226"
"Kaspersky.com","Web","9405570","4975906","4429664"
"Monster.com","Web","62507","4897","57610"
"NBA.com","Web","2491011","50035","2440976"
"National Football League (NFL.com)","Web","18837597","346280","18491317"
"Nike.com","Web","149019624","11320502","137699122"
"NYTimes.com","Web","182907821","1987330","180920491"
"Reuters.com","Web","4886659","115728","4770931"
"SurveyMonkey.com","Web","86676","13556","73120"
"Univision.com","Web","1051002","60015","990987"
"Xvideos.com","Media","434879","48761","386118"
"QQ WeiBo","Web","20032","4297","15735"
"Hulu","Media","891261","140404","750857"
"KakaoTalk","Internet Instant Messaging","38015","6887","31128"
"Ifeng.com","Web","73808","43557","30251"
"Sogou.com","Web","5864","888","4976"
"360.cn","Web","15932","6228","9704"
"PConline.com.cn","Web","1358","615","743"
"iQiyi","Web","105362","69686","35676"
"Zynga.com","Gaming","551307","187681","363626"
"Limelight Networks CDN","Web","2445467344","67242054","2378225290"
"Datagram Transport Layer Security","Tunneling and VPN","1499088783","1131996531","367092252"
"ISO Base Media File Format","Real Time Audio/Video","44108163","616600","43491563"
"KIK Messenger","Internet Instant Messaging","41852192","1891606","39960586"
"Nikkei.com","Web","650460","39484","610976"
"Auone.jp","Web","2613","761","1852"
"Chinatimes.com","Web","1197350","151196","1046154"
"Ctrip.com","Web","13094573","560199","12534374"
"Duowan.com","Gaming","2811","882","1929"
"Ettoday.net","Web","507086","81852","425234"
"QQ Games","Gaming","1028574","766193","262381"
"Udn.com","Web","143032","26274","116758"
"Pornhub","Web","92961","19715","73246"
"Nokia Here API","Web","626288","43125","583163"
"MeetMe.com","Social Networking","55345","14745","40600"
"Speedtest","File Sharing","157809631","3919418","153890213"
"MapQuest.com","Web","442189","26863","415326"
"Internet Movie Database","Web","41065193","1603656","39461537"
"Imgur.com","Storage and Backup","100625628","1530563","99095065"
"Evernote","Web","2987913","1460590","1527323"
"WebSocket","Network Service","433341","321873","111468"
"Egnyte Enterprise File Sharing","Storage and Backup","6608","948","5660"
"LastPass.com","Web","60053","23129","36924"
"Mendeley.com","File Sharing","412501","187640","224861"
"Saavn Bollywood Music","Media","621789","37749","584040"
"AVG.com","Web","96051","5806","90245"
"Softonic.com","Web","7113","334","6779"
"Marca.com","Web","41753","16576","25177"
"MercadoLibre (aka MercadoLivre)","Web","94690","42539","52151"
"Apple HTTP Live Streaming","Real Time Audio/Video","122147468","543027","121604441"
"craigslist","Web","2747","1158","1589"
"DBS Bank (dbs.com.sg)","Web","6743988","293761","6450227"
"Ekantipur.com","Web","1213017","65450","1147567"
"Iltalehti.fi","Web","12063","6295","5768"
"Background Intelligent Transfer Service","File Sharing","10447598","265399","10182199"
"Seznam.cz","Web","213410","33041","180369"
"Walla.co.il","Web","19553","2882","16671"
"Hotspot Shield","Tunneling and VPN","321168","13160","308008"
"EdgeCast Networks CDN","Infrastructure","362228","78015","284213"
"Coccoc.com","Web","4837","3280","1557"
"NZHerald.co.nz","Web","5638","496","5142"
"Ynet.co.il","Web","15647230","329768","15317462"
"Elsalvador.com","Web","473788","24314","449474"
"Flipkart.com","Web","215584","11843","203741"
"Jutarnji.hr","Web","43201260","779306","42421954"
"Milliyet.com.tr","Web","733839","64135","669704"
"The Simpsons: Tapped Out","Gaming","22436282","20566984","1869298"
"Fox Business Network","Web","20803","3247","17556"
"Vecernji","Web","2881286","53469","2827817"
"Yadro","Web","14252","5501","8751"
"Waze Social GPS Maps & Traffic","Web","91986744","3493590","88493154"
"Huffington Post","Web","234471","3909","230562"
"OpenStreetMap","Infrastructure","4424650","158194","4266456"
"Videoplaza","Web","20103","5534","14569"
"Digital River","Web","12264","1334","10930"
"Plenty Of Fish","Web","12890334","1232984","11657350"
"Twitch","Media","7259095","785345","6473750"
"BoldChat Live Chat","Internet Instant Messaging","4438480","1302692","3135788"
"OkCupid","Web","235491","41066","194425"
"Apsalar","Business Application","107940","24371","83569"
"zalo","Internet Instant Messaging","9136077","89701","9046376"
"battlenet","Gaming","5471","1100","4371"
"AAJTAK","Web","4282","600","3682"
"Vine","Media","8219","1220","6999"
"Flipboard","Web","829791","91084","738707"
"Traffic Junky","Web","7313","1879","5434"
"quic","Network Service","339095","183202","155893"
"I2P Invisible Internet Project","Tunneling and VPN","30148","7168","22980"
"Australian Broadcasting Corporation","Web","10229314","188995","10040319"
"Constant Contact","Web","1706459","64209","1642250"
"Skynewsarabia","Web","341343","8227","333116"
"Atlassian","Web","241827","23799","218028"
"Pastebin","Web","2093","962","1131"
"My.com","Web","340690","87994","252696"
"Bizographics","Web","43046","6275","36771"
"Microsoft SpyNet (aka Microsoft Active Protection Service)","Web","6308","1592","4716"
"Disney Channel","Web","2675204","124021","2551183"
"NBC","Web","27288818","1516903","25771915"
"MoPub","Web","1296406","620660","675746"
"Microsoft Translator (Bing Translator)","Web","499458","14896","484562"
"Sekindo","Web","859235","53763","805472"
"Perform","Web","999612","22652","976960"
"Periscope","Media","15012255","873101","14139154"
"Olark","Web","2514891","141118","2373773"
"Rollout","Web","322834","103943","218891"
"LiveChat","Web","2893568","184054","2709514"
"Glympse","Web","6180","1254","4926"
"Riffsy (Tenor.co)","Web","1745703","571185","1174518"
"Tune","Web","186047","65642","120405"
"Braintree","Web","251870","50012","201858"
"Lookout Mobile Security","Business Application","37993","2704","35289"
"Bleacher Report","Web","10967012","502857","10464155"
"Google Web Light","Web","8376","542","7834"
"Hola Web Proxy","Web","799162","288218","510944"
"funCaptcha","Web","50742","21300","29442"
"MobFox","Web","241408","72892","168516"
"Google Photos (formerly Google Picasa)","Web","31118404","7231170","23887234"
"Baidu Maps","Web","110413","14156","96257"
"Trippy","Web","25758","2229","23529"
"Bank of America","Web","13112255","6127869","6984386"
"Slack","Web","83322354","3501592","79820762"
"MQ Telemetry Transport","Network Service","28841035","3411863","25429172"
"CDNetworks","Infrastructure","3199868","404888","2794980"
"Myway","Web","14428","2475","11953"
"Ratopati","Web","1953217","111634","1841583"
"Highwinds","Web","1204533","35972","1168561"
"StackExchange","Web","20717","2827","17890"
"Eskimi","Web","21308","4253","17055"
"Shutterstock","Web","744895","425288","319607"
"Amazon Music","Media","58742","27778","30964"
"Cheetah Mobile","Web","20959","3894","17065"
"Microsoft Word Online (Office 365)","Business Collaboration","70823559","13533737","57289822"
"Microsoft Powerpoint Online (Office 365)","Business Collaboration","2614225","624823","1989402"
"Signal Private Messenger (Open Whisper Systems)","Internet Instant Messaging","5095529","151148","4944381"
"Tidal","Media","1097516","30327","1067189"
"Vidyard","Web","1336239","104281","1231958"
"Nintendo","Gaming","7185336","123495","7061841"
"Audible","Real Time Audio/Video","144508","22776","121732"
"Google Classroom","Web","2458113","631838","1826275"
"Samsung Update","Web","9275764743","278991367","8996773376"
"Livescore","Web","1293770","80561","1213209"
"Naij","Web","87573","17441","70132"
"Savefrom","Web","518598","23192","495406"
"MaxCDN","Web","112386","20290","92096"
"Zhihu","Web","2022156","252524","1769632"
"Booking.com","Web","6501965","517769","5984196"
"DocuSign","Web","16658214","9790630","6867584"
"Automatic Data Processing (ADP)","Web","15607276","507306","15099970"
"Optus","Web","957029","42723","914306"
"Gfycat","Web","418331","14376","403955"
"Chunghwa Telecom","Web","24586","7530","17056"
"Sportradar","Web","7901427","1132568","6768859"
"Wall Street Journal","Web","14413825","1194836","13218989"
"ChinaNetCenter ","Web","279242","120796","158446"
"Meitu","Web","709557","43875","665682"
"Snow","Internet Instant Messaging","4380064","33238","4346826"
"Origin","Web","98088","29964","68124"
"Canvas Student","Web","8049","1661","6388"
"Instructure","Web","767272","35614","731658"
"Mail.com","Email","10515399","925512","9589887"
"United Internet","Web","1405095","192721","1212374"
"Workplace By Facebook","Social Networking","27169","9953","17216"
"shopee.tw","Web","84695","25494","59201"
"Electronic Arts","Web","48486839","2605545","45881294"
"Facebook Lite","Social Networking","25657669","1703684","23953985"
"ShareFile","Web","8555","1059","7496"
"Apache Thrift","Network Service","25131","1739","23392"
"Kakao","Web","24227","8502","15725"
"Digioh","Web","748429","27061","721368"
"UC Browser","Web","2421011","1359954","1061057"
"x_vpn","Tunneling and VPN","15525314","1749444","13775870"
"Mediascope","Web","39231","11232","27999"
"Domain Name Service Crypt","Network Service","281408","94912","186496"
"Youtube Music","Media","7284649","1470405","5814244"
"Appnext","Web","2527680","401687","2125993"
"Tenor","Web","84367511","2642573","81724938"
"Fox Networks","Web","553556","38656","514900"
"Text Me","Internet Instant Messaging","7737155","3151285","4585870"
"AnchorFree","Tunneling and VPN","69425","12056","57369"
"Epic_games","Gaming","154687393","5436964","149250429"
"Unreal_engine","Gaming","56013482","18053295","37960187"
"Vonage Mobile","Media","14519","4843","9676"
"Spring Tech VPN","Tunneling and VPN","187416","69741","117675"
"Microsoft AD Right Management Service","Business Application","335910","231865","104045"
"Barracuda Networks","Web","18773520","733058","18040462"
"Barracuda VPN SSL","Tunneling and VPN","12223","2795","9428"
"RingCentral","Business Collaboration","11413483","944962","10468521"
"Google News","Web","678698","79722","598976"
"PlayerUnknown's BattleGrounds","Gaming","25374406","1924185","23450221"
"Visual IQ","Web","731931","265492","466439"
"League of Legends","Gaming","3142110","1839948","1302162"
"Dragon Ball","Gaming","1743393","78758","1664635"
"ExpressVPN","Tunneling and VPN","454190","58024","396166"
"Future_plc","Web","7538665","383578","7155087"
"MAkeMyTrip","Web","15156794","3624010","11532784"
"Minecraft","Gaming","128994","71625","57369"
"Viu","Media","4500155","67855","4432300"
"HBO","Web","525241","202960","322281"
"WorkspaceOne","Web","136146313","2926227","133220086"
"Fandom","Web","369512","11640","357872"
"Tesla","Web","30321","8759","21562"
"Google GSuite","Web","2830102","387557","2442545"
"W3Schools","Web","1614173","56408","1557765"
"OpenSignal","Web","5937","2620","3317"
"Megaphone","Web","1836764628","29477266","1807287362"
"DAZN","Real Time Audio/Video","2105210","133810","1971400"
"Gaana","Real Time Audio/Video","7070","422","6648"
"Unknown virtual protocol","Unclassified","124921","25475","99446"
"Unknown virtual protocol","Unclassified","679658","13099","666559"
"NetEase","Web","47432","18900","28532"
"Unknown virtual protocol","Unclassified","88310","57201","31109"
"Unknown virtual protocol","Unclassified","71490","10303","61187"
"Discovery Inc","Real Time Audio/Video","164079","14301","149778"
"Eurosport","Web","2497683","39494","2458189"
"Eurosport Player","Real Time Audio/Video","17041","4941","12100"
"Bumble","Web","84897447","3514089","81383358"
"National Public Radio","Web","85737","3997","81740"
"Raknet","Gaming","467746","189570","278176"
"Firework","Internet Instant Messaging","358940","71532","287408"
"Bigo","Web","153045513","6619094","146426419"
"Disney Plus","Real Time Audio/Video","20121473725","337262868","19784210857"
"Agora","Network Service","19121","3357","15764"
"Toutiao","Web","14697","1411","13286"
"Tuchong","Web","2137295","2006880","130415"
"Airbnb","Web","8849811","195666","8654145"
"Rockstar Games","Gaming","125458","20716","104742"
"MediaLab","Web","299840397","21207183","278633214"
"Browsec VPN","Tunneling and VPN","15852991","2329834","13523157"
"StackPath","Web","2501022","29401","2471621"
"Uber Eats","Web","3670723","531920","3138803"
"Houseparty","Real Time Audio/Video","231845","36600","195245"
"Roblox","Gaming","638241478","29793047","608448431"
"BridTV","Real Time Audio/Video","4235056","108942","4126114"
"Acronis Backup","File Sharing","510370","338266","172104"
"Citrix","Web","301458","44775","256683"
"Microsoft Dynamics","Business Application","51912","11157","40755"
"Digital Turbine","Web","19968","7766","12202"
"Tubi TV","Real Time Audio/Video","6364877491","105627024","6259250467"
"Hiido - Haidu Cloud","Web","1064","208","856"
"Demandbase","Web","177379","11191","166188"
"Connatix","Real Time Audio/Video","36155023","3011696","33143327"
"Minute Media","Web","9373159","167576","9205583"
"UserReport","Web","439353","77038","362315"
"Xbox Cloud Gaming","Gaming","214797","21206","193591"
"Jitsi","Real Time Audio/Video","16629","1579","15050"
"Coursera","Web","102331","2930","99401"
"The Blaze","Web","565227","22483","542744"
"Hotels.com","Web","6212508","1619342","4593166"
"Official Major League Baseball","Web","168237","5071","163166"
"Rotten Tomattoes","Web","328763","13864","314899"
"BambooHR","Web","19778","3597","16181"
"The Daily Beast","Web","281935","10675","271260"
"TIME","Web","3210372","250249","2960123"
"TMZ","Web","597129","19167","577962"
"United Airlines","Web","2415735","673947","1741788"
"Nvidia","Web","714265","164073","550192"
"Geforce Now","Gaming","16122708","445144","15677564"
"Call of Duty Mobile","Gaming","7647279","1041180","6606099"
"The Walt Disney Company","Web","4909686","225891","4683795"
"Wired","Web","65143729","648325","64495404"
"Kickstarter","Web","86586904","1292278","85294626"
"FedEx","Web","4201234","819629","3381605"
"Kayak","Web","14040082","348748","13691334"
"Rediff","Web","14136","5927","8209"
"Eventbrite","Web","20210592","379536","19831056"
"World Of Tanks Blitz","Gaming","476733","6294","470439"
"WarnerMedia","Web","2520776675","24760907","2496015768"
"Wargaming","Web","31412","9348","22064"
"ShoreTel","Business Collaboration","28188","11016","17172"
"RingCentralApp","Business Collaboration","9239","1973","7266"
"ZoomPhone","Business Collaboration","23922","10374","13548"
"ZoomCRC","Business Collaboration","876","432","444"
