"Application","Category","Total Bytes","Bytes Received","Bytes Sent"
"Domain Name Service","Network Service","1684349748","798810617","885539131"
"Google Mail","Email","1786715883","247905429","1538810454"
"Google Search","Web","1104208285","180726218","923482067"
"HyperText Transfer Protocol","Web","3902466008","426956210","3475509798"
"HyperText Transfer Protocol Secure","Web","18491496941","1724197352","16767299589"
"Internet Control Message Protocol","Network Service","3312682416","1944099902","1368582514"
"Internet Message Access Protocol version 4","Email","153438709","42568297","110870412"
"Internet Message Access Protocol Secure","Email","107812641","6329567","101483074"
"Internet Protocol","Network Service","0","0","0"
"XMPP Protocol (Jabber)","Business Collaboration","3154153","970913","2183240"
"Skype and Teams","Business Collaboration","46507584","8668105","37839479"
"Simple Object Access Protocol","Network Service","1633958849","823975936","809982913"
"Secure Shell","Tunneling and VPN","39178323","20642262","18536061"
"Secure Socket Layer","Tunneling and VPN","23656287033","4046443981","19609843052"
"Transmission Control Protocol","Other TCP/UDP","4209215421","454273899","3754941522"
"User Datagram Protocol","Other TCP/UDP","106043705993","9644535387","96399170606"
"Wikipedia.com","Web","47762087","1618260","46143827"
"Youtube.com","Media","78413889902","6096920213","72316969689"
"Facebook","Social Networking","46209387438","2671346212","43538041226"
"Google Ads","Web","2542909645","320681997","2222227648"
"Windows Live Hotmail","Email","177777948","24102036","153675912"
"LinkedIn","Social Networking","225716896","21584719","204132177"
"Apple Generic Services","Web","9808702251","728709915","9079992336"
"Online Certificate Status Protocol","Business Application","23581657","10538626","13043031"
"Twitter","Social Networking","4220693259","192824668","4027868591"
"iTunes","Media","1333693641","208942511","1124751130"
"TeamViewer","Remote Desktop","342523453","211692338","130831115"
"Bing.com (formerly MSN Search)","Web","479469440","64149786","415319654"
"Windows Update","Web","5579090353","420369018","5158721335"
"Chrome Update","Web","435703520","21021893","414681627"
"Opera Update","Web","1261475","395775","865700"
"Netflix.com","Media","9775065235","302654900","9472410335"
"Google Analytics,Google Marketing Platform","Web","552042190","171955123","380087067"
"Google GStatic","Web","2663813197","199926028","2463887169"
"Google Generic","Web","1004122492","172494136","831628356"
"Amazon Generic Services","Web","3828259609","1072115821","2756143788"
"Nike.com","Web","121022997","19409200","101613797"
"WhatsApp Messenger","Internet Instant Messaging","17612518614","5673757365","11938761249"
"Apple App Store","Web","6873801302","352048439","6521752863"
"Windows Marketplace","Web","634874033","48326057","586547976"
"Apple Push Notification Service","Web","545401004","354612710","190788294"
"iOS over-the-air (OTA) update","Web","3107896344","196505814","2911390530"
"Samsung Apps","Web","204321671","13640582","190681089"
"Google Play Store","Media","3011557649","650828506","2360729143"
"iCloud (Apple)","Storage and Backup","9608217376","1177017013","8431200363"
"Instagram","Web","67066952398","5701962658","61364989740"
"SoundCloud","Media","1444868179","182027375","1262840804"
"Amazon Web Services/Cloudfront CDN","Infrastructure","9118401787","1581791109","7536610678"
"Akamai Technologies CDN","Web","1909064900","45444277","1863620623"
"Yahoo.com","Web","568315365","75431442","492883923"
"WeChat","Internet Instant Messaging","798410637","92573972","705836665"
"CloudFlare CDN","Infrastructure","5953722140","272136396","5681585744"
"Microsoft Office 365","Business Collaboration","1096800948","141550431","955250517"
"Zoho Corporation","Business Application","66879266","41780116","25099150"
"ESPN.go.com","Web","20088066","2338318","17749748"
"Microsoft Outlook (Office 365)","Business Application","3121795879","734205241","2387590638"
"Apple SIRI","Web","103947693","61461903","42485790"
"EdgeCast Networks CDN","Infrastructure","117585","10250","107335"
"Google Accounts","Web","336097680","146577909","189519771"
"Amazon Ad System","Web","265960035","51506086","214453949"
"Aol","Web","7251991","378531","6873460"
"Snapchat","Social Networking","20637603744","2314827448","18322776296"
"Turn","Web","8274937","1970355","6304582"
"ScorecardResearch","Web","34764319","8695824","26068495"
"Quantcast","Web","38301694","4121727","34179967"
"Oracle","Web","9061457","2311660","6749797"
"Bitstrips","Social Networking","275938318","25644604","250293714"
"Criteo","Web","242363200","47972963","194390237"
"Adobe","Business Application","2828303499","214029764","2614273735"
"Flurry","Business Application","9814961","3510347","6304614"
"Samsung","Web","169135957","55846724","113289233"
"Crashlytics","Web","9125844","2113087","7012757"
"Brightcove","Media","39228294","1600555","37627739"
"Facebook Messenger","Internet Instant Messaging","1191610101","404021689","787588412"
"InMobi","Web","21965447","8372869","13592578"
"AppsFlyer","Business Application","58676659","14316665","44359994"
"Smart AdServer","Web","83411505","34427926","48983579"
"Google Cloud Messaging","Web","128748195","32621405","96126790"
"Google Calendar","Web","64503538","24452813","40050725"
"Apple Location","Web","3163584581","363168216","2800416365"
"OpenX","Web","23878923","7257269","16621654"
"PubMatic","Web","142617388","70809964","71807424"
"Index Exchange (previously Casale Media)","Web","87152171","31798863","55353308"
"LOTAME","Web","15155590","3023695","12131895"
"Rubicon Project","Web","169047608","67191972","101855636"
"AppNexus","Web","333713927","193196210","140517717"
"Rlcdn","Web","35935657","8356075","27579582"
"HyperText Transfer Protocol version 2","Web","8778012562","1087751507","7690261055"
"Google Tag Manager","Web","466561996","38079595","428482401"
"Helpshift","Web","997782","281591","716191"
"Adjust.com","Web","20635158","8420945","12214213"
"Urbanairship","Web","3584678","1152211","2432467"
"Outbrain","Web","183020209","32399748","150620461"
"Disney Channel","Web","1490172","95031","1395141"
"Android connectivity Manager","Network Service","12997122","6570895","6426227"
"Moat","Web","145035226","34668299","110366927"
"Krux","Web","25477835","2999519","22478316"
"Heap","Web","139722160","66064941","73657219"
"Branch Metrics","Web","53401541","13701853","39699688"
"Optimizely","Web","22822739","5672997","17149742"
"Liveperson","Web","11145593","591404","10554189"
"Tune","Web","27734","6732","21002"
"Smaato","Web","11005341","4162835","6842506"
"MediaMath","Web","7868913","2600352","5268561"
"Everest Technologies","Web","23352513","5379946","17972567"
"Microsoft OneDrive","Web","687484584","59806187","627678397"
"Microsoft","Web","2714677537","658978144","2055699393"
"New Relic","Web","119422205","73616495","45805710"
"Uber (formerly UberCab)","Web","198106013","64918494","133187519"
"Teads","Web","25608974","4651438","20957536"
"Adform","Web","18274503","4704404","13570099"
"ZoomMeetings","Business Collaboration","1329554613","322065982","1007488631"
"HyperText Transfer Protocol proxy","Network Service","677769783","92509596","585260187"
"Firebase Cloud Messaging","Web","421322096","227162923","194159173"
"Bidswitch","Web","32193750","12081881","20111869"
"Flashtalking","Web","36334349","1581616","34752733"
"DoubleVerify","Web","73016089","13216454","59799635"
"PulsePoint","Web","6183038","1971992","4211046"
"eXelate","Web","2776842","686634","2090208"
"Amplitude","Web","180620558","170272421","10348137"
"Google Cloud Platform","Web","43882693","20165566","23717127"
"Tenor","Web","24630012","1193397","23436615"
"Cisco","Web","24323599","8065232","16258367"
"Simpli.fi","Web","3979879","896883","3082996"
"TikTok (Musical.ly)","Social Networking","72452925282","6308000109","66144925173"
"Visual IQ","Web","1272351","458588","813763"
"Google APIs","Web","3477376288","1255631637","2221744651"
"TripAdvisor","Web","28770452","2820547","25949905"
"Amazon Cognito","Web","19270826","6332666","12938160"
"Unknown virtual protocol","Unclassified","3321665542","115128862","3206536680"
"Google Messages","Internet Instant Messaging","56968944","41556250","15412694"
"BAMTech","Real Time Audio/Video","19767685","10907716","8859969"
"KOCHAVA","Web","2193531","617909","1575622"
"Connatix","Real Time Audio/Video","68273570","4986599","63286971"
"The Walt Disney Company","Web","6649562","707097","5942465"
"Digicert","Web","14357115","3557047","10800068"
"Intercom","Web","137031711","59636940","77394771"
"SD-WAN Control","SD-WAN","44077499060","24128593068","19948905992"
"SD-WAN Management","SD-WAN","5478979620","2349277374","3129702246"
"TencentMeeting","Business Collaboration","158506434","41244592","117261842"
"Dailymotion.com","Media","476573345","12082313","464491032"
"eBay.com","Web","65791472","7365514","58425958"
"Google Maps","Web","125562086","35608395","89953691"
"Internet Security Association and Key Management Protocol","Tunneling and VPN","174948518","28430132","146518386"
"McAfee Client update","Business Application","46121827","2633710","43488117"
"Network Time Protocol","Network Service","276937","144394","132543"
"Remote Desktop Protocol (Windows Terminal Server)","Remote Desktop","1447772","835958","611814"
"Real Time Protocol","Business Collaboration","3464260495","1685282042","1778978453"
"Session Initiation Protocol","Business Application","987152","603518","383634"
"Server Message Block (Windows File Server)","File Sharing","214687","107490","107197"
"Session Traversal Utilities for NAT","Business Collaboration","53323429","15400226","37923203"
"Yahoo Search","Web","3174526","322344","2852182"
"Yahoo Mail v.2.0","Email","86884252","11320747","75563505"
"WordPress.com","Social Networking","53558300","2121946","51436354"
"Foursquare.com","Web","3679385","589528","3089857"
"Tumblr","Social Networking","47019","10299","36720"
"Spotify","Media","2777746703","162335259","2615411444"
"Baidu.com","Web","10562068","808270","9753798"
"Java Update","Web","1739622","363957","1375665"
"BitDefender Update","Web","2302571","1316766","985805"
"Viber","Real Time Audio/Video","80102591","3812719","76289872"
"Trendmicro Update protocol","Web","7145728","3593266","3552462"
"iHeartRADIO","Media","2067076","222010","1845066"
"Salesforce","Business Application","10871046","3444648","7426398"
"Portal.TidalTV.com","Web","1281070","289811","991259"
"ABCNews","Web","2287807","87226","2200581"
"NBA.com","Web","734434141","28329071","706105070"
"Weather.com","Web","29913455","3328432","26585023"
"GMX webmail","Email","6197837","404334","5793503"
"Apple FaceTime","Real Time Audio/Video","7842004260","2524205191","5317799069"
"Amazon Prime Video","Media","2337027891","55519940","2281507951"
"QQ.com","Web","68094113","2225272","65868841"
"Limelight Networks CDN","Web","2467895287","102405874","2365489413"
"Microsoft Azure (previously Windows Azure)","Infrastructure","591889234","17297972","574591262"
"Datagram Transport Layer Security","Tunneling and VPN","3217516752","766025411","2451491341"
"Google Talk (incl. Hangouts and Allo and Duo)","Real Time Audio/Video","358219861","179311915","178907946"
"MapQuest.com","Web","541407","29310","512097"
"Pinterest","Web","125782145","10606584","115175561"
"Reddit.com","Web","5161099504","147039627","5014059877"
"Google Documents (aka Google Drive)","Storage and Backup","129371851","15654183","113717668"
"Apple Maps","Web","26519797","1274379","25245418"
"Bet365.com","Web","29450","7528","21922"
"Kijiji.ca","Web","267435043","16565126","250869917"
"Telegram","Internet Instant Messaging","251360255","22589244","228771011"
"Symantec","Web","1199097","410457","788640"
"TRUSTe","Web","46467336","2073993","44393343"
"Google Safe Browsing","Web","7087444","2308918","4778526"
"FreeWheel","Web","5479878","1388141","4091737"
"Turner","Web","57157481","2089645","55067836"
"Nielsen","Web","9742960","3471941","6271019"
"Stickyads","Web","34799121","8975296","25823825"
"Mixpanel","Web","8415510","6080631","2334879"
"Cedexis","Web","3211929","972308","2239621"
"Google Cloud Storage","Web","3371987590","2894014634","477972956"
"Flipboard","Web","5164085","486473","4677612"
"ADTECH","Web","1181351","67212","1114139"
"Sizmek (previously MediaMind)","Web","174057974","5213450","168844524"
"AOL One","Web","4223695","326386","3897309"
"Constant Contact","Web","2391357","188429","2202928"
"Advertising.com","Web","6555742","1663890","4891852"
"Facebook Embedded Video","Media","5255442169","89281752","5166160417"
"Ad Safe Protected","Web","165070569","29238026","135832543"
"Scotiabank","Web","24669533","4836896","19832637"
"Atlas Solutions","Web","407582","112465","295117"
"BootstrapCDN","Web","11192941","751895","10441046"
"Apple Music","Media","2857205174","178012162","2679193012"
"Fastly","Web","48258030","1388876","46869154"
"Unruly","Web","6266076","2768769","3497307"
"Rogers TV","Web","118968538","14230442","104738096"
"UpLynk","Web","3055171","157926","2897245"
"MoPub","Web","825426","215447","609979"
"Applovin","Web","481304056","133504758","347799298"
"Taboola","Web","298758082","59458382","239299700"
"Mapbox","Web","15353611","933767","14419844"
"Rackspace","Web","1634338558","130865350","1503473208"
"Ensighten","Web","3226351","525371","2700980"
"Bleacher Report","Web","256687285","7981692","248705593"
"SpotXchange","Web","6287203","1930126","4357077"
"Revcontent","Web","15158952","4128493","11030459"
"Google Photos (formerly Google Picasa)","Web","278258293","212411268","65847025"
"Baidu Maps","Web","36023","4918","31105"
"Conversant","Web","5986700","2061982","3924718"
"Clicktale","Web","14236918","10030385","4206533"
"hotjar","Web","35883851","10513690","25370161"
"Pokemon GO","Gaming","97673297","13499536","84173761"
"Weborama","Web","209790","41427","168363"
"Innovid","Web","251841536","6802231","245039305"
"Heroku","Web","2443422","178558","2264864"
"IMO Video Calling Application","Media","63063869","54016011","9047858"
"Clash of Clans","Gaming","493192239","8639552","484552687"
"Supercell","Gaming","1065538","229139","836399"
"Radiumone","Web","54052","19366","34686"
"Apple Game Center","Gaming","9134295","2174352","6959943"
"ADventori","Web","183207","34273","148934"
"Tealium","Web","12046041","2668513","9377528"
"Sharethrough","Web","86735265","28509338","58225927"
"Yieldmo","Web","36573460","4916624","31656836"
"MGID","Web","5807029","511059","5295970"
"Media Innovation Group","Web","3192046","905693","2286353"
"Avast","Web","3365847","270245","3095602"
"Okta","Web","101487709","16934865","84552844"
"Sonobi","Web","13724736","5699156","8025580"
"Cloudinary","Web","612673967","15641930","597032037"
"Google Secure User Plane Location","Web","2188479","336928","1851551"
"Clash Royale","Gaming","2276941","377085","1899856"
"Data Saver","Web","2289088","206682","2082406"
"Disqus","Web","26649662","1935173","24714489"
"ByteDance","Web","258143938","29586533","228557405"
"Alibaba Cloud","Web","3656964","319970","3336994"
"Discord","Internet Instant Messaging","372416358","13010400","359405958"
"Google Play Books","Web","657859","160768","497091"
"Apple News","Web","383826469","22240074","361586395"
"Unknown virtual protocol","Unclassified","4182814","230947","3951867"
"Unknown virtual protocol","Unclassified","185744798","36842743","148902055"
"Unknown virtual protocol","Unclassified","16854672","12744295","4110377"
"Google Pay","Web","10946970","2040051","8906919"
"Bumble","Web","255282657","15149894","240132763"
"Bigo","Web","23664449","892532","22771917"
"Disney Plus","Real Time Audio/Video","7091414596","169816782","6921597814"
"BridTV","Real Time Audio/Video","2529286","46169","2483117"
"Likee","Internet Instant Messaging","4992912","1465327","3527585"
"Sift Science","Web","406367","120576","285791"
"Amazon Alexa Assistant","Business Collaboration","778626","180503","598123"
"Yubo","Internet Instant Messaging","34660167","4583202","30076965"
"UserReport","Web","402479","67509","334970"
"Go Daddy","Web","12875313","1238730","11636583"
"Contentful","Web","654604678","179350153","475254525"
"WarnerMedia","Web","2149429252","48661052","2100768200"
"Datadog","Web","402564","269962","132602"
"Advance Message Queuing Protocol","Network Service","1984","1096","888"
"BitTorrent","Peer to Peer","14756920","1690","14755230"
"Connection Oriented Transfer Protocol","Network Service","1709","1376","333"
"File Transfer Protocol","File Sharing","6354","3496","2858"
"Gnutella","Peer to Peer","354251","47687","306564"
"Google Earth","Web","2373","574","1799"
"Independant Computing Architecture (Citrix)","Remote Desktop","4486","2698","1788"
"IPsec (AH and ESP)","Tunneling and VPN","307335132","56449214","250885918"
"Kerberos","Authentication","11191","7510","3681"
"Lighweight Directory Access Protocol","Authentication","69677","61750","7927"
"Netbios Name Service","Network Service","41346","38298","3048"
"Outlook Web App","Email","84456753","3456879","80999874"
"Post Office Protocol (Version 3)","Email","2042","807","1235"
"Secure POP3","Email","2638581","159510","2479071"
"Port Mapper","Network Service","10770","7446","3324"
"Point-to-Point Tunneling Protocol","Tunneling and VPN","1174","736","438"
"QQ","Internet Instant Messaging","1193383","125793","1067590"
"Real Time Control Protocol","Business Collaboration","10419583","5000790","5418793"
"SAP","Business Application","57817","34663","23154"
"ShoutCast","Media","92814956","3012228","89802728"
"Simple Mail Transfer Protocol","Email","1130316","951903","178413"
"Simple Mail Transfer Protocol Secure","Email","145012","108831","36181"
"Simple Network Management Protocol","Management","396374","396374","0"
"SOCKet Secure v4","Tunneling and VPN","22991","15566","7425"
"Tabular Data Stream","Business Application","7143","4368","2775"
"Transparent Network Service (Oracle)","Business Application","2906","2018","888"
"X Window System","Business Application","14345","9116","5229"
"MPEG-Transport Stream","Real Time Audio/Video","1551805111","21999471","1529805640"
"Gmail Mobile","Email","91231","49814","41417"
"Secure AIM","Internet Instant Messaging","674037","109803","564234"
"Ask.com","Web","49138","5399","43739"
"Expedia.fr","Web","445791","184654","261137"
"Realtor.com","Web","12864770","1946227","10918543"
"Flickr","Social Networking","3747136","226116","3521020"
"Deezer","Web","132597","22944","109653"
"Rambler.ru","Web","8605","1657","6948"
"Mail.ru Webmail","Email","210348","78139","132209"
"Steampowered.com","Gaming","1064201580","34104967","1030096613"
"Xbox Live","Gaming","3952853","309403","3643450"
"Badoo.com","Internet Instant Messaging","13712980","990944","12722036"
"FetLife.com","Web","26235","5431","20804"
"Flixster.com","Web","33878","1383","32495"
"Vk.com (Vkontakte)","Social Networking","36663","6815","29848"
"Yammer.com","Business Application","607069","392097","214972"
"Yelp.com","Web","26018645","2341921","23676724"
"Yandex.ru","Web","13503167","5683279","7819888"
"Adobe Update Manager","Web","73080658","2686055","70394603"
"Adobe Flash Plugin Update","Web","21237","3242","17995"
"Teredo protocol","Tunneling and VPN","3204","3204","0"
"Firefox Update","Web","4387926","106017","4281909"
"Apple Update","Web","8696365","351918","8344447"
"Archive.org","Web","34349609","542203","33807406"
"Fsecure Update","Web","208659","23085","185574"
"Kaspersky Update","Web","234359","19685","214674"
"BBC Player","Media","13627","1980","11647"
"Kugou/Kugoo","Peer to Peer","4434","330","4104"
"Microsoft SharePoint","Business Application","849175","329543","519632"
"Box","File Sharing","75889","16538","59351"
"Concur","Business Application","7538789","3318546","4220243"
"Dropbox","Storage and Backup","25619329","13285215","12334114"
"Google Translate","Web","17575758","7758249","9817509"
"Web-ICQ","Internet Instant Messaging","2068063","407857","1660206"
"Photobucket.com","Web","44878","4440","40438"
"Psiphon","Web","1763256","84984","1678272"
"YouKu","Media","482332","434352","47980"
"GoToMeeting Online Meeting","Business Collaboration","13537071","2786814","10750257"
"WebEx","Business Collaboration","327670","30318","297352"
"Bloomberg.com","Web","19410358","870560","18539798"
"Internet Inter-ORB Protocol","Network Service","5507","3632","1875"
"Netware Core Protocol","Management","6953","4412","2541"
"AccuWeather","Web","19068946","2675655","16393291"
"Acer","Web","200404","40452","159952"
"Adobe Acrobat DC (Document Cloud)","Web","18264660","2419887","15844773"
"Alexa","Web","33071","5016","28055"
"AlJazeera.net","Web","1710868","60958","1649910"
"AmericanExpress","Web","5200986","459263","4741723"
"Blogger","Web","1423313","65785","1357528"
"Capital One","Web","4504270","573018","3931252"
"Cnet.com","Web","3828419","160893","3667526"
"CNN (Cable News Network)","Web","120275272","22280183","97995089"
"Comcast","Web","4356645","141402","4215243"
"Daily Mail","Web","2281377","69636","2211741"
"Daum.net","Web","5176","1355","3821"
"Fox News","Web","41483617","1809436","39674181"
"FoxSports.com","Web","1274118","48432","1225686"
"Groupon","Web","11823497","1498420","10325077"
"Intuit.com","Business Application","33465641","23426575","10039066"
"Kaspersky.com","Web","668178","367445","300733"
"Mozilla.com - Mozilla.org","Web","9982668","2050891","7931777"
"NASA.gov","Web","2688544","111572","2576972"
"NationalGeographic.com","Web","1616930","34570","1582360"
"Naver Corporation (formerly NHN Corporation)","Web","3224805","214128","3010677"
"National Football League (NFL.com)","Web","65482090","2946376","62535714"
"NYTimes.com","Web","22980548","1140965","21839583"
"PlayStation.com","Web","74982","17164","57818"
"Reuters.com","Web","4483968","95350","4388618"
"SlideShare","Web","1636649","71938","1564711"
"Spiegel.de","Web","7033411","680158","6353253"
"Sports Illustrated","Web","974249","35210","939039"
"SurveyMonkey.com","Web","34963","4793","30170"
"Vimeo","Web","138253593","4477536","133776057"
"WashingtonPost.com","Web","17444313","768348","16675965"
"Xbox","Gaming","61805","8412","53393"
"XNXX","Web","2747","1707","1040"
"Xvideos.com","Media","18597","3182","15415"
"Youdao.com","Web","20652","10340","10312"
"Sina.com.cn","Internet Instant Messaging","7229163","253300","6975863"
"Sophos update","Business Application","153392","45871","107521"
"Sina Weibo","Web","20598906","1191473","19407433"
"Taobao","Web","61501919","4707016","56794903"
"Google App Engine","Business Application","5056818","980199","4076619"
"Line","Internet Instant Messaging","2106219","248291","1857928"
"Shazam","Web","611518","53619","557899"
"KakaoTalk","Internet Instant Messaging","6599","2934","3665"
"Rhapsody","Media","16507","1979","14528"
"Nexon.com","Web","5110339","161403","4948936"
"Sohu.com","Web","4720085","1115304","3604781"
"Ifeng.com","Web","26276","7723","18553"
"Alipay","Web","129117","44042","85075"
"Sogou.com","Web","43584","35628","7956"
"360.cn","Web","15037","6186","8851"
"Alibaba.com","Web","3652653","3035885","616768"
"Zynga.com","Gaming","1138378","418612","719766"
"ISO Base Media File Format","Real Time Audio/Video","56647623","1513749","55133874"
"KIK Messenger","Internet Instant Messaging","878810","92663","786147"
"Rakuten.co.jp","Web","629504","76528","552976"
"QQ Games","Gaming","113701","52005","61696"
"Tencent.com","Internet Instant Messaging","26628","16279","10349"
"Pornhub","Web","59128","16876","42252"
"Nokia Here API","Web","298235","40314","257921"
"MeetMe.com","Social Networking","25390","3622","21768"
"Microsoft SharePoint Online (Office 365)","Business Application","315072066","81886665","233185401"
"Microsoft Skype for Business (formerly Microsoft Lync Online) (Office 365)","Business Collaboration","10694","1171","9523"
"Speedtest","File Sharing","46783312","5001544","41781768"
"Internet Movie Database","Web","4345875","152822","4193053"
"Imgur.com","Storage and Backup","12994682","418545","12576137"
"Evernote","Web","12761","3511","9250"
"WebSocket","Network Service","60664","6671","53993"
"Egnyte Enterprise File Sharing","Storage and Backup","9438","2952","6486"
"Issuu.com","Web","4766052","294782","4471270"
"LastPass.com","Web","158235","52217","106018"
"Mendeley.com","File Sharing","51829","17113","34716"
"ITV Player","Real Time Audio/Video","2590385","67299","2523086"
"Microsoft Skype for Business (formerly Microsoft Lync)","Business Collaboration","10210738","2736948","7473790"
"Saavn Bollywood Music","Media","1614230","422414","1191816"
"touch","Internet Instant Messaging","10616","4182","6434"
"Bitcoin client","Peer to Peer","1984","1096","888"
"Vsee","Real Time Audio/Video","10107548","200969","9906579"
"Paypal.com","Web","31696001","11578278","20117723"
"Westpac.com.au","Web","5092521","789193","4303328"
"Orange.com","Web","74971","27994","46977"
"BBC","Web","84178869","3276068","80902801"
"Softonic.com","Web","127283","10050","117233"
"ElPais.com","Web","266703","14027","252676"
"Marca.com","Web","624861","113385","511476"
"Apple HTTP Live Streaming","Real Time Audio/Video","30896318","946188","29950130"
"craigslist","Web","17422412","1077520","16344892"
"Indiatimes","Web","7195401","674680","6520721"
"Internet Small Computer Systems Interface","Network Service","2467","1456","1011"
"System Center Configuration Manager","Management","20138","14240","5898"
"Background Intelligent Transfer Service","File Sharing","37299614","2832828","34466786"
"Hotspot Shield","Tunneling and VPN","964857","385072","579785"
"Conviva","Infrastructure","4217868","2930042","1287826"
"AliExpress.com","Web","49280175","2110243","47169932"
"NZHerald.co.nz","Web","2726646","78903","2647743"
"Wp.pl","Web","67631","20801","46830"
"VnExpress.net","Web","132260","16437","115823"
"Zing.vn","Web","69153","18993","50160"
"Gazetaexpress","Web","1281082","67893","1213189"
"Fox Business Network","Web","1718199","65937","1652262"
"News","Web","371948","20000","351948"
"Gameloft Games","Gaming","24307","7593","16714"
"Tapatalk","Web","11980","4420","7560"
"AddThis","Web","20023034","1182674","18840360"
"Yadro","Web","37048","17830","19218"
"Rovio Entertainment","Gaming","2704438","663358","2041080"
"Candy Crush Saga","Gaming","6630798","2034433","4596365"
"King Digital Entertainment","Gaming","987536","72117","915419"
"Waze Social GPS Maps & Traffic","Web","124045844","5710866","118334978"
"Fsecure","Web","177650","56791","120859"
"OpenStreetMap","Infrastructure","735501","34638","700863"
"Videoplaza","Web","93146","23357","69789"
"Zendesk","Business Collaboration","7139880","425962","6713918"
"Inneractive","Web","59803484","42973233","16830251"
"Plenty Of Fish","Web","17115049","7406648","9708401"
"Twitch","Media","264987053","7683182","257303871"
"BoldChat Live Chat","Internet Instant Messaging","2881869","1034321","1847548"
"OkCupid","Web","261997","67571","194426"
"Apsalar","Business Application","5213","1151","4062"
"Gravatar","Business Collaboration","2339102","398507","1940595"
"Xiaomi","Web","1087479","371549","715930"
"4CHAN","Web","459","319","140"
"JAVA-RMI","Network Service","6752","4052","2700"
"Taobao Ad Network and Exchange","Web","14966","1487","13479"
"Amazon Cloud Drive","Web","5626075","5040887","585188"
"Lazada","Web","710327","46623","663704"
"Gettyimages","Web","4239429","188515","4050914"
"Traffic Junky","Web","14396","1554","12842"
"quic","Network Service","2537720","958159","1579561"
"CPMSTAR","Web","142235","27131","115104"
"Australian Broadcasting Corporation","Web","431864","24816","407048"
"Carsales","Web","219987","12015","207972"
"Realestate","Web","261997","44894","217103"
"GitHub","Web","16156695","1098995","15057700"
"Atlassian","Web","5112923","1020451","4092472"
"Internet.org","Web","8302","4414","3888"
"My.com","Web","64806","24896","39910"
"Bizographics","Web","13729","3653","10076"
"GoogleBot","Web","887","554","333"
"CBS Video","Web","82479682","1663595","80816087"
"LogMeIn Rescue","Remote Desktop","65727","7718","58009"
"LogMeIn","Remote Desktop","217940","14220","203720"
"NBC","Web","100130598","3836733","96293865"
"Localytics","Web","6079040","1194544","4884496"
"Microsoft Translator (Bing Translator)","Web","34916","6589","28327"
"Perform","Web","242046","4623","237423"
"Periscope","Media","48873734","1288591","47585143"
"Microsoft Sway (Office 365)","Business Application","17575","1886","15689"
"Microsoft Office OneNote (Office 365)","Business Application","667221","97870","569351"
"Olark","Web","2307461","188914","2118547"
"Zopim","Web","1680237","315112","1365125"
"Rollout","Web","175636","51745","123891"
"Microsoft Excel Online (Office 365)","Web","98296858","45294412","53002446"
"Signal","Web","5983965","232822","5751143"
"LiveChat","Web","5177237","452410","4724827"
"Riffsy (Tenor.co)","Web","537481","46601","490880"
"Braintree","Web","572194","184707","387487"
"Verizon","Web","11295183","6371367","4923816"
"LKQD","Web","755860","278612","477248"
"NeuLion","Web","140443","14524","125919"
"jQuery","Web","13639508","775218","12864290"
"Lookout Mobile Security","Business Application","15151","1761","13390"
"Commonwealth Bank of Australia","Web","3744820","1561388","2183432"
"TubeMogul","Web","728911","111852","617059"
"Umeng","Web","481165","203572","277593"
"MobFox","Web","19849","6063","13786"
"Liftoff","Web","1672617","600651","1071966"
"QQVideo","Web","6878700","239767","6638933"
"Slack","Web","53336621","2778626","50557995"
"ICY (I Can Yell)","Media","17878","238","17640"
"Younow","Web","56207639","22020326","34187313"
"Bazaarvoice","Web","8254274","764420","7489854"
"MQ Telemetry Transport","Network Service","316473","117907","198566"
"CDNetworks","Infrastructure","33801278","811254","32990024"
"Constrained Application Protocol","Network Service","6428","4226","2202"
"Highwinds","Web","21520964","284359","21236605"
"StackExchange","Web","145688","12213","133475"
"Wix","Web","124299322","6602732","117696590"
"Tinder","Web","35096006","2754721","32341285"
"GIPHY","Web","66749667","3680412","63069255"
"Shutterstock","Web","347068","7547","339521"
"Amazon Music","Media","4962867","632736","4330131"
"Cheetah Mobile","Web","28816","7763","21053"
"Microsoft Word Online (Office 365)","Business Collaboration","20435779","486167","19949612"
"Microsoft Powerpoint Online (Office 365)","Business Collaboration","8967811","591801","8376010"
"OPC Unified Architecture","Web","1996","1108","888"
"Signal Private Messenger (Open Whisper Systems)","Internet Instant Messaging","5534155","1249274","4284881"
"Tidal","Media","54194","15678","38516"
"StreamRail","Media","3525082","546141","2978941"
"Bugsnag","Web","41893347","38136929","3756418"
"Vidyard","Web","51767","4081","47686"
"Nintendo","Gaming","193010518","10896522","182113996"
"OpenRTB","Web","264844","214722","50122"
"Audible","Real Time Audio/Video","114348","59548","54800"
"AdColony","Web","10795192","2340548","8454644"
"Samsung Update","Web","3806664407","75420629","3731243778"
"Huawei","Web","20426055","7637024","12789031"
"Yandex Disk","Web","9469","1638","7831"
"ULP","Network Service","92008","4522","87486"
"AnyDesk","Remote Desktop","56554","22778","33776"
"Livescore","Web","26979","1951","25028"
"Naij","Web","93138","17498","75640"
"MaxCDN","Web","64193","10133","54060"
"Booking.com","Web","6814373","405921","6408452"
"Walmart","Web","210212","106454","103758"
"Yandex Music","Real Time Audio/Video","5211397","645852","4565545"
"DocuSign","Web","5562825","847048","4715777"
"Automatic Data Processing (ADP)","Web","7163021","326717","6836304"
"Autodesk Fusion 360","Tunneling and VPN","1686024","68290","1617734"
"Optus","Web","816228","45343","770885"
"Gfycat","Web","6465044","168187","6296857"
"T-Mobile","Web","3452325","138833","3313492"
"Kahoot!","Web","82280","7578","74702"
"Sportradar","Web","1566484","120983","1445501"
"Wall Street Journal","Web","44786483","1410495","43375988"
"Niantic, Inc","Web","2563623","693547","1870076"
"Origin","Web","100407","21304","79103"
"Instructure","Web","337563","31013","306550"
"Mail.com","Email","6334681","981968","5352713"
"United Internet","Web","168375","58449","109926"
"Workplace By Facebook","Social Networking","2153968","1249025","904943"
"Microsoft teams","Internet Instant Messaging","1426371836","200438182","1225933654"
"Electronic Arts","Web","1204981","242925","962056"
"Facebook Lite","Social Networking","3344103","520707","2823396"
"Apache Thrift","Network Service","12003","1708","10295"
"Digioh","Web","2197442","139844","2057598"
"Apptimize","Web","55362","19990","35372"
"UC Browser","Web","336054","307599","28455"
"Mediascope","Web","45580","11369","34211"
"Domain Name Service Crypt","Network Service","675673","274007","401666"
"Adtelligent","Web","8318469","3373718","4944751"
"Akamai Video","Media","279491181","6068455","273422726"
"Appnext","Web","16868","4680","12188"
"IronSource","Business Application","172610705","12341466","160269239"
"Splunk Cloud","Storage and Backup","43567","14901","28666"
"Fox Networks","Web","918986","86184","832802"
"9GAG","File Sharing","209637","43166","166471"
"AnchorFree","Tunneling and VPN","20678","7731","12947"
"Epic_games","Gaming","29001","7024","21977"
"Vonage Mobile","Media","59059","11694","47365"
"IBM","Web","77156","8945","68211"
"Grammarly","Web","14790597","5377300","9413297"
"TunnelBear VPN","Tunneling and VPN","18436","8531","9905"
"Ubisoft","Gaming","149541","54106","95435"
"Microsoft AD Right Management Service","Business Application","503401","340425","162976"
"Kodi","Management","286601","39601","247000"
"RingCentral","Business Collaboration","108937","8970","99967"
"Google News","Web","3006232","271189","2735043"
"Alibaba Group","Web","277185","57909","219276"
"CyberGhost","Tunneling and VPN","41089","4708","36381"
"CarbonBlack website","Web","108278430","88009647","20268783"
"Dragon Ball","Gaming","383318","39372","343946"
"ExpressVPN","Tunneling and VPN","5884457","1907762","3976695"
"Redis","Business Application","4198","2288","1910"
"TechRadar","Web","3344846","149731","3195115"
"Future_plc","Web","13900013","700595","13199418"
"Wish","Web","957263","189460","767803"
"DICOM","Network Service","889","562","327"
"MAkeMyTrip","Web","17426","6624","10802"
"Minecraft","Gaming","11099872","563953","10535919"
"Grab - Transport, Food Delivery, Payments","Web","173892","123568","50324"
"iBooks","Web","822926","89362","733564"
"Fandom","Web","3324670","233803","3090867"
"Tesla","Web","35138","10555","24583"
"Google GSuite","Web","9764038","3497811","6266227"
"Vungle","Web","155625635","8356515","147269120"
"OpenSignal","Web","2505394","93216","2412178"
"Megaphone","Web","296806546","5391540","291415006"
"UDP Data Transfer protocol","File Sharing","30820","30820","0"
"PubNub","Web","1117547","540699","576848"
"Monero (XMR)","Web","877","550","327"
"Gaana","Real Time Audio/Video","9508","1894","7614"
"Unknown virtual protocol","Unclassified","1382303735","64086164","1318217571"
"Unknown virtual protocol","Unclassified","561022","23317","537705"
"Unknown virtual protocol","Unclassified","125396798","2991042","122405756"
"Unknown virtual protocol","Unclassified","110945820","43985585","66960235"
"Unknown virtual protocol","Unclassified","40376804","1043562","39333242"
"National Public Radio","Web","2514859","144530","2370329"
"Raknet","Gaming","721","366","355"
"Wireguard","Tunneling and VPN","64494888","5190962","59303926"
"Firework","Internet Instant Messaging","1092575","177351","915224"
"JWPLAYER","Web","495098594","11253588","483845006"
"Google Stadia","Web","25146","5244","19902"
"Wibu Codemeter","Network Service","2719","1601","1118"
"Quora","Social Networking","21716253","1676080","20040173"
"Toutiao","Web","45996","4771","41225"
"Airbnb","Web","2593142","260070","2333072"
"MediaLab","Web","7524","1051","6473"
"Wangwang","Internet Instant Messaging","550818","199189","351629"
"Browsec VPN","Tunneling and VPN","2723231508","137533528","2585697980"
"Workday","Business Application","13142863","743604","12399259"
"Shopify","Web","103873003","4472988","99400015"
"Service Now","Web","1426094","106486","1319608"
"StackPath","Web","314080","44339","269741"
"Uber Eats","Web","766591","120433","646158"
"DoorDash","Web","57451954","4373687","53078267"
"Fifa","Gaming","1351325","62350","1288975"
"Houseparty","Real Time Audio/Video","501236","73350","427886"
"Roblox","Gaming","8741273","1864690","6876583"
"Citrix","Web","472036","73418","398618"
"Microsoft Dynamics","Business Application","6222233","871347","5350886"
"Digital Turbine","Web","10147","3085","7062"
"Pluto TV","Real Time Audio/Video","75496074","1748900","73747174"
"adRise","Real Time Audio/Video","472130","63965","408165"
"Tubi TV","Real Time Audio/Video","2264975635","47000681","2217974954"
"Demandbase","Web","281488","11660","269828"
"ToTok Messenger","Internet Instant Messaging","193684","80700","112984"
"Spotify Audio","Real Time Audio/Video","1739452280","38702074","1700750206"
"Minute Media","Web","19236964","517600","18719364"
" Revolut","Web","2885077","150211","2734866"
"Pendo","Web","14167176","4680920","9486256"
"Jitsi","Real Time Audio/Video","68300","5082","63218"
"Coursera","Web","6020569","268611","5751958"
"The Blaze","Web","1064480","74266","990214"
"WordReference.com","Web","16780","2157","14623"
"E! Online","Web","323895","7264","316631"
"Indeed","Web","100673143","26645184","74027959"
"NHL.com","Web","56101884","2303905","53797979"
"Official Major League Baseball","Web","21292609","535270","20757339"
"Priceline.com","Web","2469883","108619","2361264"
"SFGate","Web","2199813","114074","2085739"
"Slate Magazine","Web","664246","167691","496555"
"The Telegraph","Web","9553283","749523","8803760"
"The Free Dictionary","Web","125563","11223","114340"
"TIME","Web","425534","22252","403282"
"TMZ","Web","696134","28566","667568"
"OnlyFans","Web","47530","11410","36120"
"Nvidia","Web","114037","20850","93187"
"Geforce Now","Gaming","167455","56549","110906"
"Call of Duty Mobile","Gaming","74475164","3330482","71144682"
"Wired","Web","72660421","1436760","71223661"
"Kayak","Web","999481","26508","972973"
"G-Core Labs","Web","180608","61831","118777"
"Font Awesome","Web","24452275","1568872","22883403"
"Unknown virtual protocol","Unclassified","71272","53592","17680"
"ZoomPhone","Business Collaboration","902952","358742","544210"
