"Application","Category","Total Bytes","Bytes Received","Bytes Sent"
"Domain Name Service","Network Service","995540644","465130811","530409833"
"eBay.com","Web","57581185","6318924","51262261"
"Google Mail","Email","810563311","118440086","692123225"
"Google Search","Web","698463791","124156622","574307169"
"Google Maps","Web","72949344","5967712","66981632"
"HyperText Transfer Protocol","Web","12569926101","1059997847","11509928254"
"HyperText Transfer Protocol Secure","Web","31851273339","3299765055","28551508284"
"Internet Control Message Protocol","Network Service","4211349698","2526369300","1684980398"
"Internet Message Access Protocol version 4","Email","98377835","36053556","62324279"
"Internet Protocol","Network Service","0","0","0"
"XMPP Protocol (Jabber)","Business Collaboration","11726527","6933424","4793103"
"Skype and Teams","Business Collaboration","35802620","6153989","29648631"
"Simple Object Access Protocol","Network Service","3130113533","909723232","2220390301"
"Secure Shell","Tunneling and VPN","35368082","19994524","15373558"
"Secure Socket Layer","Tunneling and VPN","22042204541","3128180193","18914024348"
"Transmission Control Protocol","Other TCP/UDP","2269881202","141071302","2128809900"
"User Datagram Protocol","Other TCP/UDP","149005551587","14805797489","134199754098"
"Yahoo Search","Web","1345528","80093","1265435"
"Youtube.com","Media","23423361686","942143150","22481218536"
"Facebook","Social Networking","92256927557","3174414131","89082513426"
"Google Ads","Web","1506809791","332909284","1173900507"
"LinkedIn","Social Networking","44901002","5667358","39233644"
"Apple Generic Services","Web","15899161967","944400517","14954761450"
"Online Certificate Status Protocol","Business Application","12773134","5236775","7536359"
"Mail.ru Webmail","Email","69542","22334","47208"
"Twitter","Social Networking","570036738","28688584","541348154"
"Vk.com (Vkontakte)","Social Networking","13602447","1461749","12140698"
"Yandex.ru","Web","572423","217488","354935"
"iTunes","Media","2843955279","211677869","2632277410"
"TeamViewer","Remote Desktop","347278750","214956599","132322151"
"Bing.com (formerly MSN Search)","Web","240893699","43383203","197510496"
"Windows Update","Web","12042760377","1187159853","10855600524"
"Chrome Update","Web","439965838","25171263","414794575"
"Google Analytics,Google Marketing Platform","Web","516169814","77099113","439070701"
"Google GStatic","Web","2565101569","134276902","2430824667"
"Google Generic","Web","1505285731","171501537","1333784194"
"AccuWeather","Web","6472320","1048301","5424019"
"Amazon Generic Services","Web","3362100167","999014693","2363085474"
"Weather.com","Web","173758048","7128737","166629311"
"WhatsApp Messenger","Internet Instant Messaging","8127786463","903292293","7224494170"
"Apple App Store","Web","11817137489","556216335","11260921154"
"Windows Marketplace","Web","2136804811","240059268","1896745543"
"Apple Push Notification Service","Web","348036643","211981386","136055257"
"iOS over-the-air (OTA) update","Web","5195779687","274878973","4920900714"
"Samsung Apps","Web","822566823","32451470","790115353"
"Google Play Store","Media","5089056884","510436057","4578620827"
"iCloud (Apple)","Storage and Backup","3648749965","2019404704","1629345261"
"Instagram","Web","61810022993","2519139753","59290883240"
"Shazam","Web","13539925","1544389","11995536"
"Amazon Web Services/Cloudfront CDN","Infrastructure","7815310616","940895994","6874414622"
"Amazon Prime Video","Media","568885414","42121921","526763493"
"Limelight Networks CDN","Web","2510022987","119241018","2390781969"
"Yahoo.com","Web","369351951","39272413","330079538"
"CloudFlare CDN","Infrastructure","3982740956","226492782","3756248174"
"Microsoft Office 365","Business Collaboration","825315015","90229267","735085748"
"Pinterest","Web","1241827819","76364952","1165462867"
"Microsoft Outlook (Office 365)","Business Application","852735361","236294950","616440411"
"Apple SIRI","Web","112664923","73627961","39036962"
"Kijiji.ca","Web","482274836","39411922","442862914"
"Google Accounts","Web","134407245","29558488","104848757"
"Amazon Ad System","Web","167416795","40227967","127188828"
"Snapchat","Social Networking","14874463182","1322540215","13551922967"
"Turn","Web","2863419","716980","2146439"
"ScorecardResearch","Web","20632097","6812080","13820017"
"Quantcast","Web","7346572","1428449","5918123"
"Telegram","Internet Instant Messaging","2261332194","89211882","2172120312"
"Oracle","Web","4464912","1255740","3209172"
"Bitstrips","Social Networking","281879100","14513185","267365915"
"TRUSTe","Web","17062188","1446479","15615709"
"Criteo","Web","60356466","12912451","47444015"
"Adobe","Business Application","267931515","37670542","230260973"
"Inneractive","Web","126713484","85211860","41501624"
"Samsung","Web","274345241","92198435","182146806"
"Facebook Messenger","Internet Instant Messaging","1614772799","444673833","1170098966"
"InMobi","Web","67423749","29608423","37815326"
"AppsFlyer","Business Application","73827031","16864163","56962868"
"Stickyads","Web","10162221","4557555","5604666"
"Smart AdServer","Web","44320103","16978799","27341304"
"Google Cloud Storage","Web","1764911313","1411229623","353681690"
"Google Cloud Messaging","Web","127354931","26530981","100823950"
"Google Calendar","Web","33836499","16323961","17512538"
"Apple Location","Web","927223616","176767096","750456520"
"OpenX","Web","10791369","2919178","7872191"
"PubMatic","Web","57951709","28854931","29096778"
"Index Exchange (previously Casale Media)","Web","33842770","11779034","22063736"
"LOTAME","Web","6804338","1215478","5588860"
"Rubicon Project","Web","81609099","29164558","52444541"
"AppNexus","Web","193596980","94776378","98820602"
"Rlcdn","Web","7563006","1450223","6112783"
"Realestate","Web","243305","41323","201982"
"HyperText Transfer Protocol version 2","Web","16282338337","1046926489","15235411848"
"Google Tag Manager","Web","237627177","18104062","219523115"
"Ad Safe Protected","Web","79147106","11900524","67246582"
"Adjust.com","Web","21880046","8706963","13173083"
"Apple Music","Media","11892335208","439984836","11452350372"
"Outbrain","Web","49571143","9743401","39827742"
"Applovin","Web","1621880023","446580484","1175299539"
"Android connectivity Manager","Network Service","15467162","7466371","8000791"
"Moat","Web","80831124","20682239","60148885"
"Krux","Web","9856448","867378","8989070"
"Heap","Web","423521953","341779445","81742508"
"Branch Metrics","Web","50651556","14767201","35884355"
"Optimizely","Web","14704667","1834175","12870492"
"Taboola","Web","136009490","23411733","112597757"
"Smaato","Web","8345620","3114444","5231176"
"Verizon","Web","9440655","5849646","3591009"
"MediaMath","Web","6283750","2407647","3876103"
"LKQD","Web","285971","80756","205215"
"Everest Technologies","Web","21749384","7402453","14346931"
"SpotXchange","Web","3217769","1167523","2050246"
"Microsoft OneDrive","Web","519931387","57367533","462563854"
"Microsoft","Web","2401854201","683053073","1718801128"
"Revcontent","Web","2799766","504537","2295229"
"New Relic","Web","52204957","29306614","22898343"
"Conversant","Web","3013131","938106","2075025"
"Teads","Web","12864613","2020908","10843705"
"Adform","Web","9736638","1927414","7809224"
"HyperText Transfer Protocol proxy","Network Service","1259219","637998","621221"
"Firebase Cloud Messaging","Web","385944400","143497755","242446645"
"Bidswitch","Web","14638147","5510360","9127787"
"Cheetah Mobile","Web","7274146","1915995","5358151"
"ADventori","Web","118019","23568","94451"
"Sharethrough","Web","23448938","7651523","15797415"
"Yieldmo","Web","13916399","1955223","11961176"
"Huawei","Web","6413791","2087749","4326042"
"MGID","Web","3517036","317096","3199940"
"DoubleVerify","Web","58457728","10969569","47488159"
"Media Innovation Group","Web","1375648","374241","1001407"
"PulsePoint","Web","3649887","1189203","2460684"
"eXelate","Web","1783817","455741","1328076"
"Sonobi","Web","5209208","2080082","3129126"
"Google Cloud Platform","Web","99438000","9989917","89448083"
"Mediascope","Web","25837","6930","18907"
"Tenor","Web","73668910","10270515","63398395"
"Cisco","Web","5559346","2013412","3545934"
"IronSource","Business Application","175414497","17545843","157868654"
"Disqus","Web","18727562","1152783","17574779"
"Simpli.fi","Web","1861892","457722","1404170"
"ByteDance","Web","237669611","69518544","168151067"
"TikTok (Musical.ly)","Social Networking","45399611957","2018411083","43381200874"
"Apple News","Web","372846453","25267525","347578928"
"Vungle","Web","352251596","15683349","336568247"
"Google APIs","Web","3170456908","1310374360","1860082548"
"Amazon Cognito","Web","23366118","7632695","15733423"
"Unknown virtual protocol","Unclassified","746677","84165","662512"
"Unknown virtual protocol","Unclassified","178657244","83552454","95104790"
"Google Messages","Internet Instant Messaging","89835080","18015508","71819572"
"UserReport","Web","486121","73807","412314"
"Contentful","Web","985701673","109947295","875754378"
"Digicert","Web","11850869","2676233","9174636"
"Intercom","Web","30301694","12897711","17403983"
"SD-WAN Control","SD-WAN","44314838077","25151948300","19162889777"
"SD-WAN Management","SD-WAN","5190178096","2194089042","2996089054"
"TencentMeeting","Business Collaboration","133558570","44198705","89359865"
"Dailymotion.com","Media","1252949644","27643703","1225305941"
"Internet Message Access Protocol Secure","Email","53542437","3909411","49633026"
"Internet Security Association and Key Management Protocol","Tunneling and VPN","215479129","116432386","99046743"
"McAfee Client update","Business Application","15929487","1221899","14707588"
"Post Office Protocol (Version 3)","Email","1858861","160063","1698798"
"Secure POP3","Email","531560940","21576334","509984606"
"QQ","Internet Instant Messaging","70264","21797","48467"
"Session Traversal Utilities for NAT","Business Collaboration","20151318","4034044","16117274"
"Yahoo Mail v.2.0","Email","13815401","3228249","10587152"
"Windows Live Hotmail","Email","162573632","43925258","118648374"
"Secure AIM","Internet Instant Messaging","515371","44126","471245"
"WordPress.com","Social Networking","24973559","1444236","23529323"
"Flickr","Social Networking","75309","4540","70769"
"DeviantArt.com","Web","656156","59506","596650"
"Tumblr","Social Networking","217049208","7164079","209885129"
"Spotify","Media","5874646092","480783131","5393862961"
"Baidu.com","Web","4898416","230528","4667888"
"Adobe Flash Plugin Update","Web","442529","114342","328187"
"Firefox Update","Web","41262","9715","31547"
"Opera Update","Web","790558","240152","550406"
"Netflix.com","Media","4518714166","139875258","4378838908"
"Dropbox","Storage and Backup","18595484","6260215","12335269"
"Salesforce","Business Application","6605644","2331799","4273845"
"Portal.TidalTV.com","Web","765569","193158","572411"
"CNN (Cable News Network)","Web","16907259","1606804","15300455"
"Mozilla.com - Mozilla.org","Web","1269752","435334","834418"
"Naver Corporation (formerly NHN Corporation)","Web","25873221","1284446","24588775"
"Vimeo","Web","84125555","2522194","81603361"
"Taobao","Web","11798947","4208762","7590185"
"QQ WeiBo","Web","15379","6924","8455"
"Google App Engine","Business Application","11778290","2071219","9707071"
"Line","Internet Instant Messaging","25965685","583344","25382341"
"QQ.com","Web","28422611","2127979","26294632"
"Alibaba.com","Web","28869298","1483652","27385646"
"Akamai Technologies CDN","Web","762543082","33815512","728727570"
"Microsoft Azure (previously Windows Azure)","Infrastructure","37772884","3135923","34636961"
"Google Talk (incl. Hangouts and Allo and Duo)","Real Time Audio/Video","38620157","27907148","10713009"
"Zoho Corporation","Business Application","44811370","22741291","22070079"
"Reddit.com","Web","282474546","12840841","269633705"
"Internet Movie Database","Web","177059","38706","138353"
"Google Documents (aka Google Drive)","Storage and Backup","29053298","10238233","18815065"
"Paypal.com","Web","16073023","2813055","13259968"
"AliExpress.com","Web","7484144","299245","7184899"
"Aol","Web","753083","93064","660019"
"AddThis","Web","6766045","514697","6251348"
"King Digital Entertainment","Gaming","882849","83796","799053"
"Symantec","Web","8266469","1226639","7039830"
"Zendesk","Business Collaboration","47908607","1826388","46082219"
"Google Safe Browsing","Web","15604488","1545781","14058707"
"Flurry","Business Application","6966257","3476131","3490126"
"Crashlytics","Web","29500180","4863326","24636854"
"Brightcove","Media","25777864","1290467","24487397"
"Plenty Of Fish","Web","33583359","14395911","19187448"
"BoldChat Live Chat","Internet Instant Messaging","1331054","598989","732065"
"FreeWheel","Web","1139055","248893","890162"
"Turner","Web","713326","46365","666961"
"Nielsen","Web","4643892","1078379","3565513"
"CPMSTAR","Web","229917","47861","182056"
"Sizmek (previously MediaMind)","Web","41453565","1706118","39747447"
"AOL One","Web","2252237","136837","2115400"
"Advertising.com","Web","1434595","398300","1036295"
"Facebook Embedded Video","Media","8693020346","183182663","8509837683"
"Bizographics","Web","17400","4099","13301"
"Helpshift","Web","1292815","330684","962131"
"Scotiabank","Web","9601652","2102499","7499153"
"Atlas Solutions","Web","203584","49236","154348"
"BootstrapCDN","Web","3208153","439372","2768781"
"Fastly","Web","10004913","332676","9672237"
"Unruly","Web","2926331","1316312","1610019"
"Rogers TV","Web","116365621","8002392","108363229"
"Parse","Web","3719","624","3095"
"Microsoft Office OneNote (Office 365)","Business Application","613607","116665","496942"
"Liveperson","Web","40350263","6998941","33351322"
"Zopim","Web","1264950","316986","947964"
"Mapbox","Web","6881536","460775","6420761"
"Rackspace","Web","2715696478","261443024","2454253454"
"Ensighten","Web","9924825","1437660","8487165"
"jQuery","Web","8112838","645433","7467405"
"MobFox","Web","152102","41791","110311"
"Liftoff","Web","2257019","833579","1423440"
"hotjar","Web","166894899","145178343","21716556"
"ZoomMeetings","Business Collaboration","481451740","106796164","374655576"
"Weborama","Web","127502","27043","100459"
"Wix","Web","86709590","8947624","77761966"
"Tinder","Web","33137246","3067744","30069502"
"GIPHY","Web","204228175","5346658","198881517"
"Clash of Clans","Gaming","258143278","9026054","249117224"
"Supercell","Gaming","13813948","1781686","12032262"
"Bugsnag","Web","4525071","2898888","1626183"
"Apple Game Center","Gaming","17162334","4435464","12726870"
"Nintendo","Gaming","213595","62818","150777"
"Audible","Real Time Audio/Video","204520","56800","147720"
"Flashtalking","Web","52298502","2019156","50279346"
"AdColony","Web","12314252","3247912","9066340"
"ULP","Network Service","900129","40937","859192"
"Avast","Web","20122565","3501988","16620577"
"Okta","Web","146980541","22325264","124655277"
"Cloudinary","Web","944008676","29249657","914759019"
"Google Secure User Plane Location","Web","1128755","173507","955248"
"Amplitude","Web","8559290","7020905","1538385"
"Microsoft teams","Internet Instant Messaging","29430649","7398840","22031809"
"Facebook Lite","Social Networking","1078618","224394","854224"
"Adtelligent","Web","1061460","286534","774926"
"Akamai Video","Media","616360","156803","459557"
"Grammarly","Web","1869317","379233","1490084"
"Visual IQ","Web","235574","67256","168318"
"Alibaba Group","Web","134525","27080","107445"
"Alibaba Cloud","Web","38941832","1719688","37222144"
"Discord","Internet Instant Messaging","195328434","10067234","185261200"
"Wish","Web","99506964","8777184","90729780"
"Unknown virtual protocol","Unclassified","59492785","4705793","54786992"
"Google Pay","Web","12760539","2245378","10515161"
"JWPLAYER","Web","418142202","21738106","396404096"
"Quora","Social Networking","2090928","186336","1904592"
"Wangwang","Internet Instant Messaging","296063","171509","124554"
"Browsec VPN","Tunneling and VPN","6268265558","789544676","5478720882"
"Shopify","Web","72835232","4412542","68422690"
"Demandbase","Web","250652","15668","234984"
"KOCHAVA","Web","3779473","1013096","2766377"
"Sift Science","Web","466804","107465","359339"
"Pendo","Web","390627739","29649255","360978484"
"Go Daddy","Web","11012617","646816","10365801"
"Datadog","Web","71274","57265","14009"
"Font Awesome","Web","6395405","1015190","5380215"
"BitTorrent","Peer to Peer","110473","2733","107740"
"File Transfer Protocol","File Sharing","13435","8404","5031"
"Google Earth","Web","6163","2845","3318"
"Network Time Protocol","Network Service","431888","245888","186000"
"Real Time Protocol","Business Collaboration","762356568","56708425","705648143"
"Real Time Streaming Protocol","Media","15048","10828","4220"
"SAP","Business Application","1922647","100306","1822341"
"Session Initiation Protocol","Business Application","110109","59153","50956"
"Simple Mail Transfer Protocol","Email","28677749","27406076","1271673"
"Simple Network Management Protocol","Management","219328","219328","0"
"Wikipedia.com","Web","12723377","490505","12232872"
"Ask.com","Web","79047","4972","74075"
"Expedia.fr","Web","721239","307345","413894"
"Travelocity.com","Web","18546","2475","16071"
"Realtor.com","Web","35826","5088","30738"
"Deezer","Web","165109024","3715707","161393317"
"Steampowered.com","Gaming","19246876","779316","18467560"
"Xbox Live","Gaming","93545823","8696206","84849617"
"Badoo.com","Internet Instant Messaging","1402572","219763","1182809"
"Bolt","Web","12029","1660","10369"
"Foursquare.com","Web","998720","435254","563466"
"Meetup","Web","4025188","360985","3664203"
"ResearchGATE.net","Web","222742","8151","214591"
"ReverbNation.com","Web","47974","11743","36231"
"Vox.com","Web","13923","2347","11576"
"Yelp.com","Web","575936","11791","564145"
"Java Update","Web","208444","20573","187871"
"Archive.org","Web","217067839","3601926","213465913"
"BitDefender Update","Web","6603","2115","4488"
"Symantec Norton AntiVirus Updates","Web","3018970","64506","2954464"
"Viber","Real Time Audio/Video","22386","4469","17917"
"Concur","Business Application","1054461","95165","959296"
"Fotki.com","Web","1024416","40758","983658"
"Google Translate","Web","5843667","2129769","3713898"
"iHeartRADIO","Media","27931699","1881922","26049777"
"Ooyala.jp","Web","19119","2918","16201"
"Pandora Radio","Media","664772","24777","639995"
"PartyPoker.com","Gaming","234000","60711","173289"
"Photobucket.com","Web","15974","2003","13971"
"Psiphon","Web","3318841","89935","3228906"
"UStream","Media","2072297","74039","1998258"
"SiriusXm.com","Media","723166658","60072446","663094212"
"YouKu","Media","1576022","1489386","86636"
"Bloomberg.com","Web","2849137","411014","2438123"
"BlackBerry.com","Web","121296","34921","86375"
"Flash Media Playback","Media","439306539","14336307","424970232"
"ABCNews","Web","3528051","163543","3364508"
"Acer","Web","7626","873","6753"
"Adobe Acrobat DC (Document Cloud)","Web","75054","20829","54225"
"AmericanExpress","Web","1513319","970243","543076"
"Blogger","Web","2336051","92025","2244026"
"Capital One","Web","130993","7297","123696"
"Cnet.com","Web","232499","6163","226336"
"Comcast","Web","2460741","462417","1998324"
"Daily Mail","Web","78105291","2594950","75510341"
"Daum.net","Web","19450","5974","13476"
"Fox News","Web","39218813","1677715","37541098"
"HowStuffWorks.com","Web","22407","3350","19057"
"Intuit.com","Business Application","273878","89152","184726"
"Kaspersky.com","Web","57042","31566","25476"
"Monster.com","Web","73273","13369","59904"
"NBA.com","Web","1021734","49644","972090"
"National Football League (NFL.com)","Web","1834961","129594","1705367"
"NYTimes.com","Web","37923839","1384679","36539160"
"PlayStation.com","Web","27668400","1614169","26054231"
"Reuters.com","Web","1480538","37352","1443186"
"Sprint.com","Web","22607","4543","18064"
"WashingtonPost.com","Web","3306952","201237","3105715"
"Xbox","Gaming","13099625","480025","12619600"
"XNXX","Web","111952","27471","84481"
"Sina.com.cn","Internet Instant Messaging","215060","7632","207428"
"Sophos update","Business Application","17010","6196","10814"
"Apple FaceTime","Real Time Audio/Video","931608474","182966852","748641622"
"SoundCloud","Media","31402815","2989170","28413645"
"TuneIn","Real Time Audio/Video","655720","10593","645127"
"KakaoTalk","Internet Instant Messaging","589503","263161","326342"
"163.com","Web","289468","100697","188771"
"Sohu.com","Web","623930","23404","600526"
"Alipay","Web","30715","11342","19373"
"360.cn","Web","412354","358314","54040"
"Zynga.com","Gaming","12782","4505","8277"
"Datagram Transport Layer Security","Tunneling and VPN","2184","2184","0"
"ISO Base Media File Format","Real Time Audio/Video","195284350","4690019","190594331"
"KIK Messenger","Internet Instant Messaging","15114344","2328072","12786272"
"WeChat","Internet Instant Messaging","300406858","13527012","286879846"
"MiTalk Messenger (Miliao)","Internet Instant Messaging","85643","12311","73332"
"Rakuten.co.jp","Web","171174","19568","151606"
"QQ Games","Gaming","264897","155700","109197"
"QQ News","Web","3174","1306","1868"
"Tencent.com","Internet Instant Messaging","26519","9165","17354"
"Nokia Here API","Web","2068879","222291","1846588"
"MeetMe.com","Social Networking","15094340","314670","14779670"
"Microsoft SharePoint Online (Office 365)","Business Application","95115893","25882647","69233246"
"Microsoft Skype for Business (formerly Microsoft Lync Online) (Office 365)","Business Collaboration","105597","13501","92096"
"Speedtest","File Sharing","61034","43267","17767"
"ESPN.go.com","Web","6005783","388066","5617717"
"BuzzFeed.com","Web","5621339","983513","4637826"
"Imgur.com","Storage and Backup","3398647","83893","3314754"
"ImageShack","File Sharing","49906","1327","48579"
"Evernote","Web","104231","41603","62628"
"Apple Maps","Web","266656","27437","239219"
"WebSocket","Network Service","4769132","775944","3993188"
"Bet365.com","Web","741374","55135","686239"
"Issuu.com","Web","54555","10712","43843"
"Mendeley.com","File Sharing","49554","9625","39929"
"ITV Player","Real Time Audio/Video","5697","970","4727"
"Saavn Bollywood Music","Media","231074","14824","216250"
"BBC","Web","6548181","346934","6201247"
"Softonic.com","Web","21107385","443303","20664082"
"ElPais.com","Web","57549","2532","55017"
"Marca.com","Web","99965","14693","85272"
"MercadoLibre (aka MercadoLivre)","Web","559823","126458","433365"
"craigslist","Web","992","498","494"
"Indiatimes","Web","17572","3378","14194"
"Lotterypost.com","Web","12765","1571","11194"
"Background Intelligent Transfer Service","File Sharing","69034639","6854096","62180543"
"Hotspot Shield","Tunneling and VPN","219940","135016","84924"
"Conviva","Infrastructure","945562","707999","237563"
"EdgeCast Networks CDN","Infrastructure","104082","21141","82941"
"Blick.ch","Web","1926044","185664","1740380"
"Elcomercio.pe","Web","369148","25457","343691"
"NZHerald.co.nz","Web","75478","2207","73271"
"Wp.pl","Web","57583","13491","44092"
"Flipkart.com","Web","1914689","691545","1223144"
"Onet.pl","Web","376197","28150","348047"
"The Simpsons: Tapped Out","Gaming","19934122","13037642","6896480"
"Eltiempo","Web","7280","1781","5499"
"News","Web","1729531","106309","1623222"
"Candy Crush Saga","Gaming","2397016","896351","1500665"
"Waze Social GPS Maps & Traffic","Web","6449378","495694","5953684"
"Huffington Post","Web","46495","2114","44381"
"Videoplaza","Web","8375","1683","6692"
"Twitch","Media","9452836","539188","8913648"
"Gravatar","Business Collaboration","1504351","147777","1356574"
"Xiaomi","Web","2331719","637500","1694219"
"Ukr","Web","417579","166684","250895"
"Mixpanel","Web","8733505","6436240","2297265"
"Cedexis","Web","2883579","810631","2072948"
"Lazada","Web","693997","17040","676957"
"Gettyimages","Web","7782769","356185","7426584"
"Theladbible","Web","4909785","311357","4598428"
"Flipboard","Web","55623857","1668819","53955038"
"Traffic Junky","Web","23665","9026","14639"
"ADTECH","Web","1067922","44634","1023288"
"Constant Contact","Web","170537","14370","156167"
"GitHub","Web","757915","34129","723786"
"Bongacams","Web","2412","319","2093"
"Atlassian","Web","1525463","752228","773235"
"Internet.org","Web","1382","380","1002"
"My.com","Web","51790","20428","31362"
"Aptoide","Web","70762","16807","53955"
"Urbanairship","Web","1641670","513099","1128571"
"HideMyAss","Anonymizers and Proxies","5881","799","5082"
"CBS Video","Web","203264","16495","186769"
"Microsoft SpyNet (aka Microsoft Active Protection Service)","Web","43270","19477","23793"
"Disney Channel","Web","764496","28327","736169"
"UpLynk","Web","193572","40710","152862"
"NBC","Web","10353478","537988","9815490"
"Localytics","Web","3261847","655126","2606721"
"MoPub","Web","234722","62323","172399"
"Microsoft Translator (Bing Translator)","Web","66013","29178","36835"
"Perform","Web","2807054","53702","2753352"
"Periscope","Media","3466549","100415","3366134"
"Microsoft Sway (Office 365)","Business Application","11128","2674","8454"
"Olark","Web","514239","24871","489368"
"Microsoft Excel Online (Office 365)","Web","511737","279313","232424"
"Signal","Web","3084181","153883","2930298"
"LiveChat","Web","928068","164198","763870"
"Riffsy (Tenor.co)","Web","58579045","29798839","28780206"
"Braintree","Web","612319","153072","459247"
"Lookout Mobile Security","Business Application","91160","30238","60922"
"TubeMogul","Web","418929","57874","361055"
"Umeng","Web","1942597","947886","994711"
"funCaptcha","Web","5925","1021","4904"
"Google Photos (formerly Google Picasa)","Web","14596303","3451133","11145170"
"Baidu Maps","Web","13741110","6235962","7505148"
"Uber (formerly UberCab)","Web","1064693","158174","906519"
"QQVideo","Web","990450","35275","955175"
"Slack","Web","12731858","1760232","10971626"
"ICY (I Can Yell)","Media","1328858","55507","1273351"
"Younow","Web","10043678","4699863","5343815"
"Bazaarvoice","Web","11114722","1390792","9723930"
"MQ Telemetry Transport","Network Service","4385","2334","2051"
"Clicktale","Web","10974564","8757157","2217407"
"Adk2","Web","1050293","43330","1006963"
"Pokemon GO","Gaming","116796324","33868673","82927651"
"CDNetworks","Infrastructure","280481","18742","261739"
"Highwinds","Web","20527152","520892","20006260"
"Innovid","Web","168215932","5260295","162955637"
"StackOverflow","Web","732515","18812","713703"
"Eskimi","Web","20201","4305","15896"
"Shutterstock","Web","16502","2851","13651"
"Heroku","Web","3062724","208950","2853774"
"IMO Video Calling Application","Media","392028","137060","254968"
"Amazon Music","Media","2962829","617165","2345664"
"Radiumone","Web","9469","2513","6956"
"Signal Private Messenger (Open Whisper Systems)","Internet Instant Messaging","7811861","1273350","6538511"
"StreamRail","Media","41816","7450","34366"
"Vidyard","Web","4245","138","4107"
"OpenRTB","Web","1009751","722016","287735"
"Tealium","Web","6430565","975821","5454744"
"Google Classroom","Web","4608","282","4326"
"Samsung Update","Web","14959227024","462614965","14496612059"
"Fijivillage","Web","1300819","25530","1275289"
"AnyDesk","Remote Desktop","705712","287241","418471"
"MaxCDN","Web","8756","850","7906"
"Booking.com","Web","6898070","583044","6315026"
"Walmart","Web","457519","419345","38174"
"Automatic Data Processing (ADP)","Web","14392066","1213662","13178404"
"Autodesk Fusion 360","Tunneling and VPN","863","363","500"
"Optus","Web","388438","15765","372673"
"T-Mobile","Web","60132","2675","57457"
"Citrix Cloud","Web","23406","3952","19454"
"Sportradar","Web","256566","41336","215230"
"Wall Street Journal","Web","6688233","318212","6370021"
"Niantic, Inc","Web","746519","182717","563802"
"Meitu","Web","456441","133024","323417"
"Clash Royale","Gaming","5377827","453574","4924253"
"Origin","Web","138431","20708","117723"
"Instructure","Web","1306967","62388","1244579"
"Mail.com","Email","108129","25243","82886"
"United Internet","Web","46547","15878","30669"
"Electronic Arts","Web","2033925","1091507","942418"
"Kakao","Web","5175","1209","3966"
"Digioh","Web","345636","18261","327375"
"Apptimize","Web","23018","3488","19530"
"UC Browser","Web","27348","14587","12761"
"Data Saver","Web","518523","47161","471362"
"Youtube Music","Media","140504569","15586748","124917821"
"Appnext","Web","12564","1806","10758"
"Fox Networks","Web","344905","17280","327625"
"textPlus","Internet Instant Messaging","26798","7408","19390"
"IBM","Web","338284","36829","301455"
"Microsoft AD Right Management Service","Business Application","343344","183402","159942"
"Barracuda Networks","Web","40972","8285","32687"
"RingCentral","Business Collaboration","21122","3099","18023"
"Google News","Web","1524738","239650","1285088"
"PlayerUnknown's BattleGrounds","Gaming","6559120","345904","6213216"
"ExpressVPN","Tunneling and VPN","245015","94279","150736"
"Future_plc","Web","4995240","281477","4713763"
"Minecraft","Gaming","19013014","1062026","17950988"
"Google Takeout","Web","13958","3654","10304"
"Target","Web","17532","3556","13976"
"iBooks","Web","654316","85478","568838"
"Google GSuite","Web","166259","23902","142357"
"Didi","Web","67680","26175","41505"
"OpenSignal","Web","65618","57845","7773"
"Megaphone","Web","279503590","23838635","255664955"
"TripAdvisor","Web","267512","41847","225665"
"PubNub","Web","1726470","326951","1399519"
"Gaana","Real Time Audio/Video","5980","618","5362"
"Unknown virtual protocol","Unclassified","56184434","5248099","50936335"
"Unknown virtual protocol","Unclassified","13453213","1055351","12397862"
"NetEase","Web","74980","17683","57297"
"Unknown virtual protocol","Unclassified","13704","4480","9224"
"Unknown virtual protocol","Unclassified","101116","31624","69492"
"Unknown virtual protocol","Unclassified","65265410","59336295","5929115"
"Unknown virtual protocol","Unclassified","5585547","207328","5378219"
"Discovery Inc","Real Time Audio/Video","25019","8504","16515"
"Bumble","Web","18086610","1747021","16339589"
"National Public Radio","Web","10630780","372171","10258609"
"Acast","Real Time Audio/Video","238804370","8950426","229853944"
"Firework","Internet Instant Messaging","1296180","218464","1077716"
"Bigo","Web","49309","15445","33864"
"BAMTech","Real Time Audio/Video","7580177","4421030","3159147"
"Disney Plus","Real Time Audio/Video","1216897148","34067532","1182829616"
"Agora","Network Service","7850","896","6954"
"Grand Theft Auto 5","Gaming","318830","37270","281560"
"Airbnb","Web","43112714","3755304","39357410"
"Activision-Blizzard","Web","1011295","28868","982427"
"Rockstar Games","Gaming","254902","21688","233214"
"MediaLab","Web","1498993","1110277","388716"
"LocationIQ","Web","780913","100336","680577"
"StackPath","Web","646359","26633","619726"
"DoorDash","Web","23297","5299","17998"
"Houseparty","Real Time Audio/Video","191804","33733","158071"
"Roblox","Gaming","94513272","12137296","82375976"
"Likee","Internet Instant Messaging","404958","63151","341807"
"Citrix","Web","108464","32161","76303"
"Digital Turbine","Web","8696934","577318","8119616"
"Pluto TV","Real Time Audio/Video","34561689","1097371","33464318"
"iFunny","Web","10295","3912","6383"
"Amazon Alexa Assistant","Business Collaboration","4666553","849039","3817514"
"Spotify Audio","Real Time Audio/Video","2075109603","51263884","2023845719"
"Connatix","Real Time Audio/Video","30967480","2253695","28713785"
"Minute Media","Web","1822931","109288","1713643"
"Xbox Cloud Gaming","Gaming","304967","97022","207945"
"Jitsi","Real Time Audio/Video","7730582","6215924","1514658"
"E! Online","Web","1598063","59450","1538613"
"Hotels.com","Web","3214846","803123","2411723"
"Indeed","Web","48601254","10775305","37825949"
"NHL.com","Web","4510125","199184","4310941"
"SFGate","Web","350286","41175","309111"
"The Daily Beast","Web","4569442","280559","4288883"
"TIME","Web","2130459","78355","2052104"
"TMZ","Web","1134146","55082","1079064"
"Geforce Now","Gaming","12010","1970","10040"
"Call of Duty Mobile","Gaming","1218433824","42474707","1175959117"
"The Walt Disney Company","Web","82936","29552","53384"
"Wired","Web","19929824","579364","19350460"
"Kickstarter","Web","7039808","330546","6709262"
"Indiegogo","Web","9348","1022","8326"
"FedEx","Web","613786","232096","381690"
"Eventbrite","Web","95835","14217","81618"
"WarnerMedia","Web","740099","105088","635011"
"Bilibili","Web","17750727","1032679","16718048"
"Wargaming","Web","20721","1889","18832"
