"Application","Category","Total Bytes","Bytes Received","Bytes Sent"
"Dailymotion.com","Media","2190007","234799","1955208"
"Domain Name Service","Network Service","1598532076","826771690","771760386"
"eBay.com","Web","15318527","2026749","13291778"
"Google Mail","Email","464507793","51062307","413445486"
"Google Search","Web","594280163","98994179","495285984"
"Google Maps","Web","32035318","2664896","29370422"
"HyperText Transfer Protocol","Web","4033666914","645019991","3388646923"
"HyperText Transfer Protocol Secure","Web","9727287864","1170361721","8556926143"
"Internet Control Message Protocol","Network Service","3332471962","2032704536","1299767426"
"Internet Message Access Protocol version 4","Email","121556817","42868491","78688326"
"Internet Message Access Protocol Secure","Email","9871201","1588566","8282635"
"Internet Protocol","Network Service","0","0","0"
"XMPP Protocol (Jabber)","Business Collaboration","6045032","754287","5290745"
"McAfee Client update","Business Application","583892917","65611859","518281058"
"Skype and Teams","Business Collaboration","27194665","5062752","22131913"
"Simple Object Access Protocol","Network Service","218772221","151073480","67698741"
"Secure Shell","Tunneling and VPN","66409900","24781344","41628556"
"Secure Socket Layer","Tunneling and VPN","10883557380","2356922376","8526635004"
"Session Traversal Utilities for NAT","Business Collaboration","8943478","4837271","4106207"
"Transmission Control Protocol","Other TCP/UDP","25130169441","19017476633","6112692808"
"User Datagram Protocol","Other TCP/UDP","76943203655","10804325482","66138878173"
"Yahoo Search","Web","2563428","225963","2337465"
"Yahoo Mail v.2.0","Email","167102937","22973258","144129679"
"Youtube.com","Media","6621915337","390423834","6231491503"
"Facebook","Social Networking","72754496299","3431708753","69322787546"
"Google Ads","Web","878905998","138975252","739930746"
"Windows Live Hotmail","Email","163335016","37775081","125559935"
"LinkedIn","Social Networking","58369065","4651820","53717245"
"Apple Generic Services","Web","8478558850","869594610","7608964240"
"Online Certificate Status Protocol","Business Application","9819710","3827472","5992238"
"Mail.ru Webmail","Email","396234","89680","306554"
"Foursquare.com","Web","785705","295688","490017"
"Tumblr","Social Networking","183978632","6430551","177548081"
"Twitter","Social Networking","365600282","21245741","344354541"
"iTunes","Media","663264619","101242588","562022031"
"Spotify","Media","2048775751","136276423","1912499328"
"TeamViewer","Remote Desktop","137260827","99256773","38004054"
"Bing.com (formerly MSN Search)","Web","441655158","61990042","379665116"
"Baidu.com","Web","8095675","688170","7407505"
"Teredo protocol","Tunneling and VPN","49306371","46930376","2375995"
"Java Update","Web","61712227","5843996","55868231"
"Windows Update","Web","12866416794","1234702374","11631714420"
"Chrome Update","Web","305662303","26984395","278677908"
"Trendmicro Update protocol","Web","10832161","5453298","5378863"
"Netflix.com","Media","3236725917","149240354","3087485563"
"Google Analytics,Google Marketing Platform","Web","169730051","44676534","125053517"
"Google GStatic","Web","1503020449","89471697","1413548752"
"Dropbox","Storage and Backup","50207431","21448588","28758843"
"Google Translate","Web","2027681","262526","1765155"
"Salesforce","Business Application","4931205","837053","4094152"
"Google Generic","Web","952654821","194749186","757905635"
"AccuWeather","Web","15820419","2279017","13541402"
"Amazon Generic Services","Web","2153523773","861968006","1291555767"
"Naver Corporation (formerly NHN Corporation)","Web","15574114","953266","14620848"
"Vimeo","Web","17806531","708935","17097596"
"Weather.com","Web","108852375","6835370","102017005"
"WhatsApp Messenger","Internet Instant Messaging","1608122623","668104605","940018018"
"Google App Engine","Business Application","1364691","315419","1049272"
"Apple App Store","Web","9103300592","379349691","8723950901"
"Windows Marketplace","Web","3151204865","363906488","2787298377"
"Apple FaceTime","Real Time Audio/Video","968099871","206683024","761416847"
"Apple Push Notification Service","Web","331131800","197182515","133949285"
"iOS over-the-air (OTA) update","Web","2589135206","238719198","2350416008"
"Samsung Apps","Web","110677935","10487024","100190911"
"Google Play Store","Media","1871166754","197255401","1673911353"
"iCloud (Apple)","Storage and Backup","1570199362","688824425","881374937"
"Instagram","Web","10873120475","655880999","10217239476"
"SoundCloud","Media","60634411","4983867","55650544"
"Amazon Web Services/Cloudfront CDN","Infrastructure","5732200491","1108066517","4624133974"
"Amazon Prime Video","Media","13585758","2872250","10713508"
"Akamai Technologies CDN","Web","185862009","10612537","175249472"
"Microsoft Azure (previously Windows Azure)","Infrastructure","59365000","5693633","53671367"
"ISO Base Media File Format","Real Time Audio/Video","49112412","4016998","45095414"
"Yahoo.com","Web","505822176","72079181","433742995"
"Google Talk (incl. Hangouts and Allo and Duo)","Real Time Audio/Video","12344208","5628095","6716113"
"CloudFlare CDN","Infrastructure","2649389863","166787370","2482602493"
"Microsoft Office 365","Business Collaboration","1174133177","65014712","1109118465"
"Zoho Corporation","Business Application","57494629","28276362","29218267"
"Nokia Here API","Web","2508363","457792","2050571"
"Pinterest","Web","790007811","60903640","729104171"
"Microsoft Outlook (Office 365)","Business Application","469844949","132767095","337077854"
"Reddit.com","Web","129029977","6877828","122152149"
"Internet Movie Database","Web","1267645","87260","1180385"
"Apple SIRI","Web","59627189","40188435","19438754"
"Google Accounts","Web","61151843","9757680","51394163"
"Xl","Web","166052","20849","145203"
"Amazon Ad System","Web","129530536","26946030","102584506"
"Snapchat","Social Networking","7563824421","945943638","6617880783"
"ScorecardResearch","Web","15928101","4381098","11547003"
"Quantcast","Web","10569139","1594173","8974966"
"Telegram","Internet Instant Messaging","968272917","117132649","851140268"
"Candy Crush Saga","Gaming","5763396","2777202","2986194"
"Oracle","Web","3576520","895556","2680964"
"Bitstrips","Social Networking","197971017","10900638","187070379"
"TRUSTe","Web","10431310","927278","9504032"
"Adobe","Business Application","65763329","14722679","51040650"
"Zendesk","Business Collaboration","6816188","595789","6220399"
"Google Safe Browsing","Web","11021955","2730011","8291944"
"Inneractive","Web","50270659","34963803","15306856"
"Samsung","Web","167989591","56764665","111224926"
"Crashlytics","Web","53646809","4240183","49406626"
"BoldChat Live Chat","Internet Instant Messaging","624261","216458","407803"
"Facebook Messenger","Internet Instant Messaging","2595616898","899883069","1695733829"
"InMobi","Web","35710800","15514044","20196756"
"AppsFlyer","Business Application","38388692","15306339","23082353"
"Gravatar","Business Collaboration","478806","61401","417405"
"Xiaomi","Web","6670410","2221914","4448496"
"Nielsen","Web","2957370","547836","2409534"
"Mixpanel","Web","12308685","9930452","2378233"
"Smart AdServer","Web","20169553","7759812","12409741"
"Google Cloud Storage","Web","1148028089","953379003","194649086"
"Google Cloud Messaging","Web","146033816","42501590","103532226"
"Google Calendar","Web","6854379","1798545","5055834"
"Apple Location","Web","839372815","137394941","701977874"
"OpenX","Web","5907467","1680911","4226556"
"PubMatic","Web","58567731","29354926","29212805"
"Index Exchange (previously Casale Media)","Web","28125412","9399456","18725956"
"LOTAME","Web","6677260","1230495","5446765"
"Rubicon Project","Web","68690186","23676125","45014061"
"Sizmek (previously MediaMind)","Web","18184073","2006208","16177865"
"AppNexus","Web","134282055","75252672","59029383"
"Rlcdn","Web","11446434","1500536","9945898"
"HyperText Transfer Protocol version 2","Web","2499057122","598003304","1901053818"
"GitHub","Web","3650313","619879","3030434"
"Google Tag Manager","Web","131828629","8468481","123360148"
"Facebook Embedded Video","Media","6248985272","196850841","6052134431"
"Ad Safe Protected","Web","59697225","10783366","48913859"
"Adjust.com","Web","8319457","3156069","5163388"
"Urbanairship","Web","4989573","1276822","3712751"
"BootstrapCDN","Web","2388073","193528","2194545"
"Outbrain","Web","43063797","7910091","35153706"
"Applovin","Web","430728889","89810272","340918617"
"Android connectivity Manager","Network Service","15220016","7320849","7899167"
"Moat","Web","76561022","20445126","56115896"
"Krux","Web","7785726","763613","7022113"
"Microsoft Office OneNote (Office 365)","Business Application","5752671","378722","5373949"
"Heap","Web","136767236","107643786","29123450"
"Branch Metrics","Web","33085554","8169298","24916256"
"Optimizely","Web","6083906","775843","5308063"
"Taboola","Web","117816095","19769672","98046423"
"Rackspace","Web","1732179634","174689555","1557490079"
"Smaato","Web","8203668","1717568","6486100"
"Verizon","Web","8677515","5741187","2936328"
"MediaMath","Web","4319963","1581305","2738658"
"jQuery","Web","5585950","323724","5262226"
"Everest Technologies","Web","6528086","1955181","4572905"
"SpotXchange","Web","3158785","1191453","1967332"
"Microsoft OneDrive","Web","742343285","60691769","681651516"
"Microsoft","Web","3275825567","589552010","2686273557"
"New Relic","Web","23498643","12376352","11122291"
"Google Photos (formerly Google Picasa)","Web","4235196","1073140","3162056"
"Liftoff","Web","2979553","1816092","1163461"
"Younow","Web","22822596","9300081","13522515"
"Conversant","Web","3370437","860479","2509958"
"Bazaarvoice","Web","4710159","434183","4275976"
"Adform","Web","8400268","1398462","7001806"
"hotjar","Web","8242366","1292903","6949463"
"ZoomMeetings","Business Collaboration","934015862","108800785","825215077"
"Pokemon GO","Gaming","23959517","4904207","19055310"
"Weborama","Web","230024","37726","192298"
"HyperText Transfer Protocol proxy","Network Service","1185541","676312","509229"
"Innovid","Web","65263952","2493530","62770422"
"Wix","Web","4721824","515225","4206599"
"GIPHY","Web","106344238","3804866","102539372"
"Firebase Cloud Messaging","Web","146507626","41086766","105420860"
"Bidswitch","Web","15504718","6017577","9487141"
"Amazon Music","Media","60442878","6427375","54015503"
"Bugsnag","Web","4245898","2587237","1658661"
"Apple Game Center","Gaming","7776166","2102883","5673283"
"Sharethrough","Web","34340942","11547514","22793428"
"AdColony","Web","9113664","3047917","6065747"
"Huawei","Web","12641605","4204013","8437592"
"MGID","Web","2221662","212883","2008779"
"DoubleVerify","Web","50564399","10298168","40266231"
"Media Innovation Group","Web","1490864","350146","1140718"
"Booking.com","Web","4219535","159993","4059542"
"Avast","Web","10521686","824550","9697136"
"PulsePoint","Web","3389796","1055204","2334592"
"eXelate","Web","1411397","349915","1061482"
"Google Secure User Plane Location","Web","609518","92846","516672"
"Google Cloud Platform","Web","14496398","4033612","10462786"
"Microsoft teams","Internet Instant Messaging","874021891","28425767","845596124"
"Tenor","Web","51930579","4562177","47368402"
"Cisco","Web","1841492","537392","1304100"
"IronSource","Business Application","144380961","21199877","123181084"
"Disqus","Web","14712091","1270603","13441488"
"Simpli.fi","Web","1961270","425532","1535738"
"ByteDance","Web","186006334","37050462","148955872"
"TikTok (Musical.ly)","Social Networking","29887326646","1536938452","28350388194"
"Discord","Internet Instant Messaging","61079623","9936788","51142835"
"Wish","Web","16518365","1495188","15023177"
"Minecraft","Gaming","31634","9628","22006"
"Apple News","Web","103543429","8713000","94830429"
"Vungle","Web","224460914","10800276","213660638"
"Google APIs","Web","1520898508","427984263","1092914245"
"Amazon Cognito","Web","21027695","6656757","14370938"
"Unknown virtual protocol","Unclassified","79855510","19092612","60762898"
"Unknown virtual protocol","Unclassified","5177038","285059","4891979"
"Unknown virtual protocol","Unclassified","7297632","1138686","6158946"
"Unknown virtual protocol","Unclassified","150889023","62863712","88025311"
"Google Pay","Web","5507256","1048990","4458266"
"Google Messages","Internet Instant Messaging","16138841","6728734","9410107"
"JWPLAYER","Web","227583613","8936184","218647429"
"Quora","Social Networking","5104593","479165","4625428"
"Shopify","Web","52114776","3368748","48746028"
"Likee","Internet Instant Messaging","3358063","705661","2652402"
"KOCHAVA","Web","1052489","255092","797397"
"Amazon Alexa Assistant","Business Collaboration","921068","150997","770071"
"Pendo","Web","16841674","4688805","12152869"
"Contentful","Web","123747673","7410926","116336747"
"Digicert","Web","7591131","2608460","4982671"
"Font Awesome","Web","8869398","848699","8020699"
"Intercom","Web","17447530","7840239","9607291"
"SD-WAN Control","SD-WAN","55273511805","30622795772","24650716033"
"SD-WAN Management","SD-WAN","4721949062","1994065948","2727883114"
"TencentMeeting","Business Collaboration","87318793","32991831","54326962"
"Internet Security Association and Key Management Protocol","Tunneling and VPN","724177035","153678856","570498179"
"Simple Network Paging Protocol","Network Service","472519","42400","430119"
"Opera Update","Web","596265","162876","433389"
"Turn","Web","2962012","639091","2322921"
"Criteo","Web","34030377","7937377","26093000"
"Stickyads","Web","13804250","5116876","8687374"
"Unruly","Web","5636607","2705808","2930799"
"Revcontent","Web","1966267","455575","1510692"
"Teads","Web","6803547","1166450","5637097"
"Yieldmo","Web","9976056","1616778","8359278"
"Amplitude","Web","14432079","12087730","2344349"
"Apptimize","Web","216341","78409","137932"
"Go Daddy","Web","1239885","121697","1118188"
"Indeed","Web","21880074","5772175","16107899"
"Advance Message Queuing Protocol","Network Service","1996","1108","888"
"BitTorrent","Peer to Peer","65253","4339","60914"
"Connection Oriented Transfer Protocol","Network Service","918","696","222"
"GPRS Tunneling Protocol","Tunneling and VPN","352193","4016","348177"
"Independant Computing Architecture (Citrix)","Remote Desktop","3414","1836","1578"
"IPsec (AH and ESP)","Tunneling and VPN","385320","158924","226396"
"Kerberos","Authentication","2569","1582","987"
"Layer 2 Tunneling Protocol","Tunneling and VPN","35724","13740","21984"
"Lighweight Directory Access Protocol","Authentication","25367","14520","10847"
"Network Time Protocol","Network Service","440864","213782","227082"
"Secure POP3","Email","185000","10498","174502"
"Port Mapper","Network Service","4695","3252","1443"
"Point-to-Point Tunneling Protocol","Tunneling and VPN","1112","680","432"
"Remote Authentication Dial-In User Service","Authentication","1200","448","752"
"Remote Desktop Protocol (Windows Terminal Server)","Remote Desktop","603127","357568","245559"
"Real Time Control Protocol","Business Collaboration","2758736","2092202","666534"
"Real Time Protocol","Business Collaboration","55650935","29123997","26526938"
"Session Initiation Protocol","Business Application","29065","13830","15235"
"Server Message Block (Windows File Server)","File Sharing","34548","23872","10676"
"Simple Mail Transfer Protocol","Email","11129283","10374901","754382"
"Simple Mail Transfer Protocol Secure","Email","11750","9786","1964"
"Simple Network Management Protocol","Management","9444","9444","0"
"SOCKet Secure v4","Tunneling and VPN","19758","13824","5934"
"SOCKet Secure v5","Tunneling and VPN","2612","1274","1338"
"Tabular Data Stream","Business Application","7939","4954","2985"
"Transparent Network Service (Oracle)","Business Application","2138","1472","666"
"Wikipedia.com","Web","10050268","493557","9556711"
"Wireless Session Protocol","Network Service","86817","48158","38659"
"X Window System","Business Application","16316","10778","5538"
"Secure AIM","Internet Instant Messaging","191101","32740","158361"
"Ask.com","Web","50529","2013","48516"
"Tagged.com","Social Networking","58100","12421","45679"
"Expedia.fr","Web","398067","256602","141465"
"Travelocity.com","Web","1412008","32073","1379935"
"Realtor.com","Web","61058","8847","52211"
"WordPress.com","Social Networking","37706462","1217454","36489008"
"Flickr","Social Networking","307191","34204","272987"
"Hi5.com","Social Networking","25693","3057","22636"
"Deezer","Web","20123","3031","17092"
"Steampowered.com","Gaming","7895842","421314","7474528"
"Xbox Live","Gaming","183463261","8174592","175288669"
"Badoo.com","Internet Instant Messaging","8474","963","7511"
"Flixster.com","Web","811560","40057","771503"
"MyAnimeList.net","Web","28395","2047","26348"
"Vox.com","Web","83231","30145","53086"
"Yelp.com","Web","347957","16236","331721"
"Yandex.ru","Web","1443675","716124","727551"
"Adobe Flash Plugin Update","Web","9928","1358","8570"
"Firefox Update","Web","12993872","419416","12574456"
"icecast","Media","746732","25228","721504"
"BitDefender Update","Web","1204120","410873","793247"
"Viber","Real Time Audio/Video","252543","51829","200714"
"iHeartRADIO","Media","14092002","1044287","13047715"
"Photobucket.com","Web","535753","31178","504575"
"Psiphon","Web","172960","23847","149113"
"Shutterfly.com","Web","4808853","1594412","3214441"
"Portal.TidalTV.com","Web","678242","159649","518593"
"YouKu","Media","139564","131722","7842"
"Internet Inter-ORB Protocol","Network Service","3278","2168","1110"
"Netware Core Protocol","Management","7939","4954","2985"
"Adobe Acrobat DC (Document Cloud)","Web","589162","134131","455031"
"Alexa","Web","8792","1135","7657"
"Blogger","Web","15387387","636430","14750957"
"Capital One","Web","2269289","280579","1988710"
"Cnet.com","Web","40689","2711","37978"
"CNN (Cable News Network)","Web","13013303","1536150","11477153"
"Comcast","Web","1581020","62442","1518578"
"Daily Mail","Web","449167","23572","425595"
"Daum.net","Web","246571","17699","228872"
"Fox News","Web","883773","167040","716733"
"Kaspersky.com","Web","249780","114244","135536"
"Monster.com","Web","39743","7090","32653"
"Mozilla.com - Mozilla.org","Web","1155711","290647","865064"
"NASA.gov","Web","163251","15147","148104"
"NationalGeographic.com","Web","368883","16229","352654"
"NBA.com","Web","2063054","148757","1914297"
"Nike.com","Web","247359","11067","236292"
"PlayStation.com","Web","5479173","843389","4635784"
"Redtube","Web","105522","4727","100795"
"Reuters.com","Web","1872967","89052","1783915"
"Tube8","Web","2407","276","2131"
"Univision.com","Web","4478","508","3970"
"WashingtonPost.com","Web","97557","5039","92518"
"Xbox","Gaming","23933","4313","19620"
"XNXX","Web","12189","2069","10120"
"Taobao","Web","713460","397156","316304"
"GMX webmail","Email","752108","147763","604345"
"Line","Internet Instant Messaging","827074","126208","700866"
"Hulu","Media","11777","971","10806"
"Shazam","Web","778148","123734","654414"
"Slacker Radio","Media","2401965","183392","2218573"
"KakaoTalk","Internet Instant Messaging","127499","31787","95712"
"Gmarket.co.kr","Web","1273804","101501","1172303"
"QQ.com","Web","4754927","321555","4433372"
"Sohu.com","Web","5979","1087","4892"
"Ifeng.com","Web","313504","40048","273456"
"Alipay","Web","14363","6933","7430"
"Sogou.com","Web","59621","3071","56550"
"360.cn","Web","39958","35264","4694"
"Alibaba.com","Web","493655","31382","462273"
"51.la","Web","65498","22555","42943"
"Zynga.com","Gaming","10056752","5034649","5022103"
"Limelight Networks CDN","Web","3897944892","129732498","3768212394"
"KIK Messenger","Internet Instant Messaging","14005368","769004","13236364"
"WeChat","Internet Instant Messaging","1088755","94890","993865"
"MiTalk Messenger (Miliao)","Internet Instant Messaging","325829","20747","305082"
"Rakuten.co.jp","Web","410342","22207","388135"
"Ctrip.com","Web","42974","2961","40013"
"QQ Games","Gaming","37378","17466","19912"
"Udn.com","Web","268740","21481","247259"
"Pornhub","Web","15221","2874","12347"
"Microsoft SharePoint Online (Office 365)","Business Application","196932716","64352318","132580398"
"Speedtest","File Sharing","95393","44845","50548"
"ESPN.go.com","Web","7734907","429772","7305135"
"BuzzFeed.com","Web","148950","129124","19826"
"Imgur.com","Storage and Backup","67439396","2080423","65358973"
"ImageShack","File Sharing","1589","667","922"
"Google Documents (aka Google Drive)","Storage and Backup","10108580","5453291","4655289"
"Evernote","Web","11263","4546","6717"
"Apple Maps","Web","335816","32902","302914"
"WebSocket","Network Service","456604055","20189601","436414454"
"Bitcoin client","Peer to Peer","1996","1108","888"
"Paypal.com","Web","2967619","692493","2275126"
"BBC","Web","12059258","792811","11266447"
"Apple HTTP Live Streaming","Real Time Audio/Video","130295997","4318098","125977899"
"Free","Web","906","696","210"
"Kijiji.ca","Web","59944800","3446354","56498446"
"Internet Small Computer Systems Interface","Network Service","570","348","222"
"Background Intelligent Transfer Service","File Sharing","43696259","6955127","36741132"
"Seznam.cz","Web","124385","5498","118887"
"Conviva","Infrastructure","1512984","534124","978860"
"AliExpress.com","Web","3054446","192151","2862295"
"Blick.ch","Web","2610502","74822","2535680"
"NZHerald.co.nz","Web","46873","2416","44457"
"Wp.pl","Web","17203","3833","13370"
"Fox Business Network","Web","11888","3292","8596"
"News","Web","859029","55768","803261"
"Aol","Web","983444","133401","850043"
"Gameloft Games","Gaming","757295","40361","716934"
"AddThis","Web","4565182","404945","4160237"
"Rovio Entertainment","Gaming","49434","27658","21776"
"King Digital Entertainment","Gaming","3504890","2370215","1134675"
"Waze Social GPS Maps & Traffic","Web","99780","34802","64978"
"Huffington Post","Web","8900963","295766","8605197"
"Symantec","Web","3373445","839744","2533701"
"OpenStreetMap","Infrastructure","336270","19018","317252"
"Flurry","Business Application","7536781","3544696","3992085"
"Brightcove","Media","8963934","576553","8387381"
"Twitch","Media","4113327","598522","3514805"
"FreeWheel","Web","934165","283984","650181"
"Turner","Web","6777783","307032","6470751"
"JAVA-RMI","Network Service","8802","5484","3318"
"Cedexis","Web","6025151","1869957","4155194"
"Amazon Cloud Drive","Web","310792642","296338822","14453820"
"Gettyimages","Web","1735668","60564","1675104"
"Theladbible","Web","157705","14099","143606"
"Flipboard","Web","1120593","171785","948808"
"quic","Network Service","803630","224331","579299"
"CPMSTAR","Web","186806","30023","156783"
"ADTECH","Web","1862628","86675","1775953"
"AOL One","Web","1602486","201417","1401069"
"Realestate","Web","242311","40869","201442"
"Constant Contact","Web","347594","33381","314213"
"Kakaocdn","Infrastructure","21641","4528","17113"
"Advertising.com","Web","6574496","1243212","5331284"
"My.com","Web","4212797","985680","3227117"
"Helpshift","Web","781310","205865","575445"
"Scotiabank","Web","19359212","2943413","16415799"
"Atlas Solutions","Web","168338","46178","122160"
"Apple Music","Media","396579268","14220129","382359139"
"CBS Video","Web","403134","45024","358110"
"LogMeIn","Remote Desktop","52493","2373","50120"
"Fastly","Web","987853","60983","926870"
"Disney Channel","Web","673528","33417","640111"
"Rogers TV","Web","15059241","1017469","14041772"
"UpLynk","Web","14042514","425902","13616612"
"NBC","Web","4833712","297134","4536578"
"Localytics","Web","2500215","830992","1669223"
"MoPub","Web","1181595","264052","917543"
"Periscope","Media","13553438","564004","12989434"
"Liveperson","Web","5095243","315442","4779801"
"Rovi corporation","Web","160401","12537","147864"
"Zopim","Web","644586","211076","433510"
"Mapbox","Web","9051803","661665","8390138"
"Liberty Times Net","Web","1191787","73392","1118395"
"Rollout","Web","312227","129335","182892"
"Signal","Web","150000","27033","122967"
"LiveChat","Web","657733","96856","560877"
"Riffsy (Tenor.co)","Web","31374446","1048477","30325969"
"Ensighten","Web","2258854","299204","1959650"
"Braintree","Web","180370","33347","147023"
"LKQD","Web","239420","59837","179583"
"TubeMogul","Web","2061063","47385","2013678"
"Bleacher Report","Web","80872","4365","76507"
"Umeng","Web","283956","139567","144389"
"Golden Frog","Web","166000","26521","139479"
"MobFox","Web","31427","7269","24158"
"Baidu Maps","Web","639481","83357","556124"
"Uber (formerly UberCab)","Web","139989","21063","118926"
"Ethernet/IP","Network Service","2350557","2208468","142089"
"Clicktale","Web","7263506","4338268","2925238"
"Adk2","Web","11830","2140","9690"
"CDNetworks","Infrastructure","954670","86674","867996"
"Constrained Application Protocol","Network Service","2550940","39192","2511748"
"Highwinds","Web","40460148","1018729","39441419"
"Tinder","Web","139374689","7358357","132016332"
"Shutterstock","Web","278085","13431","264654"
"Heroku","Web","6019486","223912","5795574"
"IMO Video Calling Application","Media","11972784","6556188","5416596"
"Hola","Web","15073","3379","11694"
"Clash of Clans","Gaming","38155328","2401460","35753868"
"Supercell","Gaming","1215377","363764","851613"
"Facebook Live","Media","146815148","141817735","4997413"
"Cheetah Mobile","Web","79204","18651","60553"
"Radiumone","Web","4196","961","3235"
"Microsoft Word Online (Office 365)","Business Collaboration","589909","69089","520820"
"Microsoft Powerpoint Online (Office 365)","Business Collaboration","13442567","788607","12653960"
"OPC Unified Architecture","Web","1996","1108","888"
"Signal Private Messenger (Open Whisper Systems)","Internet Instant Messaging","197507","53445","144062"
"StreamRail","Media","108122","24144","83978"
"Vidyard","Web","22270812","745828","21524984"
"ADventori","Web","112858","22373","90485"
"Tealium","Web","2980824","743729","2237095"
"Flashtalking","Web","3892580","457291","3435289"
"Google Classroom","Web","1357569","324069","1033500"
"Samsung Update","Web","8722652963","226351699","8496301264"
"ULP","Network Service","269741","15927","253814"
"MaxCDN","Web","3590","488","3102"
"Walmart","Web","847145","699249","147896"
"Automatic Data Processing (ADP)","Web","269970","7382","262588"
"Okta","Web","34984982","8058108","26926874"
"Autodesk Fusion 360","Tunneling and VPN","141602","86677","54925"
"Sonobi","Web","3263349","1118848","2144501"
"Cloudinary","Web","8077580","357759","7719821"
"Optus","Web","330225","12379","317846"
"Chunghwa Telecom","Web","31168","5866","25302"
"Kahoot!","Web","945633","66756","878877"
"Sportradar","Web","225655","11161","214494"
"Wall Street Journal","Web","32201","4046","28155"
"ChinaNetCenter ","Web","21352","4308","17044"
"Niantic, Inc","Web","242764","50611","192153"
"Snow","Internet Instant Messaging","453130","180743","272387"
"Clash Royale","Gaming","41036538","1327314","39709224"
"United Internet","Web","327048","86945","240103"
"shopee.tw","Web","106313","4030","102283"
"Facebook Lite","Social Networking","702011","156337","545674"
"Kakao","Web","84177","11965","72212"
"Digioh","Web","1210599","73032","1137567"
"UC Browser","Web","71830","56474","15356"
"x_vpn","Tunneling and VPN","293526","19167","274359"
"Data Saver","Web","158900636","150197977","8702659"
"Adtelligent","Web","496231","127578","368653"
"Opera turbo","Network Service","1381989","113465","1268524"
"Youtube Music","Media","824451","194204","630247"
"Akamai Video","Media","130981159","3819223","127161936"
"Appnext","Web","63393","12021","51372"
"Fox Networks","Web","701262","41499","659763"
"Text Me","Internet Instant Messaging","480425","170574","309851"
"Grammarly","Web","16615234","6609909","10005325"
"Ubisoft","Gaming","67556","19092","48464"
"Microsoft AD Right Management Service","Business Application","88414","63520","24894"
"RingCentral","Business Collaboration","48800","13749","35051"
"Google News","Web","2192776","254701","1938075"
"Visual IQ","Web","269976","75907","194069"
"Alibaba Group","Web","29155","7799","21356"
"Alibaba Cloud","Web","1283331","62019","1221312"
"ExpressVPN","Tunneling and VPN","1096249","74624","1021625"
"Future_plc","Web","19192627","986643","18205984"
"Google Play Books","Web","539448","33683","505765"
"DICOM","Network Service","1140","696","444"
"Warner Bros. Interactive Entertainment","Gaming","3436736","1873773","1562963"
"Fandom","Web","6182552","310392","5872160"
"Google GSuite","Web","1132403","252548","879855"
"W3Schools","Web","13114","1686","11428"
"OpenSignal","Web","1934639","1819493","115146"
"Megaphone","Web","113812219","3982239","109829980"
"TripAdvisor","Web","10779416","1700241","9079175"
"PubNub","Web","702359","244766","457593"
"NetEase","Web","126725","39455","87270"
"Unknown virtual protocol","Unclassified","331383","216386","114997"
"Unknown virtual protocol","Unclassified","7908","2348","5560"
"Unknown virtual protocol","Unclassified","53313","20783","32530"
"Unknown virtual protocol","Unclassified","2338856","1484328","854528"
"Unknown virtual protocol","Unclassified","2147586","992102","1155484"
"Unknown virtual protocol","Unclassified","77971616","2802338","75169278"
"Bumble","Web","7032622","1482733","5549889"
"Qwant","Web","173992","8082","165910"
"National Public Radio","Web","27868","4148","23720"
"Acast","Real Time Audio/Video","11684674","232735","11451939"
"Wireguard","Tunneling and VPN","440699699","42566325","398133374"
"Firework","Internet Instant Messaging","1154394","130543","1023851"
"Bigo","Web","21694095","1421652","20272443"
"BAMTech","Real Time Audio/Video","3946299","1510590","2435709"
"Disney Plus","Real Time Audio/Video","188588100","3675201","184912899"
"Grand Theft Auto 5","Gaming","5347","1379","3968"
"Toutiao","Web","18765","6331","12434"
"Airbnb","Web","10972120","597401","10374719"
"MediaLab","Web","6600","1496","5104"
"Wangwang","Internet Instant Messaging","39177","21771","17406"
"Advanced Hosting","Web","6356590","227707","6128883"
"Workday","Business Application","70483","24980","45503"
"LocationIQ","Web","69033","6469","62564"
"Uber Eats","Web","670961","129580","541381"
"Houseparty","Real Time Audio/Video","101890","14164","87726"
"Roblox","Gaming","8540997","829879","7711118"
"Citrix","Web","168053","64308","103745"
"Digital Turbine","Web","49001866","1746482","47255384"
"Pluto TV","Real Time Audio/Video","61184624","2665209","58519415"
"Amber Weather","Web","2275","324","1951"
"iFunny","Web","101328","6958","94370"
"Demandbase","Web","42087","3147","38940"
"Sift Science","Web","87098","15966","71132"
"ToTok Messenger","Internet Instant Messaging","166150","56639","109511"
"Spotify Audio","Real Time Audio/Video","544684733","17972281","526712452"
"Connatix","Real Time Audio/Video","23615403","1456477","22158926"
"Minute Media","Web","17646337","604931","17041406"
"UserReport","Web","198114","33081","165033"
"Xbox Cloud Gaming","Gaming","16619","5725","10894"
" Revolut","Web","30962","3924","27038"
"Coursera","Web","191280","6610","184670"
"E! Online","Web","299106","12934","286172"
"Hotels.com","Web","871313","407372","463941"
"NHL.com","Web","23622483","1322901","22299582"
"Official Major League Baseball","Web","16964","1249","15715"
"Rotten Tomattoes","Web","603288","40242","563046"
"SFGate","Web","1834615","111409","1723206"
"The Telegraph","Web","1287283","46463","1240820"
"TIME","Web","80873","5379","75494"
"TMZ","Web","2894696","127697","2766999"
"United Airlines","Web","6059","1030","5029"
"Call of Duty Mobile","Gaming","54791818","2438377","52353441"
"The Walt Disney Company","Web","468124","11681","456443"
"Wired","Web","61630864","2020990","59609874"
"Kayak","Web","4128957","183194","3945763"
"Eventbrite","Web","4887574","135970","4751604"
"Datadog","Web","53854","31497","22357"
