"Application","Category","Total Bytes","Bytes Received","Bytes Sent"
"Domain Name Service","Network Service","1643127233","831851074","811276159"
"Google Mail","Email","979901005","80982082","898918923"
"Google Search","Web","582897063","101470722","481426341"
"Google Maps","Web","97912392","3841438","94070954"
"HyperText Transfer Protocol","Web","2929256033","377303961","2551952072"
"HyperText Transfer Protocol Secure","Web","22206994886","1461378796","20745616090"
"Internet Control Message Protocol","Network Service","4295386890","2627813957","1667572933"
"Internet Message Access Protocol version 4","Email","103884130","37451479","66432651"
"Internet Protocol","Network Service","0","0","0"
"XMPP Protocol (Jabber)","Business Collaboration","2220857","1049555","1171302"
"Network Time Protocol","Network Service","1936055","1073810","862245"
"Skype and Teams","Business Collaboration","42306669","9274593","33032076"
"Simple Object Access Protocol","Network Service","467382047","322555358","144826689"
"Secure Shell","Tunneling and VPN","450432042","255796259","194635783"
"Secure Socket Layer","Tunneling and VPN","30482643553","2599991139","27882652414"
"Transmission Control Protocol","Other TCP/UDP","1004650869","239534732","765116137"
"User Datagram Protocol","Other TCP/UDP","155210196558","12905944131","142304252427"
"Youtube.com","Media","150042003978","4275257696","145766746282"
"Facebook","Social Networking","66945929455","1735950448","65209979007"
"Google Ads","Web","997456243","130378386","867077857"
"Windows Live Hotmail","Email","386160067","11415432","374744635"
"Apple Generic Services","Web","4665440787","116124403","4549316384"
"Online Certificate Status Protocol","Business Application","28598236","4040132","24558104"
"Twitter","Social Networking","953292507","30905952","922386555"
"iTunes","Media","6699276093","110362056","6588914037"
"Bing.com (formerly MSN Search)","Web","217827553","48747657","169079896"
"Windows Update","Web","2451605784","165738274","2285867510"
"Chrome Update","Web","264901772","11099827","253801945"
"Google Analytics,Google Marketing Platform","Web","136068766","33730998","102337768"
"Google GStatic","Web","1193633767","57930569","1135703198"
"Google Translate","Web","9729242","3249697","6479545"
"YouKu","Media","14070970","13694058","376912"
"GoToMeeting Online Meeting","Business Collaboration","69685489","49630358","20055131"
"Google Generic","Web","533417536","64138512","469279024"
"Amazon Generic Services","Web","5897330073","1818759422","4078570651"
"Weather.com","Web","27377106","3730003","23647103"
"WhatsApp Messenger","Internet Instant Messaging","12348046980","5466904891","6881142089"
"Taobao","Web","270798250","10939898","259858352"
"Google App Engine","Business Application","1595291","773077","822214"
"Apple App Store","Web","7734430400","91872307","7642558093"
"Windows Marketplace","Web","1401325032","132981648","1268343384"
"Apple Push Notification Service","Web","209780289","137097042","72683247"
"iOS over-the-air (OTA) update","Web","688865308","7232831","681632477"
"Samsung Apps","Web","344143851","19174258","324969593"
"Google Play Store","Media","3875260316","220508889","3654751427"
"iCloud (Apple)","Storage and Backup","1493062906","309461498","1183601408"
"Instagram","Web","49179041257","1168702996","48010338261"
"Amazon Web Services/Cloudfront CDN","Infrastructure","9112943313","3866084253","5246859060"
"Akamai Technologies CDN","Web","2353807226","19880432","2333926794"
"Microsoft Azure (previously Windows Azure)","Infrastructure","62753735","6022197","56731538"
"Yahoo.com","Web","393788082","133515011","260273071"
"CloudFlare CDN","Infrastructure","11484299512","243319389","11240980123"
"Microsoft Office 365","Business Collaboration","607118642","96663129","510455513"
"Microsoft SharePoint Online (Office 365)","Business Application","1356281145","656830426","699450719"
"Microsoft Outlook (Office 365)","Business Application","1375082294","568449635","806632659"
"Reddit.com","Web","882654575","24545719","858108856"
"Apple SIRI","Web","55586049","39548656","16037393"
"Google Accounts","Web","124262696","18993639","105269057"
"Snapchat","Social Networking","9339803608","613618556","8726185052"
"Google Safe Browsing","Web","47886984","21299069","26587915"
"Samsung","Web","173496585","49897029","123599556"
"Crashlytics","Web","27937151","3509082","24428069"
"Facebook Messenger","Internet Instant Messaging","2620235644","935981801","1684253843"
"Gravatar","Business Collaboration","3668957","269922","3399035"
"Google Cloud Storage","Web","1891693361","1772740036","118953325"
"Google Cloud Messaging","Web","139313933","19784143","119529790"
"Apple Location","Web","757243258","105815332","651427926"
"HyperText Transfer Protocol version 2","Web","14209688926","695167427","13514521499"
"Google Tag Manager","Web","180606989","8652129","171954860"
"Facebook Embedded Video","Media","2597652573","21512576","2576139997"
"Helpshift","Web","1470507","298167","1172340"
"Adjust.com","Web","20858513","10181252","10677261"
"Applovin","Web","808689326","228172218","580517108"
"Android connectivity Manager","Network Service","12150262","5733448","6416814"
"Heap","Web","80885655","40462487","40423168"
"Branch Metrics","Web","39290381","8328397","30961984"
"Microsoft OneDrive","Web","1268565110","735535269","533029841"
"Microsoft","Web","3218837440","799874671","2418962769"
"New Relic","Web","231335657","152371563","78964094"
"hotjar","Web","11046328","3518073","7528255"
"ZoomMeetings","Business Collaboration","1303952133","16174388","1287777745"
"Firebase Cloud Messaging","Web","165760782","57909153","107851629"
"Nintendo","Gaming","873935","87559","786376"
"ULP","Network Service","2480453","112657","2367796"
"Google Cloud Platform","Web","14447463","4053184","10394279"
"Microsoft teams","Internet Instant Messaging","45703172","8919175","36783997"
"Data Saver","Web","1133899","106170","1027729"
"Cisco","Web","5999226","1982236","4016990"
"IronSource","Business Application","176416118","11801250","164614868"
"Fortnite","Gaming","28549561","3364954","25184607"
"Epic_games","Gaming","24484863","9137341","15347522"
"Unreal_engine","Gaming","11593528","5277934","6315594"
"Grammarly","Web","350932014","123270974","227661040"
"ByteDance","Web","600995761","44688575","556307186"
"TikTok (Musical.ly)","Social Networking","66910522724","1380896313","65529626411"
"Vungle","Web","124886684","5007759","119878925"
"Google APIs","Web","2616754822","1185459296","1431295526"
"Amazon Cognito","Web","19937620","6199509","13738111"
"Unknown virtual protocol","Unclassified","227331003","105730838","121600165"
"Google Messages","Internet Instant Messaging","11975842","3593709","8382133"
"JWPLAYER","Web","613232211","7980666","605251545"
"Acronis Cloud","Web","465305204","282400148","182905056"
"Acronis Backup","File Sharing","2272476565","200777233","2071699332"
"Digicert","Web","6024502","2167654","3856848"
"Intercom","Web","52221035","22356528","29864507"
"SD-WAN Control","SD-WAN","17733873800","9696262901","8037610899"
"SD-WAN Management","SD-WAN","9527060105","4307072986","5219987119"
"TencentMeeting","Business Collaboration","50539088","18116971","32422117"
"eBay.com","Web","13632450","1316285","12316165"
"Internet Message Access Protocol Secure","Email","6019854","889347","5130507"
"Internet Security Association and Key Management Protocol","Tunneling and VPN","209146257","40176570","168969687"
"McAfee Client update","Business Application","7158643","2421419","4737224"
"Real Time Protocol","Business Collaboration","1486624428","780974816","705649612"
"Session Traversal Utilities for NAT","Business Collaboration","987600","445230","542370"
"Yahoo Search","Web","2290018","169858","2120160"
"Secure AIM","Internet Instant Messaging","341958","68266","273692"
"WordPress.com","Social Networking","45744393","1168097","44576296"
"LinkedIn","Social Networking","574108644","29926363","544182281"
"Foursquare.com","Web","947015","331823","615192"
"Baidu.com","Web","4465854","345855","4119999"
"Teredo protocol","Tunneling and VPN","364588","350280","14308"
"Apple Update","Web","10164500","227786","9936714"
"BitDefender Update","Web","1761058","532787","1228271"
"Viber","Real Time Audio/Video","247436145","145414913","102021232"
"Netflix.com","Media","35947281888","304093854","35643188034"
"Salesforce","Business Application","19716578","12647957","7068621"
"SiriusXm.com","Media","6038440","264755","5773685"
"RSS","Web","302638","8624","294014"
"AccuWeather","Web","6734385","1041960","5692425"
"Intuit.com","Business Application","54947","14281","40666"
"SoundCloud","Media","990902967","51209102","939693865"
"Zynga.com","Gaming","6605691","1578506","5027185"
"Limelight Networks CDN","Web","1558909132","23972917","1534936215"
"MiTalk Messenger (Miliao)","Internet Instant Messaging","175098","22748","152350"
"Rakuten.co.jp","Web","530464","89810","440654"
"Google Talk (incl. Hangouts and Allo and Duo)","Real Time Audio/Video","19080964","10277846","8803118"
"Zoho Corporation","Business Application","31536529","14647595","16888934"
"Nokia Here API","Web","1201913","215396","986517"
"Pinterest","Web","168216291","11136366","157079925"
"Google Documents (aka Google Drive)","Storage and Backup","6373994","3258606","3115388"
"Apple Maps","Web","309661","24624","285037"
"Paypal.com","Web","19137642","2236518","16901124"
"BBC","Web","17312462","782780","16529682"
"Kijiji.ca","Web","40633277","3134527","37498750"
"AliExpress.com","Web","615657191","70017424","545639767"
"VnExpress.net","Web","1238445","166252","1072193"
"Zing.vn","Web","590065","314444","275621"
"Amazon Ad System","Web","126994799","29291153","97703646"
"AddThis","Web","22079819","1351797","20728022"
"Turn","Web","2290636","546159","1744477"
"ScorecardResearch","Web","97278037","9261071","88016966"
"Quantcast","Web","13971993","2355559","11616434"
"Telegram","Internet Instant Messaging","421688900","18923142","402765758"
"Candy Crush Saga","Gaming","16870526","8465632","8404894"
"King Digital Entertainment","Gaming","10864476","419416","10445060"
"Oracle","Web","4243508","1161360","3082148"
"Bitstrips","Social Networking","205215094","7766492","197448602"
"TRUSTe","Web","14847507","986529","13860978"
"Criteo","Web","86676264","13312963","73363301"
"Adobe","Business Application","202963543","52635298","150328245"
"Zendesk","Business Collaboration","10915379","1102882","9812497"
"Inneractive","Web","97577070","76279058","21298012"
"Flurry","Business Application","13818528","5425663","8392865"
"InMobi","Web","52480082","20570339","31909743"
"AppsFlyer","Business Application","78064936","12424546","65640390"
"Xiaomi","Web","583961","185405","398556"
"Nielsen","Web","3346083","721535","2624548"
"zalo","Internet Instant Messaging","604274726","207572198","396702528"
"Mixpanel","Web","11838677","7141622","4697055"
"Smart AdServer","Web","27429385","11041797","16387588"
"Cedexis","Web","21762565","2610862","19151703"
"PubMatic","Web","94990426","48400585","46589841"
"Index Exchange (previously Casale Media)","Web","23587463","7326716","16260747"
"LOTAME","Web","8644268","1465506","7178762"
"Rubicon Project","Web","96708183","35941925","60766258"
"AppNexus","Web","196841826","98429991","98411835"
"Rlcdn","Web","7699205","1235674","6463531"
"Ad Safe Protected","Web","96019775","13034528","82985247"
"Scotiabank","Web","18270355","3256440","15013915"
"Atlas Solutions","Web","114938","32573","82365"
"Urbanairship","Web","4883172","1955302","2927870"
"BootstrapCDN","Web","3813965","248117","3565848"
"Apple Music","Media","706848524","11867407","694981117"
"Outbrain","Web","78490035","10008188","68481847"
"LogMeIn","Remote Desktop","1142207","122666","1019541"
"Fastly","Web","4955542","172019","4783523"
"Moat","Web","117963931","29917018","88046913"
"Krux","Web","6865016","707652","6157364"
"Olark","Web","2930495","108842","2821653"
"Optimizely","Web","11211302","1460131","9751171"
"Taboola","Web","139015402","17194565","121820837"
"Mapbox","Web","4875040","344923","4530117"
"Rackspace","Web","1353791542","59341434","1294450108"
"Ensighten","Web","2896198","342153","2554045"
"Smaato","Web","5878137","2608227","3269910"
"Verizon","Web","7109653","4749776","2359877"
"MediaMath","Web","6101874","1848826","4253048"
"jQuery","Web","13325628","598609","12727019"
"Everest Technologies","Web","9762008","3008321","6753687"
"SpotXchange","Web","3723473","873208","2850265"
"Umeng","Web","3821455","2754234","1067221"
"Revcontent","Web","8374078","1422654","6951424"
"Google Photos (formerly Google Picasa)","Web","44975452","37867236","7108216"
"Liftoff","Web","1668361","577517","1090844"
"Younow","Web","65963342","16555624","49407718"
"Bazaarvoice","Web","10281765","1004135","9277630"
"Teads","Web","83966246","4705357","79260889"
"MQ Telemetry Transport","Network Service","5200","2674","2526"
"Adform","Web","21096047","1573653","19522394"
"HyperText Transfer Protocol proxy","Network Service","198112659","15010649","183102010"
"Innovid","Web","252506062","4366666","248139396"
"Wix","Web","45534444","5796066","39738378"
"GIPHY","Web","56015166","1314896","54700270"
"Bidswitch","Web","28353483","8306234","20047249"
"Bugsnag","Web","2186350","926297","1260053"
"Vidyard","Web","735459","46977","688482"
"Apple Game Center","Gaming","8505668","2200629","6305039"
"Tealium","Web","5424865","603116","4821749"
"Flashtalking","Web","8309805","840139","7469666"
"Sharethrough","Web","39267075","13714923","25552152"
"AdColony","Web","15996958","2205605","13791353"
"Yieldmo","Web","15664825","2543306","13121519"
"Google Classroom","Web","123583","24020","99563"
"MGID","Web","6256260","248963","6007297"
"DoubleVerify","Web","73357522","13342663","60014859"
"Walmart","Web","7638104","5509629","2128475"
"Okta","Web","50270206","14134312","36135894"
"PulsePoint","Web","4405673","1413269","2992404"
"Cloudinary","Web","16967789","301237","16666552"
"Google Secure User Plane Location","Web","697108","121530","575578"
"Amplitude","Web","37423743","34332698","3091045"
"Wall Street Journal","Web","3151381","49281","3102100"
"Facebook Lite","Social Networking","20774381","3710049","17064332"
"Apptimize","Web","588876","157346","431530"
"UC Browser","Web","205972","86937","119035"
"Akamai Video","Media","573501","72406","501095"
"Tenor","Web","10578261","1598056","8980205"
"RingCentral","Business Collaboration","315295","19924","295371"
"Google News","Web","4557992","371371","4186621"
"Alibaba Cloud","Web","161885180","2878441","159006739"
"Wish","Web","2921989","150509","2771480"
"Apple News","Web","140658636","4681151","135977485"
"Megaphone","Web","10998175619","159301730","10838873889"
"Unknown virtual protocol","Unclassified","36494177","2211173","34283004"
"Unknown virtual protocol","Unclassified","28001481","4269671","23731810"
"Unknown virtual protocol","Unclassified","605442","57993","547449"
"Google Pay","Web","11569031","2274389","9294642"
"Acast","Real Time Audio/Video","659720710","9189402","650531308"
"Wireguard","Tunneling and VPN","1039866013","121609683","918256330"
"Shopify","Web","168229069","5128199","163100870"
"DoorDash","Web","1188269","571660","616609"
"Houseparty","Real Time Audio/Video","129028","19015","110013"
"Roblox","Gaming","463772561","46144908","417627653"
"Citrix","Web","59105","18324","40781"
"Demandbase","Web","197185","8995","188190"
"KOCHAVA","Web","1762677","478431","1284246"
"Pendo","Web","188239582","15171583","173067999"
"Go Daddy","Web","3211551","316929","2894622"
"Contentful","Web","280639705","51475014","229164691"
"Font Awesome","Web","11219417","769721","10449696"
"BitTorrent","Peer to Peer","552","312","240"
"Dailymotion.com","Media","2129560","187324","1942236"
"Google Earth","Web","38620325","3401161","35219164"
"IPsec (AH and ESP)","Tunneling and VPN","139231420","17534740","121696680"
"Lighweight Directory Access Protocol","Authentication","48955","1635","47320"
"Netbios Name Service","Network Service","1716","1716","0"
"Post Office Protocol (Version 3)","Email","549761","22070","527691"
"Secure POP3","Email","18922","3241","15681"
"QQ","Internet Instant Messaging","331788","92800","238988"
"Remote Authentication Dial-In User Service","Authentication","340430","59081","281349"
"Real Time Control Protocol","Business Collaboration","3666","2640","1026"
"SAP","Business Application","409145","240962","168183"
"Session Initiation Protocol","Business Application","36399","21347","15052"
"Simple Mail Transfer Protocol","Email","12739","3391","9348"
"Simple Mail Transfer Protocol Secure","Email","22456","5365","17091"
"Wikipedia.com","Web","14784724","344524","14440200"
"Wireless Session Protocol","Network Service","99537","59280","40257"
"Yahoo Mail v.2.0","Email","37020672","7980155","29040517"
"Expedia.fr","Web","2543510","1019444","1524066"
"Travelocity.com","Web","7363","955","6408"
"Realtor.com","Web","83014","13243","69771"
"Flickr","Social Networking","27224","2177","25047"
"Deezer","Web","850683","46716","803967"
"Mail.ru Webmail","Email","70675","16682","53993"
"Steampowered.com","Gaming","98923","29361","69562"
"Xbox Live","Gaming","92451014","1428202","91022812"
"Badoo.com","Internet Instant Messaging","49547","1444","48103"
"Last.fm","Media","126624","3746","122878"
"LibraryThing.com","Web","387845","6528","381317"
"ResearchGATE.net","Web","289642","19076","270566"
"Tumblr","Social Networking","301535","18987","282548"
"Vk.com (Vkontakte)","Social Networking","158165","25710","132455"
"Xing.com","Social Networking","16662","2317","14345"
"Yelp.com","Web","1038680","6776","1031904"
"Yandex.ru","Web","2436772","578616","1858156"
"Spotify","Media","474320224","36671228","437648996"
"TeamViewer","Remote Desktop","145535","61599","83936"
"Adobe Flash Plugin Update","Web","256134","17795","238339"
"Firefox Update","Web","55999701","870744","55128957"
"Archive.org","Web","19850749","299704","19551045"
"Debian/Ubuntu Update","Web","527749","38682","489067"
"Opera Update","Web","582740","163334","419406"
"BBC Player","Media","20914237","164915","20749322"
"Box","File Sharing","797755008","727661138","70093870"
"Concur","Business Application","280873","68122","212751"
"Dropbox","Storage and Backup","288910432","250044319","38866113"
"iHeartRADIO","Media","35991088","1494535","34496553"
"MediaFire.com","File Sharing","3920469","85530","3834939"
"Psiphon","Web","272565","124259","148306"
"Portal.TidalTV.com","Web","531170","136751","394419"
"Tokbox.com","Web","525449","13538","511911"
"Tor","Anonymizers and Proxies","5174625","993090","4181535"
"BlackBerry.com","Web","808562","352464","456098"
"Acer","Web","8148","5084","3064"
"Adobe Acrobat DC (Document Cloud)","Web","113174387","831545","112342842"
"Alexa","Web","155821","18888","136933"
"AlJazeera.net","Web","2668582","222759","2445823"
"Blogger","Web","3459081","80296","3378785"
"Capital One","Web","6559866","431911","6127955"
"CNN (Cable News Network)","Web","31316589","2488562","28828027"
"Comcast","Web","44469296","157164","44312132"
"Daily Mail","Web","27559","5762","21797"
"Daum.net","Web","122046","4937","117109"
"Fox News","Web","64542309","2613569","61928740"
"FoxSports.com","Web","680978","101736","579242"
"Monster.com","Web","22443","1093","21350"
"Mozilla.com - Mozilla.org","Web","64060053","7199100","56860953"
"NationalGeographic.com","Web","2252439","7964","2244475"
"Naver Corporation (formerly NHN Corporation)","Web","134959","98374","36585"
"NBA.com","Web","18893","5165","13728"
"Nike.com","Web","1262952","405494","857458"
"NYTimes.com","Web","20683355","363934","20319421"
"Redtube","Web","228777","20158","208619"
"Reuters.com","Web","4482778","47772","4435006"
"Sky","Web","671799","42464","629335"
"Sports Illustrated","Web","7698","665","7033"
"SurveyMonkey.com","Web","108977","14381","94596"
"Univision.com","Web","1596042","40733","1555309"
"Vimeo","Web","367619432","3497788","364121644"
"WashingtonPost.com","Web","16159090","938000","15221090"
"Xbox","Gaming","71978","13835","58143"
"XNXX","Web","458695742","13358112","445337630"
"Xvideos.com","Media","24795","6875","17920"
"Youdao.com","Web","720180","306565","413615"
"Youm7.com","Web","6003","2564","3439"
"QQ WeiBo","Web","13298","6187","7111"
"Apple FaceTime","Real Time Audio/Video","2320291424","1143681470","1176609954"
"Line","Internet Instant Messaging","28506437","17104583","11401854"
"Shazam","Web","23665","7636","16029"
"Nexon.com","Web","82646","23835","58811"
"Amazon Prime Video","Media","32161257","584535","31576722"
"QQ.com","Web","13268204","531330","12736874"
"163.com","Web","2202102","2026520","175582"
"Sohu.com","Web","87721","16250","71471"
"Ifeng.com","Web","18486","16801","1685"
"Alipay","Web","394669","159270","235399"
"360.cn","Web","2394","1918","476"
"Alibaba.com","Web","2082928","551047","1531881"
"Datagram Transport Layer Security","Tunneling and VPN","529253179","145991740","383261439"
"ISO Base Media File Format","Real Time Audio/Video","305485111","1614360","303870751"
"KIK Messenger","Internet Instant Messaging","32156","2079","30077"
"WeChat","Internet Instant Messaging","965611133","29272953","936338180"
"QQ Games","Gaming","379218","272893","106325"
"QQ News","Web","34113","27471","6642"
"Tencent.com","Internet Instant Messaging","9713","6289","3424"
"Pornhub","Web","5164091","163882","5000209"
"Speedtest","File Sharing","368336308","100969802","267366506"
"ESPN.go.com","Web","21635915","1366513","20269402"
"BuzzFeed.com","Web","139054","68198","70856"
"Internet Movie Database","Web","17772390","462320","17310070"
"Imgur.com","Storage and Backup","39438129","656671","38781458"
"xHamster.com","Web","38910060","2228150","36681910"
"Evernote","Web","15922","5742","10180"
"WebSocket","Network Service","392510","72864","319646"
"Bet365.com","Web","480098","119965","360133"
"Mendeley.com","File Sharing","534920","183195","351725"
"Saavn Bollywood Music","Media","1366203","122351","1243852"
"Softonic.com","Web","180175842","1195495","178980347"
"ElPais.com","Web","39006","8924","30082"
"Apple HTTP Live Streaming","Real Time Audio/Video","37444870","155361","37289509"
"craigslist","Web","1063853","72224","991629"
"Indiatimes","Web","60029","11338","48691"
"Background Intelligent Transfer Service","File Sharing","63582737","2691232","60891505"
"Seznam.cz","Web","62777","2448","60329"
"Hotspot Shield","Tunneling and VPN","3135995","74093","3061902"
"Conviva","Infrastructure","1498790","775733","723057"
"EdgeCast Networks CDN","Infrastructure","46031","5239","40792"
"Wp.pl","Web","18322","4512","13810"
"Maannews.net","Web","206638","8081","198557"
"Perfect Dark","Peer to Peer","7664","1336","6328"
"Top.channel","Web","2210195","118334","2091861"
"Fox Business Network","Web","35004","6600","28404"
"News","Web","1222357","58395","1163962"
"Aol","Web","4680479","176522","4503957"
"Gameloft Games","Gaming","48918","12986","35932"
"Yadro","Web","13890","4977","8913"
"Subway Surfers","Gaming","1331","535","796"
"Rovio Entertainment","Gaming","2303716","1353793","949923"
"Waze Social GPS Maps & Traffic","Web","8470","2171","6299"
"Huffington Post","Web","1119267","22275","1096992"
"Symantec","Web","866698","152957","713741"
"Plants vs Zombies","Gaming","32549","25676","6873"
"OpenStreetMap","Infrastructure","576660","31492","545168"
"Videoplaza","Web","102680","24406","78274"
"Brightcove","Media","86902439","6028307","80874132"
"Plenty Of Fish","Web","919413","227060","692353"
"Twitch","Media","455780","136186","319594"
"BoldChat Live Chat","Internet Instant Messaging","671136","211297","459839"
"FreeWheel","Web","1724085","206896","1517189"
"Turner","Web","1185409","42421","1142988"
"Stickyads","Web","22382029","4198896","18183133"
"battlenet","Gaming","1735065","1415074","319991"
"Taobao Ad Network and Exchange","Web","8387","3309","5078"
"Hootsuite","Web","34605","1565","33040"
"Amazon Cloud Drive","Web","2037314","14267","2023047"
"Lazada","Web","1245130","29379","1215751"
"Gettyimages","Web","11490846","203828","11287018"
"Google Calendar","Web","15032887","5546565","9486322"
"Theladbible","Web","195262","11118","184144"
"Safaricom","Web","167975","42177","125798"
"Flipboard","Web","792766","147711","645055"
"Traffic Junky","Web","5234","426","4808"
"quic","Network Service","31262164","11296874","19965290"
"I2P Invisible Internet Project","Tunneling and VPN","55490","9316","46174"
"OpenX","Web","5882386","1566762","4315624"
"CPMSTAR","Web","231561","42819","188742"
"ADTECH","Web","456033","28858","427175"
"Sizmek (previously MediaMind)","Web","101314104","1735095","99579009"
"AOL One","Web","3582993","194754","3388239"
"Australian Broadcasting Corporation","Web","19170","3675","15495"
"Realestate","Web","246472","35625","210847"
"Constant Contact","Web","268811","22893","245918"
"GitHub","Web","177253285","2357677","174895608"
"Internet.org","Web","62304","13535","48769"
"Advertising.com","Web","1367452","334176","1033276"
"My.com","Web","232642","84755","147887"
"Bizographics","Web","31662","9012","22650"
"Aptoide","Web","893205570","16556989","876648581"
"Splunk","Web","3919","2271","1648"
"CBS Video","Web","742888","205195","537693"
"Unruly","Web","3064269","1625151","1439118"
"Disney Channel","Web","1604874","66946","1537928"
"Rogers TV","Web","27172743","906410","26266333"
"UpLynk","Web","4522942633","6866739","4516075894"
"NBC","Web","10517854","659851","9858003"
"Localytics","Web","2662454","238121","2424333"
"MoPub","Web","323913","115755","208158"
"Microsoft Translator (Bing Translator)","Web","26036","4168","21868"
"Perform","Web","5317342","102599","5214743"
"Periscope","Media","265073","26717","238356"
"Microsoft Office OneNote (Office 365)","Business Application","2710243","1901001","809242"
"Liveperson","Web","5758120","293169","5464951"
"Zopim","Web","1629492","118547","1510945"
"Google Code","Web","8229","1303","6926"
"Signal","Web","259598","43659","215939"
"LiveChat","Web","2011498","140681","1870817"
"Riffsy (Tenor.co)","Web","7471795","116871","7354924"
"Tune","Web","15783","3677","12106"
"Braintree","Web","824102","170658","653444"
"QINIU","Web","3003599","136415","2867184"
"LKQD","Web","368515","74381","294134"
"TubeMogul","Web","645473","125913","519560"
"Bleacher Report","Web","26154426","255501","25898925"
"MobFox","Web","21305","4158","17147"
"Baidu Maps","Web","49917","8767","41150"
"Uber (formerly UberCab)","Web","6338094","1138098","5199996"
"QQVideo","Web","6738","3220","3518"
"Slack","Web","183431","66217","117214"
"ICY (I Can Yell)","Media","81352758","6709052","74643706"
"Conversant","Web","3059217","1059091","2000126"
"Clicktale","Web","1703675","847449","856226"
"Adk2","Web","108849","7036","101813"
"Pokemon GO","Gaming","48068370","2309798","45758572"
"CDNetworks","Infrastructure","4961976","186706","4775270"
"Weborama","Web","189893","38014","151879"
"Highwinds","Web","101955","4226","97729"
"StackExchange","Web","3417382","115161","3302221"
"StackOverflow","Web","650631","18303","632328"
"Tinder","Web","131254","79125","52129"
"Uwi","Web","1599574","26785","1572789"
"Shutterstock","Web","2120591","600722","1519869"
"Ubuntu","Web","111812547","1966554","109845993"
"Heroku","Web","9701123","809083","8892040"
"IMO Video Calling Application","Media","40482524","18813020","21669504"
"Hola","Web","14918","3280","11638"
"Clash of Clans","Gaming","115968818","2401401","113567417"
"Supercell","Gaming","47185231","732242","46452989"
"Amazon Music","Media","29152531","1683185","27469346"
"Microsoft Word Online (Office 365)","Business Collaboration","32812373","6216302","26596071"
"Signal Private Messenger (Open Whisper Systems)","Internet Instant Messaging","199553727","101076108","98477619"
"Tidal","Media","74261650","1481825","72779825"
"StreamRail","Media","398813","38290","360523"
"ADventori","Web","111651","25469","86182"
"Audible","Real Time Audio/Video","402305","46504","355801"
"Samsung Update","Web","313261364","1996708","311264656"
"Huawei","Web","4116133","1397248","2718885"
"Livescore","Web","775067","50577","724490"
"Savefrom","Web","149997","4356","145641"
"MaxCDN","Web","127193","36974","90219"
"Media Innovation Group","Web","975493","281448","694045"
"Booking.com","Web","8802892","625683","8177209"
"Avast","Web","126754042","69089796","57664246"
"DocuSign","Web","5586","564","5022"
"Automatic Data Processing (ADP)","Web","1138068","27293","1110775"
"eXelate","Web","1631888","446113","1185775"
"Autodesk Fusion 360","Tunneling and VPN","11001","1475","9526"
"Sonobi","Web","8610603","3547575","5063028"
"Optus","Web","65843","3166","62677"
"Gfycat","Web","2608899","7361","2601538"
"T-Mobile","Web","37708","6254","31454"
"Pornhub NETWORK","Web","18792056","393784","18398272"
"ChinaNetCenter ","Web","27342","8762","18580"
"Niantic, Inc","Web","289589","42751","246838"
"Clash Royale","Gaming","7937458","330134","7607324"
"Origin","Web","551635","17110","534525"
"Instructure","Web","275184","13911","261273"
"Mail.com","Email","492747","127151","365596"
"United Internet","Web","58515","17428","41087"
"shopee.tw","Web","4135575","115146","4020429"
"Electronic Arts","Web","27376144","1336726","26039418"
"Digioh","Web","159716","6026","153690"
"Mediascope","Web","9592","2038","7554"
"Domain Name Service Crypt","Network Service","360158","193570","166588"
"Adtelligent","Web","1715192","417932","1297260"
"Youtube Music","Media","127511","6979","120532"
"Splunk Cloud","Storage and Backup","3411006","2836563","574443"
"Fox Networks","Web","12996705","284142","12712563"
"9GAG","File Sharing","54794023","773856","54020167"
"Text Me","Internet Instant Messaging","158326","34962","123364"
"Disqus","Web","21718407","1381450","20336957"
"IBM","Web","132366","24333","108033"
"Microsoft AD Right Management Service","Business Application","287711","212725","74986"
"Simpli.fi","Web","1485860","360100","1125760"
"Barracuda Networks","Web","6669","1328","5341"
"PlayerUnknown's BattleGrounds","Gaming","23434374","999750","22434624"
"Visual IQ","Web","221551","85766","135785"
"Alibaba Group","Web","761021","113483","647538"
"League of Legends","Gaming","26274","4743","21531"
"Discord","Internet Instant Messaging","4557741","417192","4140549"
"Discourse","Web","1942309","87053","1855256"
"ExpressVPN","Tunneling and VPN","433878","63403","370475"
"TechRadar","Web","684195","24069","660126"
"Future_plc","Web","2188027","57384","2130643"
"Monday.com","Web","12540840","750321","11790519"
"Google Play Books","Web","972669","146314","826355"
"ProtonMail","Email","413265","72385","340880"
"Minecraft","Gaming","37057","10815","26242"
"Warner Bros. Interactive Entertainment","Gaming","23783","9463","14320"
"WorkspaceOne","Web","92293","26987","65306"
"Grab - Transport, Food Delivery, Payments","Web","1296264","926297","369967"
"iBooks","Web","519362","104093","415269"
"Fandom","Web","45202","4655","40547"
"Google GSuite","Web","3971602","996217","2975385"
"AnonyTun","Tunneling and VPN","306359","128493","177866"
"Codepen","Web","4938","801","4137"
"OpenSignal","Web","66758","51586","15172"
"TripAdvisor","Web","37398599","3335833","34062766"
"Moodle","Social Networking","40246419","937027","39309392"
"Gcash","Web","239535","25647","213888"
"Mynt","Web","250663","68096","182567"
"PubNub","Web","566633","192765","373868"
"Unknown virtual protocol","Unclassified","8496185496","83643866","8412541630"
"Unknown virtual protocol","Unclassified","7495363","1399508","6095855"
"NetEase","Web","71315","7347","63968"
"Unknown virtual protocol","Unclassified","182948","130465","52483"
"Unknown virtual protocol","Unclassified","65821","9908","55913"
"Unknown virtual protocol","Unclassified","39307887","617746","38690141"
"Google Blog","Web","15907","1809","14098"
"Bumble","Web","619970","13179","606791"
"Qwant","Web","56461","1579","54882"
"National Public Radio","Web","15193436","201021","14992415"
"Firework","Internet Instant Messaging","395746","65432","330314"
"Banggood","Web","24148085","4989909","19158176"
"Bigo","Web","28146049","685681","27460368"
"BAMTech","Real Time Audio/Video","7534415","2557300","4977115"
"Disney Plus","Real Time Audio/Video","1755326144","19195642","1736130502"
"Agora","Network Service","8037","6275","1762"
"Quora","Social Networking","1717572","222953","1494619"
"Toutiao","Web","279574","8769","270805"
"Xigua Video","Real Time Audio/Video","14335443","72382","14263061"
"Airbnb","Web","3492559","257292","3235267"
"Zhenai","Web","5939","3130","2809"
"Wangwang","Internet Instant Messaging","3993688","1508491","2485197"
"Browsec VPN","Tunneling and VPN","6111668476","188208458","5923460018"
"Advanced Hosting","Web","178728495","1495536","177232959"
"LocationIQ","Web","41808","3164","38644"
"StackPath","Web","1385224","62265","1322959"
"Ximalaya","Real Time Audio/Video","1590354","418056","1172298"
"Uber Eats","Web","651635","90885","560750"
"Likee","Internet Instant Messaging","3315962","909402","2406560"
"Digital Turbine","Web","22291927","456865","21835062"
"Pluto TV","Real Time Audio/Video","8764198","243718","8520480"
"Sift Science","Web","176890","45877","131013"
"Amazon Alexa Assistant","Business Collaboration","715330","190549","524781"
"Spotify Audio","Real Time Audio/Video","614815189","3841184","610974005"
"Yubo","Internet Instant Messaging","606381","15745","590636"
"Connatix","Real Time Audio/Video","100813987","3263608","97550379"
"Minute Media","Web","15661582","155902","15505680"
"UserReport","Web","1824612","374296","1450316"
"Xbox Cloud Gaming","Gaming","35950","8516","27434"
"Coursera","Web","12401","6636","5765"
"The Blaze","Web","186786","5351","181435"
"Hotels.com","Web","431314","9890","421424"
"Indeed","Web","2967828","485546","2482282"
"NHL.com","Web","89749014","2979233","86769781"
"Official Major League Baseball","Web","363781830","1337777","362444053"
"TIME","Web","73243","3098","70145"
"TMZ","Web","3393060","93705","3299355"
"OnlyFans","Web","561328","234405","326923"
"Call of Duty Mobile","Gaming","681075","261829","419246"
"The Walt Disney Company","Web","19624","8414","11210"
"Wired","Web","257038","27670","229368"
"Kickstarter","Web","519854195","7851815","512002380"
"FedEx","Web","16478310","1080884","15397426"
"Kayak","Web","11568031","975121","10592910"
"Eventbrite","Web","1799110","32601","1766509"
"G-Core Labs","Web","133435","7156","126279"
"WarnerMedia","Web","69383503","764114","68619389"
"Bilibili","Web","19588","4386","15202"
"Datadog","Web","883821","617648","266173"
"Unknown virtual protocol","Unclassified","117927","63571","54356"
"ShoreTel","Business Collaboration","158172","123760","34412"
