"Application","Category","Total Bytes","Bytes Received","Bytes Sent"
"Dailymotion.com","Media","415636888","13084054","402552834"
"Domain Name Service","Network Service","1606829834","780703533","826126301"
"Google Mail","Email","1383591520","151419471","1232172049"
"Google Search","Web","468387506","75023237","393364269"
"HyperText Transfer Protocol","Web","4188620483","527013262","3661607221"
"HyperText Transfer Protocol Secure","Web","19079537166","1094822823","17984714343"
"Internet Control Message Protocol","Network Service","4299385202","2579203616","1720181586"
"Internet Message Access Protocol version 4","Email","113399893","40892296","72507597"
"Internet Message Access Protocol Secure","Email","13165294","2155542","11009752"
"Internet Protocol","Network Service","0","0","0"
"XMPP Protocol (Jabber)","Business Collaboration","63175673","3318940","59856733"
"McAfee Client update","Business Application","43440170","2771422","40668748"
"Session Initiation Protocol","Business Application","858120","426454","431666"
"Skype and Teams","Business Collaboration","116315795","14726986","101588809"
"Simple Object Access Protocol","Network Service","1088216105","505329070","582887035"
"Secure Socket Layer","Tunneling and VPN","26755582889","3790911945","22964670944"
"Session Traversal Utilities for NAT","Business Collaboration","157684513","71154446","86530067"
"Transmission Control Protocol","Other TCP/UDP","1163232465","418648242","744584223"
"User Datagram Protocol","Other TCP/UDP","185112455676","16329337446","168783118230"
"Yahoo Mail v.2.0","Email","58026904","10705776","47321128"
"Youtube.com","Media","26113871118","1341080097","24772791021"
"Facebook","Social Networking","203367422853","5418374613","197949048240"
"Google Ads","Web","2225320007","492053676","1733266331"
"Apple Generic Services","Web","8378493229","604687470","7773805759"
"Online Certificate Status Protocol","Business Application","15463025","6017917","9445108"
"Twitter","Social Networking","5642378795","205049084","5437329711"
"iTunes","Media","1913915146","143634942","1770280204"
"Spotify","Media","1847538121","185301510","1662236611"
"Bing.com (formerly MSN Search)","Web","189780274","33312762","156467512"
"Windows Update","Web","1573365952","149974693","1423391259"
"Chrome Update","Web","204275306","13802215","190473091"
"Opera Update","Web","3116862","911260","2205602"
"Netflix.com","Media","50045161195","1017526363","49027634832"
"Google Analytics,Google Marketing Platform","Web","372335407","82735017","289600390"
"Google GStatic","Web","1975282009","149165235","1826116774"
"Dropbox","Storage and Backup","4998271030","2138534884","2859736146"
"Portal.TidalTV.com","Web","1155234","317627","837607"
"Google Generic","Web","903215103","154195699","749019404"
"Adobe Acrobat DC (Document Cloud)","Web","1648438","513923","1134515"
"Amazon Generic Services","Web","4029691089","1365814469","2663876620"
"Intuit.com","Business Application","14745063","3694345","11050718"
"Weather.com","Web","29540993","4376715","25164278"
"WhatsApp Messenger","Internet Instant Messaging","5215002065","1639312509","3575689556"
"Google App Engine","Business Application","47604618","8850105","38754513"
"Apple App Store","Web","8518478668","235101930","8283376738"
"Windows Marketplace","Web","511488452","40342822","471145630"
"Apple Push Notification Service","Web","306858699","206172762","100685937"
"iOS over-the-air (OTA) update","Web","4631680035","145506714","4486173321"
"Samsung Apps","Web","302084045","18609746","283474299"
"Google Play Store","Media","1075594390","187163172","888431218"
"iCloud (Apple)","Storage and Backup","2575483435","1221186947","1354296488"
"Instagram","Web","54757680299","2020993450","52736686849"
"Amazon Web Services/Cloudfront CDN","Infrastructure","6316647300","2482934307","3833712993"
"Akamai Technologies CDN","Web","10795943034","153123161","10642819873"
"Microsoft Azure (previously Windows Azure)","Infrastructure","333563345","14143473","319419872"
"Yahoo.com","Web","767809330","118312333","649496997"
"CloudFlare CDN","Infrastructure","12254827399","425372060","11829455339"
"Microsoft Office 365","Business Collaboration","725847722","73401591","652446131"
"Zoho Corporation","Business Application","252874559","176627484","76247075"
"Pinterest","Web","601607583","28761732","572845851"
"Microsoft Outlook (Office 365)","Business Application","737068096","182334089","554734007"
"Reddit.com","Web","1214765818","34821030","1179944788"
"Apple SIRI","Web","90124376","65176964","24947412"
"Kijiji.ca","Web","149854520","13147566","136706954"
"Google Accounts","Web","103341641","23983220","79358421"
"Amazon Ad System","Web","270746800","62236274","208510526"
"Snapchat","Social Networking","13253561104","832950862","12420610242"
"Turn","Web","3648545","935598","2712947"
"ScorecardResearch","Web","21883408","5938001","15945407"
"Quantcast","Web","13637737","2573354","11064383"
"Oracle","Web","7995276","2084599","5910677"
"Bitstrips","Social Networking","182992922","7947709","175045213"
"Criteo","Web","138373935","17704159","120669776"
"Adobe","Business Application","1048051265","65982504","982068761"
"Google Safe Browsing","Web","18103728","6029834","12073894"
"Inneractive","Web","278301871","197294813","81007058"
"Flurry","Business Application","89522678","13228899","76293779"
"Samsung","Web","291803888","105502134","186301754"
"Crashlytics","Web","46218663","5594635","40624028"
"Facebook Messenger","Internet Instant Messaging","6703378021","2448332128","4255045893"
"InMobi","Web","104531298","33671229","70860069"
"AppsFlyer","Business Application","73119278","23221532","49897746"
"Gravatar","Business Collaboration","925912","111790","814122"
"Stickyads","Web","22677532","7768631","14908901"
"battlenet","Gaming","304208496","10027533","294180963"
"Smart AdServer","Web","57905300","22869593","35035707"
"Google Cloud Storage","Web","2039820183","1858283612","181536571"
"Google Cloud Messaging","Web","159176104","40637860","118538244"
"Apple Location","Web","1281282848","167455400","1113827448"
"OpenX","Web","10577415","3291086","7286329"
"PubMatic","Web","95024117","47312308","47711809"
"Index Exchange (previously Casale Media)","Web","31578895","10783696","20795199"
"Rubicon Project","Web","112232750","38244044","73988706"
"AppNexus","Web","293239871","165233617","128006254"
"Rlcdn","Web","10120015","2151158","7968857"
"HyperText Transfer Protocol version 2","Web","3950535428","750561648","3199973780"
"Advertising.com","Web","1510413","403500","1106913"
"Google Tag Manager","Web","237310143","23723404","213586739"
"Facebook Embedded Video","Media","22778030493","309397496","22468632997"
"Ad Safe Protected","Web","115924647","19867950","96056697"
"Adjust.com","Web","35817992","17873353","17944639"
"Urbanairship","Web","2641151","710490","1930661"
"Outbrain","Web","79907304","15154608","64752696"
"Applovin","Web","2729942253","787441573","1942500680"
"Android connectivity Manager","Network Service","17395298","8674504","8720794"
"Moat","Web","142840716","39494417","103346299"
"Heap","Web","52390629","24282712","28107917"
"Branch Metrics","Web","120534909","9851696","110683213"
"Taboola","Web","199611470","24277001","175334469"
"Smaato","Web","23361795","9316004","14045791"
"MediaMath","Web","7774309","2727413","5046896"
"Everest Technologies","Web","11407527","3639694","7767833"
"SpotXchange","Web","4170919","1457987","2712932"
"Microsoft","Web","2511743262","505108603","2006634659"
"New Relic","Web","40843630","24029693","16813937"
"Liftoff","Web","2921490","1072027","1849463"
"Uber (formerly UberCab)","Web","3479719025","2076241720","1403477305"
"Adform","Web","25302178","2878743","22423435"
"ZoomMeetings","Business Collaboration","638537414","20745207","617792207"
"HyperText Transfer Protocol proxy","Network Service","59165326","13465269","45700057"
"GIPHY","Web","208599949","5363814","203236135"
"Firebase Cloud Messaging","Web","571012005","256853872","314158133"
"Bidswitch","Web","18268377","7295133","10973244"
"Bugsnag","Web","8603098","6326130","2276968"
"Apple Game Center","Gaming","24810415","6890629","17919786"
"Flashtalking","Web","24966519","3323931","21642588"
"Sharethrough","Web","36623853","13363483","23260370"
"AdColony","Web","27384207","9412544","17971663"
"Yieldmo","Web","14818328","2327506","12490822"
"DoubleVerify","Web","93749664","18714110","75035554"
"Media Innovation Group","Web","2449628","695315","1754313"
"PulsePoint","Web","4654811","1641044","3013767"
"Google Secure User Plane Location","Web","3204918","488349","2716569"
"Amplitude","Web","41398802","35707431","5691371"
"Akamai Video","Media","1005380","196026","809354"
"Tenor","Web","24219550","2230472","21989078"
"Cisco","Web","5189975","1995314","3194661"
"ByteDance","Web","897697529","151737840","745959689"
"TikTok (Musical.ly)","Social Networking","165249117766","5431717423","159817400343"
"Google APIs","Web","2381490365","784849271","1596641094"
"Amazon Cognito","Web","21961587","7466265","14495322"
"Unknown virtual protocol","Unclassified","1941620829","77816854","1863803975"
"Unknown virtual protocol","Unclassified","431151654","146647772","284503882"
"Google Pay","Web","14594311","3862745","10731566"
"Google Messages","Internet Instant Messaging","66335055","23529808","42805247"
"KOCHAVA","Web","2444981","632969","1812012"
"Spotify Audio","Real Time Audio/Video","2675190335","59118347","2616071988"
"Go Daddy","Web","2334163","112149","2222014"
"Digicert","Web","55877410","2926384","52951026"
"Font Awesome","Web","12181039","1148600","11032439"
"Intercom","Web","113594979","47496185","66098794"
"SD-WAN Control","SD-WAN","33164096544","17846996157","15317100387"
"SD-WAN Management","SD-WAN","4150081341","1759744489","2390336852"
"TencentMeeting","Business Collaboration","73482743","24808504","48674239"
"Google Maps","Web","50809629","5329101","45480528"
"Network Time Protocol","Network Service","836669","417482","419187"
"Wikipedia.com","Web","35841832","1568458","34273374"
"Yahoo Search","Web","2900272","213774","2686498"
"Windows Live Hotmail","Email","82606378","13076601","69529777"
"Secure AIM","Internet Instant Messaging","349957","63319","286638"
"LinkedIn","Social Networking","90430471","6402624","84027847"
"Mail.ru Webmail","Email","359751","108962","250789"
"Steampowered.com","Gaming","45363402","914565","44448837"
"Tumblr","Social Networking","3886362","13913","3872449"
"Yandex.ru","Web","10636295","2951482","7684813"
"Baidu.com","Web","3761653","263242","3498411"
"Viber","Real Time Audio/Video","92167985","28206063","63961922"
"iHeartRADIO","Media","1759528","408575","1350953"
"Psiphon","Web","654177","217407","436770"
"YouKu","Media","503572","453934","49638"
"Zoho CRM","Business Application","26807","7952","18855"
"WebEx","Business Collaboration","151513","19923","131590"
"AccuWeather","Web","68458085","9900078","58558007"
"Daum.net","Web","111491","5197","106294"
"Naver Corporation (formerly NHN Corporation)","Web","171592","38881","132711"
"Vimeo","Web","1591257568","54572415","1536685153"
"Taobao","Web","23778202","2643755","21134447"
"Apple FaceTime","Real Time Audio/Video","590575174","222683419","367891755"
"Shazam","Web","5005020","441464","4563556"
"Amazon Prime Video","Media","108659553","21102142","87557411"
"Alibaba.com","Web","2512143","648207","1863936"
"MiTalk Messenger (Miliao)","Internet Instant Messaging","7481236","548839","6932397"
"Rakuten.co.jp","Web","1149319","119445","1029874"
"Google Talk (incl. Hangouts and Allo and Duo)","Real Time Audio/Video","7375791","3117615","4258176"
"Google Documents (aka Google Drive)","Storage and Backup","135824220","30775859","105048361"
"Apple Maps","Web","11941473","487259","11454214"
"Seznam.cz","Web","65473","2656","62817"
"AliExpress.com","Web","79284859","4178025","75106834"
"Aol","Web","991756","196293","795463"
"Gameloft Games","Gaming","41978713","3648766","38329947"
"AddThis","Web","20038159","1706142","18332017"
"Telegram","Internet Instant Messaging","6319297389","73309926","6245987463"
"Candy Crush Saga","Gaming","7393096","2993780","4399316"
"King Digital Entertainment","Gaming","8394646","3235288","5159358"
"Waze Social GPS Maps & Traffic","Web","5973355","397836","5575519"
"TRUSTe","Web","26646620","2359597","24287023"
"Zendesk","Business Collaboration","47289097","1035498","46253599"
"Brightcove","Media","53895666","2134349","51761317"
"Xiaomi","Web","20567076","3011366","17555710"
"Nielsen","Web","4626889","914479","3712410"
"Mixpanel","Web","7587594","5003860","2583734"
"Google Calendar","Web","18658486","5824093","12834393"
"Flipboard","Web","1185970","199879","986091"
"LOTAME","Web","10115178","1880537","8234641"
"Helpshift","Web","2054662","532906","1521756"
"Atlas Solutions","Web","203135","54439","148696"
"BootstrapCDN","Web","3762212","311984","3450228"
"Fastly","Web","2349566","166147","2183419"
"Unruly","Web","5868536","3270963","2597573"
"MoPub","Web","430296","136729","293567"
"Krux","Web","32751703","3181775","29569928"
"Optimizely","Web","12017977","2777809","9240168"
"Zopim","Web","1357519","266752","1090767"
"Rollout","Web","827283","236230","591053"
"Rackspace","Web","1686984187","162847034","1524137153"
"Signal","Web","378378","64356","314022"
"Ensighten","Web","5235688","532891","4702797"
"Verizon","Web","24624938","14036664","10588274"
"jQuery","Web","13667371","836046","12831325"
"Microsoft OneDrive","Web","378924157","26714252","352209905"
"Revcontent","Web","6074801","998228","5076573"
"Conversant","Web","4095199","1456368","2638831"
"Bazaarvoice","Web","10547946","1604825","8943121"
"Teads","Web","12865009","2654706","10210303"
"hotjar","Web","40614489","10458075","30156414"
"Pokemon GO","Gaming","412179916","26934660","385245256"
"Innovid","Web","487064875","14125867","472939008"
"Amazon Music","Media","2292990","440720","1852270"
"StreamRail","Media","339363","133525","205838"
"Tealium","Web","8121559","912140","7209419"
"Huawei","Web","16059551","5806666","10252885"
"MGID","Web","2654332","277276","2377056"
"Booking.com","Web","125059146","9245071","115814075"
"Avast","Web","8355893","929180","7426713"
"Okta","Web","61679618","19443509","42236109"
"eXelate","Web","1693770","472682","1221088"
"Sonobi","Web","5824778","2505995","3318783"
"Cloudinary","Web","4076487","173086","3903401"
"Google Cloud Platform","Web","19691315","4974727","14716588"
"Microsoft teams","Internet Instant Messaging","2315535448","794022897","1521512551"
"Adtelligent","Web","46617091","25438046","21179045"
"IronSource","Business Application","293609998","29576724","264033274"
"Disqus","Web","16183857","1359422","14824435"
"Simpli.fi","Web","4035391","659208","3376183"
"RingCentral","Business Collaboration","914681","392453","522228"
"Visual IQ","Web","285008","104547","180461"
"Alibaba Group","Web","607034","122654","484380"
"Alibaba Cloud","Web","42455336","8736839","33718497"
"Discord","Internet Instant Messaging","200727347","4139416","196587931"
"Apple News","Web","224096565","12506307","211590258"
"Vungle","Web","238737702","13536234","225201468"
"PubNub","Web","46544","19787","26757"
"Unknown virtual protocol","Unclassified","18370431","660311","17710120"
"Unknown virtual protocol","Unclassified","33528071","8614084","24913987"
"Unknown virtual protocol","Unclassified","20552223","18596488","1955735"
"Qwant","Web","2636907","104784","2532123"
"Firework","Internet Instant Messaging","339480","57490","281990"
"JWPLAYER","Web","452867698","9862978","443004720"
"BAMTech","Real Time Audio/Video","37578368","19384982","18193386"
"Disney Plus","Real Time Audio/Video","3343614254","40558466","3303055788"
"Toutiao","Web","236749","29707","207042"
"Shopify","Web","71699977","3448132","68251845"
"DoorDash","Web","99227217","71259721","27967496"
"Sift Science","Web","539027","146292","392735"
"UserReport","Web","761346","112280","649066"
"Contentful","Web","824064619","22111254","801953365"
"Indeed","Web","26027904","8243713","17784191"
"BitTorrent","Peer to Peer","259935","19756","240179"
"eBay.com","Web","33881213","3486296","30394917"
"Gnutella","Peer to Peer","1827","0","1827"
"Google Earth","Web","14892620","451071","14441549"
"GPRS Tunneling Protocol","Tunneling and VPN","8248","8248","0"
"Internet Security Association and Key Management Protocol","Tunneling and VPN","42204114","16958198","25245916"
"Kerberos","Authentication","25461522","224273","25237249"
"Lighweight Directory Access Protocol","Authentication","436389","18939","417450"
"Lighweight Directory Access Protocol Secure","Authentication","3246","1810","1436"
"MySpace.com","Social Networking","7389","1320","6069"
"Post Office Protocol (Version 3)","Email","75512","9140","66372"
"Secure POP3","Email","95435","18554","76881"
"QQ","Internet Instant Messaging","35621","12841","22780"
"Real Time Control Protocol","Business Collaboration","12636247","10688166","1948081"
"Real Time Protocol","Business Collaboration","4784173642","1498686279","3285487363"
"SAP","Business Application","85195","24634","60561"
"ShoutCast","Media","1366065","47233","1318832"
"Simple Mail Transfer Protocol","Email","642967","504540","138427"
"Simple Mail Transfer Protocol Secure","Email","133451","103490","29961"
"Wireless Session Protocol","Network Service","98226","59648","38578"
"Wireless Transaction Protocol","Network Service","3897","3042","855"
"MPEG-Transport Stream","Real Time Audio/Video","96373226","988471","95384755"
"Expedia.fr","Web","2061135","439496","1621639"
"Travelocity.com","Web","15585","2288","13297"
"Realtor.com","Web","9584","1145","8439"
"WordPress.com","Social Networking","17345684","564711","16780973"
"Flickr","Social Networking","102500","5058","97442"
"Deezer","Web","3709655","445322","3264333"
"World of Warcraft","Gaming","3351613","122295","3229318"
"Xbox Live","Gaming","69695997","2662960","67033037"
"Badoo.com","Internet Instant Messaging","33824402","3299139","30525263"
"Foursquare.com","Web","832188","257831","574357"
"Goodreads.com","Web","12062002","4379426","7682576"
"Last.fm","Media","135120","5065","130055"
"MyAnimeList.net","Web","1424623","44804","1379819"
"Odnoklassniki.ru","Social Networking","62332","5326","57006"
"ResearchGATE.net","Web","201273","6766","194507"
"Vk.com (Vkontakte)","Social Networking","1273295","46457","1226838"
"Yelp.com","Web","1668725","68840","1599885"
"Adobe Flash Plugin Update","Web","18842","4843","13999"
"Teredo protocol","Tunneling and VPN","27254","11852","15402"
"Firefox Update","Web","29524","6818","22706"
"Java Update","Web","28747","3162","25585"
"Inter Asterisk eXchange","Real Time Audio/Video","17052713","1940589","15112124"
"BitDefender Update","Web","54391845","4143036","50248809"
"Symantec Norton AntiVirus Updates","Web","901225","18551","882674"
"Playstation Network","Gaming","102168","24758","77410"
"GPRS Tunneling Protocol version 2","Tunneling and VPN","640623","430546","210077"
"Box","File Sharing","13284","2244","11040"
"Concur","Business Application","12953132","5154442","7798690"
"Google Translate","Web","2165865","373806","1792059"
"Salesforce","Business Application","11183912","2199525","8984387"
"SiriusXm.com","Media","21348","1437","19911"
"Bloomberg.com","Web","973229","188312","784917"
"RSS","Web","37374","1201","36173"
"BlackBerry.com","Web","999650","407656","591994"
"01net.com","Web","1993230","88968","1904262"
"ABCNews","Web","889967","26683","863284"
"Acer","Web","1046","132","914"
"Alexa","Web","74545","11446","63099"
"AlJazeera.net","Web","6972586","1185854","5786732"
"AmericanExpress","Web","5804005","3304930","2499075"
"Blogger","Web","2313736","102078","2211658"
"Capital One","Web","25989604","1917606","24071998"
"CDiscount","Web","1132650","306263","826387"
"Cnet.com","Web","46184","2259","43925"
"CNN (Cable News Network)","Web","49058501","5834624","43223877"
"Comcast","Web","12513849","3392886","9120963"
"Daily Mail","Web","16003700","894725","15108975"
"Fox News","Web","504252","40805","463447"
"HowStuffWorks.com","Web","27367","4227","23140"
"IKEA.com","Web","2085028","84065","2000963"
"Kaspersky.com","Web","14708","3829","10879"
"Mozilla.com - Mozilla.org","Web","10653629","1763022","8890607"
"Nike.com","Web","81132521","12432618","68699903"
"PlayStation.com","Web","206181769","22589709","183592060"
"Reverso.net","Web","2348253","77042","2271211"
"RTL Group","Web","5087384","287666","4799718"
"Sports Illustrated","Web","334244","13117","321127"
"Xbox","Gaming","2102305","90819","2011486"
"XNXX","Web","151127","32216","118911"
"Sina Weibo","Web","6399","1784","4615"
"GMX webmail","Email","161277","29138","132139"
"Line","Internet Instant Messaging","19792","6936","12856"
"Google Plus","Web","10266","731","9535"
"SoundCloud","Media","123381297","6517176","116864121"
"TuneIn","Real Time Audio/Video","2462","1044","1418"
"Rhapsody","Media","721100","17484","703616"
"QQ.com","Web","1956344","98082","1858262"
"163.com","Web","4546","1772","2774"
"Ifeng.com","Web","5993","1522","4471"
"Alipay","Web","220950","109683","111267"
"360.cn","Web","78292","30868","47424"
"51.la","Web","121302","27325","93977"
"Zynga.com","Gaming","1981482","596548","1384934"
"Limelight Networks CDN","Web","3456652868","107784122","3348868746"
"Datagram Transport Layer Security","Tunneling and VPN","176902584","42630474","134272110"
"ISO Base Media File Format","Real Time Audio/Video","576951725","5638751","571312974"
"KIK Messenger","Internet Instant Messaging","191650","130583","61067"
"WeChat","Internet Instant Messaging","1479714","74098","1405616"
"Goo.ne.jp","Web","7559","1426","6133"
"Ameba.jp","Web","8274","1522","6752"
"QQ Games","Gaming","1194","769","425"
"QQ Mail","Email","181485","62561","118924"
"Pornhub","Web","11213","4347","6866"
"Nokia Here API","Web","2641883","346413","2295470"
"MeetMe.com","Social Networking","389717","45369","344348"
"Microsoft SharePoint Online (Office 365)","Business Application","99249548","40223598","59025950"
"Microsoft Skype for Business (formerly Microsoft Lync Online) (Office 365)","Business Collaboration","870","507","363"
"Speedtest","File Sharing","37249076","5395866","31853210"
"ESPN.go.com","Web","3194199725","58910341","3135289384"
"BuzzFeed.com","Web","4403646","725865","3677781"
"Internet Movie Database","Web","30262885","503933","29758952"
"Imgur.com","Storage and Backup","6682843","133539","6549304"
"ImageShack","File Sharing","9852","2904","6948"
"Evernote","Web","167129","40749","126380"
"WebSocket","Network Service","77262","40664","36598"
"Bet365.com","Web","19513564","2719577","16793987"
"LastPass.com","Web","14132","2496","11636"
"Microsoft Skype for Business (formerly Microsoft Lync)","Business Collaboration","10541","5008","5533"
"Paypal.com","Web","15434777","2439100","12995677"
"Orange.com","Web","43312","9090","34222"
"BBC","Web","11725932","766169","10959763"
"Softonic.com","Web","58957","5190","53767"
"ElPais.com","Web","17389","4474","12915"
"Marca.com","Web","40780","10170","30610"
"Kooora.com","Web","435609","16445","419164"
"B92.net","Web","67367","3015","64352"
"craigslist","Web","46288","11174","35114"
"Echoroukonline.com","Web","63039","3810","59229"
"Hespress.com","Web","4488","2848","1640"
"Igihe.com","Web","8259210","549069","7710141"
"Indiatimes","Web","169764","15401","154363"
"Background Intelligent Transfer Service","File Sharing","38446011","4076412","34369599"
"Hotspot Shield","Tunneling and VPN","8256","2983","5273"
"Conviva","Infrastructure","3371928","2295352","1076576"
"Rt.com","Web","552363","81104","471259"
"UOL.com.br","Web","6031","1110","4921"
"Wp.pl","Web","526879","300262","226617"
"Over-blog","Web","400129","28106","372023"
"Yadro","Web","21106","7287","13819"
"Huffington Post","Web","23747","4809","18938"
"Symantec","Web","4144187","823005","3321182"
"Almasryalyoum","Web","10149","5806","4343"
"OpenStreetMap","Infrastructure","590172","28266","561906"
"Videoplaza","Web","114739","19411","95328"
"Traffic Factory","Business Application","2354","1597","757"
"Plenty Of Fish","Web","87114144","21486985","65627159"
"Beatport","Media","302480","13984","288496"
"Twitch","Media","29594066","1854678","27739388"
"BoldChat Live Chat","Internet Instant Messaging","939624","213343","726281"
"FreeWheel","Web","1128259","266625","861634"
"Turner","Web","3806957","241683","3565274"
"Hihi2","Web","30153","3355","26798"
"Ukr","Web","678441","15450","662991"
"Cedexis","Web","5180183","989338","4190845"
"Amazon Cloud Drive","Web","951545","860298","91247"
"Jumia","Web","3365223","79159","3286064"
"Lazada","Web","5713951","183508","5530443"
"Gettyimages","Web","2299672","107276","2192396"
"Traffic Junky","Web","43772","12463","31309"
"CPMSTAR","Web","515741","79946","435795"
"ADTECH","Web","85449","16556","68893"
"Sizmek (previously MediaMind)","Web","4965727","433391","4532336"
"AOL One","Web","2773341","435886","2337455"
"Realestate","Web","443233","78889","364344"
"Constant Contact","Web","21533989","403000","21130989"
"GitHub","Web","820028","27582","792446"
"Atlassian","Web","63535","49919","13616"
"Internet.org","Web","75963","26886","49077"
"My.com","Web","78234","47063","31171"
"Bizographics","Web","15118","3500","11618"
"Scotiabank","Web","21379580","5071849","16307731"
"Apple Music","Media","1716377248","52517200","1663860048"
"Winamax","Web","17691862","275878","17415984"
"CBS Video","Web","37228202","507697","36720505"
"LogMeIn","Remote Desktop","97770","3706","94064"
"Disney Channel","Web","639068","16242","622826"
"Rogers TV","Web","16787450","2234565","14552885"
"UpLynk","Web","6019234","179325","5839909"
"NBC","Web","518092","21981","496111"
"Localytics","Web","3743993","767029","2976964"
"Parse","Web","49854","14131","35723"
"Sekindo","Web","4915835","230947","4684888"
"Perform","Web","1209847","62087","1147760"
"Periscope","Media","321806423","5034861","316771562"
"Microsoft Office OneNote (Office 365)","Business Application","173208","20864","152344"
"Olark","Web","5581538","582841","4998697"
"Liveperson","Web","12173436","1200592","10972844"
"Mapbox","Web","3160473","235229","2925244"
"Google Code","Web","4418","648","3770"
"Microsoft Excel Online (Office 365)","Web","8582189","1153262","7428927"
"LiveChat","Web","6705505","420769","6284736"
"Riffsy (Tenor.co)","Web","2305058","116659","2188399"
"Braintree","Web","319714","71442","248272"
"LKQD","Web","1648392","524529","1123863"
"TubeMogul","Web","514009","109478","404531"
"Bleacher Report","Web","1065560","39700","1025860"
"Umeng","Web","626619","332599","294020"
"Elbotola","Web","25792397","807160","24985237"
"Hola Web Proxy","Web","784425","284606","499819"
"funCaptcha","Web","10892","2184","8708"
"MobFox","Web","74930","18428","56502"
"Google Photos (formerly Google Picasa)","Web","208365619","176611320","31754299"
"Slack","Web","173351860","3495216","169856644"
"Younow","Web","53884038","22341223","31542815"
"MQ Telemetry Transport","Network Service","1453","830","623"
"Clicktale","Web","7665062","3234068","4430994"
"CDNetworks","Infrastructure","2157949","94157","2063792"
"Weborama","Web","587236","138634","448602"
"Cibercuba","Web","51036","5749","45287"
"Highwinds","Web","52042776","1090159","50952617"
"Wix","Web","51243403","5449472","45793931"
"Tinder","Web","53066778","2915396","50151382"
"Eskimi","Web","69950","16130","53820"
"Shutterstock","Web","22658","1153","21505"
"Heroku","Web","453013","70100","382913"
"IMO Video Calling Application","Media","80783240","46596141","34187099"
"Hola","Web","46894","1984","44910"
"Clash of Clans","Gaming","187275","40785","146490"
"Supercell","Gaming","46344","19696","26648"
"Facebook Live","Media","14186517","13980292","206225"
"Cheetah Mobile","Web","14198","3264","10934"
"Microsoft Word Online (Office 365)","Business Collaboration","12219916","709998","11509918"
"Microsoft Powerpoint Online (Office 365)","Business Collaboration","8075780","264645","7811135"
"Signal Private Messenger (Open Whisper Systems)","Internet Instant Messaging","273809","113715","160094"
"Vidyard","Web","58053","3160","54893"
"Nintendo","Gaming","48228105","5278376","42949729"
"Super Mario Run","Gaming","204104","64938","139166"
"OpenRTB","Web","1334795","1180758","154037"
"ADventori","Web","226037","52136","173901"
"Audible","Real Time Audio/Video","1228854","558705","670149"
"Google Classroom","Web","1242334","279115","963219"
"Samsung Update","Web","11809659109","393056357","11416602752"
"ULP","Network Service","11211501","323675","10887826"
"Amazon Chime","Business Collaboration","20588","3736","16852"
"AnyDesk","Remote Desktop","243538","101236","142302"
"Livescore","Web","716225","70424","645801"
"Savefrom","Web","353448","20158","333290"
"MaxCDN","Web","976034","86908","889126"
"Walmart","Web","2991939","1864660","1127279"
"Yandex Music","Real Time Audio/Video","52233","43406","8827"
"DocuSign","Web","36748","4077","32671"
"Automatic Data Processing (ADP)","Web","2045429","294260","1751169"
"WeTransfer","Web","9933503","772060","9161443"
"Microsoft Power BI (Office 365)","Web","18880","1245","17635"
"Le360","Web","159327","6553","152774"
"Optus","Web","1744857","82126","1662731"
"Sportradar","Web","4314459","395055","3919404"
"Wall Street Journal","Web","18942533","1903785","17038748"
"Niantic, Inc","Web","1247198","284873","962325"
"Origin","Web","9919","2209","7710"
"Canvas Student","Web","2813587","35075","2778512"
"Instructure","Web","32086","3551","28535"
"Mail.com","Email","1444489","692113","752376"
"United Internet","Web","412030","77972","334058"
"Workplace By Facebook","Social Networking","17108","13566","3542"
"Electronic Arts","Web","3438235","284321","3153914"
"Facebook Lite","Social Networking","17695686","2576626","15119060"
"Digioh","Web","352151","11524","340627"
"Apptimize","Web","4975","2186","2789"
"UC Browser","Web","2239635","2082263","157372"
"Mediascope","Web","45471","9144","36327"
"Data Saver","Web","3351333","278642","3072691"
"kafka","Network Service","6689786","1043191","5646595"
"Domain Name Service Crypt","Network Service","193997","95451","98546"
"Opera turbo","Network Service","12788","5221","7567"
"Symantec Endpoint Protection","Web","13178","4601","8577"
"Youtube Music","Media","598147","157032","441115"
"Appnext","Web","2996863","102148","2894715"
"Oracle Entreprise Manager","Business Application","3238","1802","1436"
"Splunk Cloud","Storage and Backup","453485","304555","148930"
"Fox Networks","Web","1000371","32051","968320"
"Text Me","Internet Instant Messaging","12285318","4203727","8081591"
"Libon","Media","508776","49909","458867"
"textPlus","Internet Instant Messaging","430534","126419","304115"
"Epic_games","Gaming","102183","4509","97674"
"Unreal_engine","Gaming","4566","787","3779"
"EtiSalat C'Me","Internet Instant Messaging","13880","4408","9472"
"IBM","Web","764730","210488","554242"
"Grammarly","Web","2152816","980252","1172564"
"Microsoft AD Right Management Service","Business Application","87055","64364","22691"
"Barracuda Networks","Web","8566","2118","6448"
"Google News","Web","220472","12669","207803"
"Google One","Web","25608","2816","22792"
"CyberGhost","Tunneling and VPN","207919","34863","173056"
"League of Legends","Gaming","12884457","2590808","10293649"
"CarbonBlack website","Web","6944551","6242915","701636"
"Dragon Ball","Gaming","210659","21981","188678"
"Future_plc","Web","28259","1458","26801"
"Wish","Web","45058491","3918643","41139848"
"ProtonMail","Email","99427","19241","80186"
"AWS Console","Business Application","24326","17059","7267"
"Opera VPN","Tunneling and VPN","190649","94198","96451"
"Target","Web","4441","480","3961"
"Fandom","Web","1916433","253361","1663072"
"Tesla","Web","37627","11889","25738"
"Google GSuite","Web","691286","129268","562018"
"AnonyTun","Tunneling and VPN","378310","164726","213584"
"W3Schools","Web","460655","17312","443343"
"Codepen","Web","29776","2235","27541"
"Megaphone","Web","757605287","14428203","743177084"
"TripAdvisor","Web","7041199","1035333","6005866"
"Moodle","Social Networking","4338006","90683","4247323"
"Crypto browser","Web","398804","17125","381679"
"Unknown virtual protocol","Unclassified","2565842","111773","2454069"
"Unknown virtual protocol","Unclassified","1953234","32520","1920714"
"Unknown virtual protocol","Unclassified","374857","183243","191614"
"Unknown virtual protocol","Unclassified","522892","83411","439481"
"Unknown virtual protocol","Unclassified","7742","1345","6397"
"Unknown virtual protocol","Unclassified","797835","20962","776873"
"Discovery Inc","Real Time Audio/Video","64195","27051","37144"
"Eurosport","Web","2658231","106526","2551705"
"Eurosport Player","Real Time Audio/Video","20596","7780","12816"
"Bumble","Web","25736011","1679773","24056238"
"National Public Radio","Web","728","428","300"
"Wireguard","Tunneling and VPN","3331673070","252625048","3079048022"
"Mario Kart Tour","Gaming","494624195","12887205","481736990"
"Banggood","Web","59222","12830","46392"
"Bigo","Web","41506094","1238433","40267661"
"Engage Digital","Network Service","1961717","80464","1881253"
"Agora","Network Service","194151","80478","113673"
"Quora","Social Networking","524257","184133","340124"
"Airbnb","Web","107123","28874","78249"
"MediaLab","Web","96622","40341","56281"
"Netease Games","Gaming","9678","1807","7871"
"Wangwang","Internet Instant Messaging","222064","104323","117741"
"Advanced Hosting","Web","30390","1707","28683"
"Service Now","Web","11275","4628","6647"
"StackPath","Web","9136907","271263","8865644"
"Uber Eats","Web","6360925","1115874","5245051"
"Fifa","Gaming","1779569","443191","1336378"
"Houseparty","Real Time Audio/Video","94606","13588","81018"
"Roblox","Gaming","704172199","67316488","636855711"
"BridTV","Real Time Audio/Video","648575","101065","547510"
"Likee","Internet Instant Messaging","4501282","960912","3540370"
"Acronis Backup","File Sharing","9444973","872563","8572410"
"Citrix","Web","43135","14162","28973"
"Microsoft Dynamics","Business Application","66688300","35692735","30995565"
"Digital Turbine","Web","21799485","830079","20969406"
"Pluto TV","Real Time Audio/Video","16584655","1160623","15424032"
"adRise","Real Time Audio/Video","1182983","125638","1057345"
"Tubi TV","Real Time Audio/Video","7602408","478644","7123764"
"iFunny","Web","152985","8904","144081"
"Demandbase","Web","58722","3172","55550"
"Amazon Alexa Assistant","Business Collaboration","859451","218571","640880"
"Yubo","Internet Instant Messaging","150428","12074","138354"
"Connatix","Real Time Audio/Video","33355519","1926465","31429054"
"Minute Media","Web","329122","31947","297175"
"Xbox Cloud Gaming","Gaming","57224","18459","38765"
"Pendo","Web","5115266","1333537","3781729"
"Coursera","Web","3227342","85094","3142248"
"The Blaze","Web","2973669","69086","2904583"
"E! Online","Web","472563","36694","435869"
"Hotels.com","Web","1884985","655320","1229665"
"NHL.com","Web","48983524","1887453","47096071"
"Official Major League Baseball","Web","8017","2008","6009"
"Priceline.com","Web","7281280","351520","6929760"
"Slate Magazine","Web","115202","4922","110280"
"The Free Dictionary","Web","122920","8886","114034"
"TMZ","Web","9282178","294319","8987859"
"United Airlines","Web","3228736","442824","2785912"
"OnlyFans","Web","9730","2116","7614"
"The Walt Disney Company","Web","9126","1643","7483"
"FedEx","Web","1373382","176086","1197296"
"Kayak","Web","14541669","820953","13720716"
"Eventbrite","Web","6791506","185539","6605967"
"WarnerMedia","Web","14750367","628703","14121664"
"Datadog","Web","77963","46387","31576"
"Unknown virtual protocol","Unclassified","390465","158269","232196"
