"Application","Category","Total Bytes","Bytes Received","Bytes Sent"
"Domain Name Service","Network Service","1886447194","897823454","988623740"
"Google Mail","Email","1096766595","81603144","1015163451"
"Google Search","Web","958670124","209449310","749220814"
"HyperText Transfer Protocol","Web","3437644179","449406866","2988237313"
"HyperText Transfer Protocol Secure","Web","49838010968","4030778455","45807232513"
"Internet Control Message Protocol","Network Service","4305280776","2591160502","1714120274"
"Internet Message Access Protocol version 4","Email","113815431","41875926","71939505"
"Internet Protocol","Network Service","0","0","0"
"Skype and Teams","Business Collaboration","129296354","48765073","80531281"
"Simple Object Access Protocol","Network Service","1693471574","843152778","850318796"
"Secure Shell","Tunneling and VPN","366706217","212599962","154106255"
"Secure Socket Layer","Tunneling and VPN","16759018804","4804570931","11954447873"
"Transmission Control Protocol","Other TCP/UDP","3361304377","666515550","2694788827"
"User Datagram Protocol","Other TCP/UDP","147440517377","14694290658","132746226719"
"Yahoo Mail v.2.0","Email","124753851","33114374","91639477"
"Youtube.com","Media","8551236802","455371677","8095865125"
"Facebook","Social Networking","144304598548","5541273614","138763324934"
"Google Ads","Web","1862779974","236343827","1626436147"
"Apple Generic Services","Web","7529254823","270128834","7259125989"
"iTunes","Media","478793957","52039686","426754271"
"TeamViewer","Remote Desktop","413063608","259581390","153482218"
"Bing.com (formerly MSN Search)","Web","1201786291","57171428","1144614863"
"Windows Update","Web","6397699405","516863417","5880835988"
"Chrome Update","Web","335329591","18859987","316469604"
"Google Analytics,Google Marketing Platform","Web","249293807","54039638","195254169"
"Google GStatic","Web","4674032190","166708376","4507323814"
"Google Generic","Web","1764461156","106929479","1657531677"
"Amazon Generic Services","Web","7185135176","1995016559","5190118617"
"Weather.com","Web","47608610","4839187","42769423"
"WhatsApp Messenger","Internet Instant Messaging","15975588838","5789798139","10185790699"
"Apple App Store","Web","4066759430","146854140","3919905290"
"Windows Marketplace","Web","660531766","48845188","611686578"
"Apple Push Notification Service","Web","148211201","90395977","57815224"
"Samsung Apps","Web","299990011","24473927","275516084"
"Google Play Store","Media","6705884699","885818630","5820066069"
"iCloud (Apple)","Storage and Backup","1108053118","354318143","753734975"
"Instagram","Web","16349325920","842737653","15506588267"
"Amazon Web Services/Cloudfront CDN","Infrastructure","19917534752","11815570501","8101964251"
"Amazon Prime Video","Media","3706673483","89684646","3616988837"
"Yahoo.com","Web","685307895","111612725","573695170"
"CloudFlare CDN","Infrastructure","5042804452","379768335","4663036117"
"Microsoft Office 365","Business Collaboration","1619684914","131804237","1487880677"
"Zoho Corporation","Business Application","48413107","17034344","31378763"
"Pinterest","Web","312409487","24045701","288363786"
"Microsoft Outlook (Office 365)","Business Application","717824049","204611951","513212098"
"Apple SIRI","Web","44113340","31279661","12833679"
"Paypal.com","Web","11111782","1310744","9801038"
"Google Accounts","Web","71509681","25799332","45710349"
"Amazon Ad System","Web","204647008","50159099","154487909"
"Snapchat","Social Networking","9861804477","879682952","8982121525"
"Telegram","Internet Instant Messaging","1073776475","141652289","932124186"
"Bitstrips","Social Networking","279151432","15871952","263279480"
"Inneractive","Web","109619179","73084031","36535148"
"Samsung","Web","849601148","148250032","701351116"
"Crashlytics","Web","38680679","5140353","33540326"
"Facebook Messenger","Internet Instant Messaging","2883520415","852648433","2030871982"
"InMobi","Web","66448404","30962355","35486049"
"AppsFlyer","Business Application","31561857","11095609","20466248"
"Google Cloud Messaging","Web","287930876","79535363","208395513"
"Google Calendar","Web","34376203","9636894","24739309"
"Apple Location","Web","748154126","98071044","650083082"
"HyperText Transfer Protocol version 2","Web","13186154702","863564000","12322590702"
"Google Tag Manager","Web","244785599","17800968","226984631"
"Facebook Embedded Video","Media","6071928936","252084930","5819844006"
"Adjust.com","Web","18954883","8279448","10675435"
"Applovin","Web","824150812","201911521","622239291"
"Android connectivity Manager","Network Service","35195674","19328787","15866887"
"Heap","Web","151026205","86879807","64146398"
"Branch Metrics","Web","86499027","17244820","69254207"
"Braintree","Web","323960","89417","234543"
"Microsoft OneDrive","Web","710645041","64997513","645647528"
"Microsoft","Web","2717635204","751676349","1965958855"
"New Relic","Web","62135182","36954167","25181015"
"ZoomMeetings","Business Collaboration","74085335","8932007","65153328"
"Highwinds","Web","10510012","313618","10196394"
"Firebase Cloud Messaging","Web","313621115","135108312","178512803"
"Apple Game Center","Gaming","4446649","1083337","3363312"
"DoubleVerify","Web","78279125","14599122","63680003"
"Okta","Web","91853096","20972994","70880102"
"Google Secure User Plane Location","Web","4240423","920660","3319763"
"Google Cloud Platform","Web","22504272","6702133","15802139"
"IronSource","Business Application","237803293","24647885","213155408"
"ByteDance","Web","254523600","55758670","198764930"
"TikTok (Musical.ly)","Social Networking","47212530872","2006889064","45205641808"
"Discord","Internet Instant Messaging","2645573197","360892776","2284680421"
"Wish","Web","257028403","13095336","243933067"
"Vungle","Web","433812080","19694508","414117572"
"Google APIs","Web","3134722980","1415384576","1719338404"
"Amazon Cognito","Web","27016685","8801626","18215059"
"Unknown virtual protocol","Unclassified","125269183","44500866","80768317"
"Google Pay","Web","12777524","2749398","10028126"
"Google Messages","Internet Instant Messaging","83151479","47546920","35604559"
"Shopify","Web","40960982","1137678","39823304"
"NHL.com","Web","103384978","5233881","98151097"
"Digicert","Web","8862566","1434275","7428291"
"Intercom","Web","337583720","140131731","197451989"
"SD-WAN Control","SD-WAN","39948999669","22007989522","17941010147"
"SD-WAN Management","SD-WAN","568320091","254855813","313464278"
"TencentMeeting","Business Collaboration","75781085","45022691","30758394"
"Dailymotion.com","Media","53730037","2979159","50750878"
"eBay.com","Web","26480250","4988089","21492161"
"Google Maps","Web","56591902","4687487","51904415"
"Internet Message Access Protocol Secure","Email","86504812","62508507","23996305"
"XMPP Protocol (Jabber)","Business Collaboration","51310969","2495845","48815124"
"McAfee Client update","Business Application","435801094","15807664","419993430"
"Network Time Protocol","Network Service","1062238","582852","479386"
"Session Traversal Utilities for NAT","Business Collaboration","1751670","726666","1025004"
"Yahoo Search","Web","4672895","626365","4046530"
"Windows Live Hotmail","Email","887317619","42672972","844644647"
"Secure AIM","Internet Instant Messaging","773892","143680","630212"
"Tagged.com","Social Networking","4169158","1175139","2994019"
"Realtor.com","Web","44872","7905","36967"
"WordPress.com","Social Networking","20112797","860071","19252726"
"Hi5.com","Social Networking","1460212","352632","1107580"
"LinkedIn","Social Networking","118891717","27723698","91168019"
"Online Certificate Status Protocol","Business Application","5880067","2156496","3723571"
"Mail.ru Webmail","Email","43698","14537","29161"
"Foursquare.com","Web","1762092","569105","1192987"
"Tumblr","Social Networking","130479340","6001723","124477617"
"Twitter","Social Networking","696008788","40420241","655588547"
"Yandex.ru","Web","2939533","886087","2053446"
"Spotify","Media","2816126403","183236925","2632889478"
"Baidu.com","Web","12581784","948997","11632787"
"Opera Update","Web","1230002","340001","890001"
"Netflix.com","Media","30727894581","879654661","29848239920"
"Evony.com","Web","878171","356606","521565"
"iHeartRADIO","Media","62940","15103","47837"
"Portal.TidalTV.com","Web","1405863","381414","1024449"
"AccuWeather","Web","11220627","1200404","10020223"
"CNN (Cable News Network)","Web","172426378","12858894","159567484"
"Daum.net","Web","845584","70529","775055"
"Apple FaceTime","Real Time Audio/Video","951490571","171112727","780377844"
"iOS over-the-air (OTA) update","Web","1276752831","34119663","1242633168"
"SoundCloud","Media","158454840","8797124","149657716"
"QQ.com","Web","4296564","207231","4089333"
"360.cn","Web","12494","8534","3960"
"Akamai Technologies CDN","Web","22450543028","394087862","22056455166"
"Microsoft Azure (previously Windows Azure)","Infrastructure","56364826","6189730","50175096"
"ISO Base Media File Format","Real Time Audio/Video","565046084","19951289","545094795"
"Rakuten.co.jp","Web","189402","21050","168352"
"QQ Games","Gaming","33002","15245","17757"
"Google Talk (incl. Hangouts and Allo and Duo)","Real Time Audio/Video","18495392","5139364","13356028"
"ESPN.go.com","Web","921129928","38082001","883047927"
"Reddit.com","Web","442380900","15042613","427338287"
"Internet Movie Database","Web","5784843","321071","5463772"
"Google Documents (aka Google Drive)","Storage and Backup","11805557","1344782","10460775"
"Bet365.com","Web","11844","5160","6684"
"ESPNCricinfo.com","Web","32563003","1493166","31069837"
"Indiatimes","Web","13674012","1882085","11791927"
"Kijiji.ca","Web","81042364","10045230","70997134"
"Conviva","Infrastructure","1199791","626103","573688"
"Aol","Web","17299461","3657717","13641744"
"AddThis","Web","11353088","1100355","10252733"
"Turn","Web","3672277","907969","2764308"
"ScorecardResearch","Web","66283245","25456620","40826625"
"Quantcast","Web","10203603","2067124","8136479"
"Waze Social GPS Maps & Traffic","Web","73155557","3371567","69783990"
"Oracle","Web","13542409","3184606","10357803"
"TRUSTe","Web","23539877","1726201","21813676"
"Criteo","Web","123128493","22552252","100576241"
"Adobe","Business Application","442045693","54604856","387440837"
"Zendesk","Business Collaboration","15422570","739696","14682874"
"Google Safe Browsing","Web","337074932","10225264","326849668"
"Flurry","Business Application","12379480","6022292","6357188"
"Brightcove","Media","76690843","1934990","74755853"
"Plenty Of Fish","Web","26999517","5561539","21437978"
"Gravatar","Business Collaboration","956401","173204","783197"
"FreeWheel","Web","6770475","2732339","4038136"
"Turner","Web","360007019","9888420","350118599"
"Nielsen","Web","7483227","1707081","5776146"
"Stickyads","Web","15606579","7297617","8308962"
"Smart AdServer","Web","51449214","19494605","31954609"
"Cedexis","Web","1763551","502180","1261371"
"Google Cloud Storage","Web","768408235","401231545","367176690"
"Flipboard","Web","27179350","3689798","23489552"
"OpenX","Web","7723471","2325991","5397480"
"PubMatic","Web","110536113","62291487","48244626"
"Index Exchange (previously Casale Media)","Web","38661955","12101050","26560905"
"LOTAME","Web","12235945","2621787","9614158"
"Rubicon Project","Web","142495042","64112098","78382944"
"Sizmek (previously MediaMind)","Web","37666287","1234099","36432188"
"AppNexus","Web","266199276","161769666","104429610"
"Rlcdn","Web","10507558","2060116","8447442"
"Realestate","Web","353771","63015","290756"
"Advertising.com","Web","4159134","1245425","2913709"
"Ad Safe Protected","Web","129552249","21622000","107930249"
"Helpshift","Web","2565664","713765","1851899"
"Atlas Solutions","Web","282940","80203","202737"
"Urbanairship","Web","7639855","2259662","5380193"
"BootstrapCDN","Web","2856616","230992","2625624"
"Apple Music","Media","2616737429","99424725","2517312704"
"Outbrain","Web","124388768","22621735","101767033"
"Fastly","Web","4068626","353526","3715100"
"Unruly","Web","6308442","3257052","3051390"
"Rogers TV","Web","28527368","1612936","26914432"
"UpLynk","Web","5930054","260623","5669431"
"Localytics","Web","1903757","527439","1376318"
"MoPub","Web","18408180","14514337","3893843"
"Moat","Web","176869014","77749849","99119165"
"Krux","Web","12540825","1165553","11375272"
"Optimizely","Web","12275752","2251900","10023852"
"Taboola","Web","280658963","63126039","217532924"
"Zopim","Web","651315","171940","479375"
"Mapbox","Web","7165478","474371","6691107"
"Rackspace","Web","1686091784","161614820","1524476964"
"Signal","Web","412845","81254","331591"
"Ensighten","Web","6882425","1460624","5421801"
"Smaato","Web","16080538","6482919","9597619"
"Verizon","Web","47885822","30979246","16906576"
"MediaMath","Web","6732571","2617109","4115462"
"jQuery","Web","10541987","712364","9829623"
"Everest Technologies","Web","11330418","3622392","7708026"
"TubeMogul","Web","1826871","220807","1606064"
"SpotXchange","Web","8982540","3381908","5600632"
"Revcontent","Web","4602981","712620","3890361"
"Liftoff","Web","2262295","789039","1473256"
"ICY (I Can Yell)","Media","1259025444","29035702","1229989742"
"Conversant","Web","5664099","2093388","3570711"
"Teads","Web","14782534","3354130","11428404"
"Adform","Web","12717324","2890707","9826617"
"hotjar","Web","30530439","15840546","14689893"
"Pokemon GO","Gaming","149597524","25601418","123996106"
"Weborama","Web","195844","48279","147565"
"HyperText Transfer Protocol proxy","Network Service","37220486","9955972","27264514"
"Tinder","Web","1213502364","63313950","1150188414"
"Bidswitch","Web","22158040","9485706","12672334"
"Clash of Clans","Gaming","114274578","4133273","110141305"
"Supercell","Gaming","1363972","205789","1158183"
"Bugsnag","Web","4279948","2409062","1870886"
"Tealium","Web","5689587","1183737","4505850"
"Flashtalking","Web","42434580","2191667","40242913"
"Sharethrough","Web","71231964","29624736","41607228"
"AdColony","Web","7941002","2007575","5933427"
"Yieldmo","Web","13882873","2266297","11616576"
"MGID","Web","6023865","441892","5581973"
"ULP","Network Service","3975162","191477","3783685"
"MaxCDN","Web","120524","23423","97101"
"Media Innovation Group","Web","1655144","465089","1190055"
"PulsePoint","Web","5433089","1978082","3455007"
"eXelate","Web","2828200","622158","2206042"
"Sonobi","Web","10948099","4690619","6257480"
"Amplitude","Web","42048641","37831648","4216993"
"Wall Street Journal","Web","12362505","422210","11940295"
"Niantic, Inc","Web","22891151","869322","22021829"
"Microsoft teams","Internet Instant Messaging","434207443","68193917","366013526"
"Apptimize","Web","145935","43853","102082"
"Data Saver","Web","3899618","201779","3697839"
"Adtelligent","Web","2064493","638849","1425644"
"Tenor","Web","45365866","4968081","40397785"
"Cisco","Web","15547857","9023115","6524742"
"Disqus","Web","17497088","1531547","15965541"
"Simpli.fi","Web","2558316","524037","2034279"
"Visual IQ","Web","558227","172984","385243"
"Apple News","Web","390639909","28581828","362058081"
"PubNub","Web","384196","117109","267087"
"Unknown virtual protocol","Unclassified","24991866","1263828","23728038"
"Unknown virtual protocol","Unclassified","82924873","11780645","71144228"
"Unknown virtual protocol","Unclassified","5190632","3359360","1831272"
"JWPLAYER","Web","429519610","13385725","416133885"
"Activision-Blizzard","Web","1023033","40813","982220"
"Workday","Business Application","291219","32446","258773"
"Houseparty","Real Time Audio/Video","210200","34007","176193"
"KOCHAVA","Web","1039969","361097","678872"
"Sift Science","Web","183172","23837","159335"
"Connatix","Real Time Audio/Video","23749726","2363162","21386564"
"Pendo","Web","556669405","49049983","507619422"
"Go Daddy","Web","6534300","199443","6334857"
"Contentful","Web","234917898","11032555","223885343"
"Indeed","Web","48436979","22712327","25724652"
"Call of Duty Mobile","Gaming","8711444","514398","8197046"
"Font Awesome","Web","10403029","1188096","9214933"
"BitTorrent","Peer to Peer","3032970","19912","3013058"
"File Transfer Protocol","File Sharing","41969","25336","16633"
"Google Earth","Web","118000","16961","101039"
"GPRS Tunneling Protocol","Tunneling and VPN","9358309","3472432","5885877"
"IPsec (AH and ESP)","Tunneling and VPN","1532962174","190238060","1342724114"
"Internet Security Association and Key Management Protocol","Tunneling and VPN","2791097486","299538594","2491558892"
"Lighweight Directory Access Protocol","Authentication","2816757","91475","2725282"
"Netbios Name Service","Network Service","1638","1638","0"
"Post Office Protocol (Version 3)","Email","3129738","97951","3031787"
"Secure POP3","Email","646390","16986","629404"
"QQ","Internet Instant Messaging","16318","11956","4362"
"Remote Desktop Protocol (Windows Terminal Server)","Remote Desktop","42673258","5105945","37567313"
"Real Time Protocol","Business Collaboration","145342750","46180936","99161814"
"Session Initiation Protocol","Business Application","542248","226760","315488"
"Simple Mail Transfer Protocol","Email","35963556","34278110","1685446"
"Simple Mail Transfer Protocol Secure","Email","6598483","6365869","232614"
"SOCKet Secure v5","Tunneling and VPN","2734","1625","1109"
"Wikipedia.com","Web","17085587","579357","16506230"
"Ask.com","Web","135149","12681","122468"
"Expedia.fr","Web","15716885","2489591","13227294"
"Travelocity.com","Web","38633","5525","33108"
"Flickr","Social Networking","225949","13728","212221"
"Deezer","Web","45709660","1613504","44096156"
"Steampowered.com","Gaming","8315887","5937768","2378119"
"Xbox Live","Gaming","7785213","1118829","6666384"
"Badoo.com","Internet Instant Messaging","6196361","1618972","4577389"
"DeviantArt.com","Web","170581","27852","142729"
"Last.fm","Media","121829","21425","100404"
"Yelp.com","Web","1817231","33901","1783330"
"Adobe Flash Plugin Update","Web","8158","1122","7036"
"Firefox Update","Web","22323","5263","17060"
"Java Update","Web","5359389","152696","5206693"
"Archive.org","Web","1152401","43075","1109326"
"BitDefender Update","Web","188513","62105","126408"
"Viber","Real Time Audio/Video","86952","19409","67543"
"Kaspersky Update","Web","51053","5374","45679"
"Trendmicro Update protocol","Web","415867","252649","163218"
"BBC Player","Media","124268584","2297941","121970643"
"Dropbox","Storage and Backup","202027529","10152908","191874621"
"Google Translate","Web","3116764","873571","2243193"
"Livestream (formerly Mogulus)","Media","4338825","343795","3995030"
"Photobucket.com","Web","41233","2452","38781"
"Psiphon","Web","674249","83843","590406"
"Salesforce","Business Application","3125549","1122380","2003169"
"Shutterfly.com","Web","9835","1563","8272"
"Tokbox.com","Web","11897","4104","7793"
"YouKu","Media","837728","790558","47170"
"Zoho CRM","Business Application","22268","3644","18624"
"GoToMeeting Online Meeting","Business Collaboration","270416","63740","206676"
"WebEx","Business Collaboration","21533","1281","20252"
"ABCNews","Web","750476","35921","714555"
"Adobe Acrobat DC (Document Cloud)","Web","224801","62988","161813"
"Alexa","Web","36918","4454","32464"
"Blogger","Web","3215009","135141","3079868"
"Capital One","Web","55286070","6171665","49114405"
"Cnet.com","Web","34970635","739042","34231593"
"Comcast","Web","644567","101967","542600"
"Daily Mail","Web","3038541","1514197","1524344"
"Fox News","Web","5176709","303177","4873532"
"Groupon","Web","133711","4333","129378"
"Intuit.com","Business Application","4207469","1724039","2483430"
"Kaspersky.com","Web","4309127","1768125","2541002"
"LiveInternet.ru","Web","13280","2642","10638"
"Monster.com","Web","51673","6305","45368"
"Mozilla.com - Mozilla.org","Web","2458305","653622","1804683"
"Naver Corporation (formerly NHN Corporation)","Web","49146882","1866159","47280723"
"NYTimes.com","Web","300312","64846","235466"
"PlayStation.com","Web","50822","22723","28099"
"Redtube","Web","228664","8074","220590"
"Reuters.com","Web","1166376","46554","1119822"
"SlideShare","Web","589199","29758","559441"
"Sports Illustrated","Web","7653","784","6869"
"Sprint.com","Web","52469","17408","35061"
"Vimeo","Web","386228587","33389433","352839154"
"WashingtonPost.com","Web","7961530","300578","7660952"
"Xbox","Gaming","24272","4014","20258"
"XNXX","Web","10621","3694","6927"
"Xvideos.com","Media","6951","1165","5786"
"Sophos update","Business Application","101330","15490","85840"
"Taobao","Web","11281911","5202593","6079318"
"Google App Engine","Business Application","22968006","4583925","18384081"
"GMX webmail","Email","179753","42917","136836"
"Line","Internet Instant Messaging","18128209","7853822","10274387"
"Scribd.com","Web","760763","52016","708747"
"Shazam","Web","729988","262393","467595"
"TuneIn","Real Time Audio/Video","37273","9628","27645"
"KakaoTalk","Internet Instant Messaging","2520766","152721","2368045"
"163.com","Web","262540","68760","193780"
"Alipay","Web","90514","35950","54564"
"Alibaba.com","Web","34929724","1559826","33369898"
"Zynga.com","Gaming","2182295","465767","1716528"
"Limelight Networks CDN","Web","2880917901","117745981","2763171920"
"Datagram Transport Layer Security","Tunneling and VPN","43199429","5617584","37581845"
"KIK Messenger","Internet Instant Messaging","2398352","418241","1980111"
"MiTalk Messenger (Miliao)","Internet Instant Messaging","58898","7777","51121"
"Sakura.ne.jp","Web","1277","304","973"
"Pornhub","Web","362757","107405","255352"
"Nokia Here API","Web","13546036","814802","12731234"
"MeetMe.com","Social Networking","6709513","225692","6483821"
"Microsoft SharePoint Online (Office 365)","Business Application","22342229","4520392","17821837"
"Microsoft Skype for Business (formerly Microsoft Lync Online) (Office 365)","Business Collaboration","22362","6706","15656"
"Speedtest","File Sharing","296129","178986","117143"
"MapQuest.com","Web","297177","12895","284282"
"BuzzFeed.com","Web","2111398","153523","1957875"
"Imgur.com","Storage and Backup","1582833","48712","1534121"
"xHamster.com","Web","7101","1223","5878"
"Apple Maps","Web","109179","11744","97435"
"WebSocket","Network Service","284806","121233","163573"
"Issuu.com","Web","94904","12258","82646"
"ITV Player","Real Time Audio/Video","1535869","71025","1464844"
"Saavn Bollywood Music","Media","650689","38678","612011"
"1337x.org","Peer to Peer","838","456","382"
"BBC","Web","15440194","781801","14658393"
"AVG.com","Web","72724","2081","70643"
"Softonic.com","Web","24081","2314","21767"
"Marca.com","Web","65111","21569","43542"
"MercadoLibre (aka MercadoLivre)","Web","52077","15202","36875"
"Background Intelligent Transfer Service","File Sharing","72783847","9280782","63503065"
"Marktplaats.nl","Web","332065","80539","251526"
"Seznam.cz","Web","134627","6556","128071"
"Varzesh3.com","Web","1704808","111152","1593656"
"FileFactory","File Sharing","605469453","8860264","596609189"
"EdgeCast Networks CDN","Infrastructure","16788","4805","11983"
"AliExpress.com","Web","25017877","1452207","23565670"
"UOL.com.br","Web","7162","1014","6148"
"Wp.pl","Web","36105","10022","26083"
"Stuff.co.nz","Web","128714","38039","90675"
"Zing.vn","Web","35329","8551","26778"
"Fox Business Network","Web","40835","8396","32439"
"News","Web","2805408","182643","2622765"
"Gameloft Games","Gaming","48950","11717","37233"
"uTorrent","Peer to Peer","60662","36850","23812"
"Candy Crush Saga","Gaming","2087374","981813","1105561"
"King Digital Entertainment","Gaming","587108","62101","525007"
"Huffington Post","Web","2199988","95963","2104025"
"Symantec","Web","10808621","8551784","2256837"
"OpenStreetMap","Infrastructure","24905","2912","21993"
"Twitch","Media","12595809","1154529","11441280"
"BoldChat Live Chat","Internet Instant Messaging","2129174","785313","1343861"
"Xiaomi","Web","1788045","637106","1150939"
"zalo","Internet Instant Messaging","126112300","3927711","122184589"
"Inquirer","Web","304566","10827","293739"
"AAJTAK","Web","1090432","153335","937097"
"Abs.cbnnews","Web","412752","47969","364783"
"Vine","Media","308291","12987","295304"
"Mixpanel","Web","9463098","7114424","2348674"
"Amazon Cloud Drive","Web","1425476","237292","1188184"
"Lazada","Web","1449633","36881","1412752"
"Gettyimages","Web","40509","3334","37175"
"Theladbible","Web","1086132","43493","1042639"
"Onedio","Web","683072","25580","657492"
"Traffic Junky","Web","45187","7104","38083"
"quic","Network Service","3520784","51396","3469388"
"CPMSTAR","Web","102884","24663","78221"
"ADTECH","Web","1920045","160033","1760012"
"AOL One","Web","2329561","245321","2084240"
"Australian Broadcasting Corporation","Web","2842449","230224","2612225"
"Constant Contact","Web","179844","5050","174794"
"GitHub","Web","1229109","130823","1098286"
"Kakaocdn","Infrastructure","211704","27746","183958"
"Bizographics","Web","14258","3193","11065"
"Scotiabank","Web","14612121","2622556","11989565"
"Diply","Web","380695","27992","352703"
"CBS Video","Web","12032245","309463","11722782"
"LogMeIn","Remote Desktop","147196","6133","141063"
"Disney Channel","Web","5322605","245461","5077144"
"Threema","Web","253358","34284","219074"
"NBC","Web","8571375","365443","8205932"
"Microsoft Translator (Bing Translator)","Web","39675","2160","37515"
"Periscope","Media","11258277","521368","10736909"
"Microsoft Sway (Office 365)","Business Application","18681","2893","15788"
"Microsoft Office OneNote (Office 365)","Business Application","175867","17070","158797"
"Liveperson","Web","18637355","1610763","17026592"
"ABS-CBN Entertainment","Web","273361","32441","240920"
"Rollout","Web","112811","28043","84768"
"Microsoft Excel Online (Office 365)","Web","57004521","17863674","39140847"
"LiveChat","Web","1900103","210086","1690017"
"Riffsy (Tenor.co)","Web","1836178","55414","1780764"
"Tune","Web","20904","11706","9198"
"LKQD","Web","222479","65733","156746"
"Lookout Mobile Security","Business Application","277876","190951","86925"
"Bleacher Report","Web","1123743","36210","1087533"
"Google Web Light","Web","515296","38091","477205"
"Umeng","Web","154610","78034","76576"
"MobFox","Web","85767","25560","60207"
"Google Photos (formerly Google Picasa)","Web","35435815","3018556","32417259"
"Uber (formerly UberCab)","Web","2720166","421995","2298171"
"Slack","Web","201493","54610","146883"
"Younow","Web","33006217","14334957","18671260"
"Bazaarvoice","Web","9625919","1035867","8590052"
"MQ Telemetry Transport","Network Service","7990","4215","3775"
"Clicktale","Web","6407448","4100988","2306460"
"CDNetworks","Infrastructure","123212","14733","108479"
"Innovid","Web","496844193","11140257","485703936"
"Wix","Web","5752868","462786","5290082"
"GIPHY","Web","219400436","19567358","199833078"
"Shutterstock","Web","353133","70211","282922"
"Heroku","Web","2964386","408403","2555983"
"IMO Video Calling Application","Media","65503044","27777960","37725084"
"Amazon Music","Media","919574","325140","594434"
"Facebook Live","Media","6201803","5965252","236551"
"Microsoft Word Online (Office 365)","Business Collaboration","6929277","923720","6005557"
"Signal Private Messenger (Open Whisper Systems)","Internet Instant Messaging","113756635","7401772","106354863"
"StreamRail","Media","157578","41547","116031"
"Vidyard","Web","64569","3204","61365"
"Nintendo","Gaming","3713415","873724","2839691"
"OpenRTB","Web","65089","56702","8387"
"ADventori","Web","108862","25111","83751"
"Audible","Real Time Audio/Video","4727936","576222","4151714"
"Google Classroom","Web","967371","115451","851920"
"Samsung Update","Web","13890261001","410435123","13479825878"
"Huawei","Web","861843","333989","527854"
"AnyDesk","Remote Desktop","3067115","2446987","620128"
"Net Perform","Web","117474","109985","7489"
"Naij","Web","129464","18882","110582"
"Booking.com","Web","6142897","510543","5632354"
"Walmart","Web","405822","328021","77801"
"Avast","Web","49904078","3097201","46806877"
"WeTransfer","Web","39923611","784718","39138893"
"Microsoft Power BI (Office 365)","Web","19603","1460","18143"
"Autodesk Fusion 360","Tunneling and VPN","216980","121745","95235"
"Cloudinary","Web","10920976","339985","10580991"
"Optus","Web","2694777","97609","2597168"
"T-Mobile","Web","223717","93789","129928"
"Kahoot!","Web","51701","2800","48901"
"Sportradar","Web","1395071","95595","1299476"
"Snow","Internet Instant Messaging","7123","1865","5258"
"Instructure","Web","618885","28164","590721"
"Mail.com","Email","98760","15646","83114"
"United Internet","Web","19280","5072","14208"
"Electronic Arts","Web","433290","95837","337453"
"Facebook Lite","Social Networking","1914819","275206","1639613"
"Kakao","Web","1121","390","731"
"Digioh","Web","1868224","145629","1722595"
"UC Browser","Web","281853","172380","109473"
"x_vpn","Tunneling and VPN","38264715","12500383","25764332"
"Mediascope","Web","15252","3833","11419"
"Youtube Music","Media","7841483","1268571","6572912"
"Akamai Video","Media","953783","233164","720619"
"Appnext","Web","5288","1118","4170"
"Splunk Cloud","Storage and Backup","494761","185226","309535"
"Fox Networks","Web","37378","2184","35194"
"Text Me","Internet Instant Messaging","1381703","1084552","297151"
"AnchorFree","Tunneling and VPN","27005","1999","25006"
"textPlus","Internet Instant Messaging","15490","4574","10916"
"Epic_games","Gaming","2986719","964650","2022069"
"Unreal_engine","Gaming","193470","4663","188807"
"IBM","Web","5804","474","5330"
"Grammarly","Web","1324015264","93263183","1230752081"
"Spring Tech VPN","Tunneling and VPN","168452235","22419757","146032478"
"RingCentral","Business Collaboration","851391","166557","684834"
"Google News","Web","2626137","220719","2405418"
"Google One","Web","1829756","130627","1699129"
"Alibaba Group","Web","414149","77622","336527"
"Alibaba Cloud","Web","70697137","4460515","66236622"
"CyberGhost","Tunneling and VPN","113825","16476","97349"
"Future_plc","Web","1923404","135394","1788010"
"Inskin","Web","12205","4660","7545"
"Google Play Books","Web","9241176","420051","8821125"
"ProtonMail","Email","20772682","8867777","11904905"
"Minecraft","Gaming","4361201","260809","4100392"
"Prezi","Web","263615","10584","253031"
"Fandom","Web","10058800","641817","9416983"
"Tesla","Web","16319","4876","11443"
"Google GSuite","Web","1154867","264386","890481"
"W3Schools","Web","15150","1662","13488"
"Codepen","Web","48044","3317","44727"
"OpenSignal","Web","66517","22022","44495"
"Megaphone","Web","901542838","23313150","878229688"
"TripAdvisor","Web","15005228","2044950","12960278"
"Moodle","Social Networking","816711","24133","792578"
"Valve Source Engine","Gaming","372135019","27337617","344797402"
"Unknown virtual protocol","Unclassified","1392921075","50574009","1342347066"
"Gaana","Real Time Audio/Video","61201","12288","48913"
"NetEase","Web","77673","10749","66924"
"Unknown virtual protocol","Unclassified","70773","10850","59923"
"Unknown virtual protocol","Unclassified","16267128","489161","15777967"
"Bumble","Web","14438032","656424","13781608"
"Qwant","Web","116362","5222","111140"
"National Public Radio","Web","28021879","3688712","24333167"
"Acast","Real Time Audio/Video","1036275","43013","993262"
"Wireguard","Tunneling and VPN","1104791875","83641139","1021150736"
"Firework","Internet Instant Messaging","452538","91095","361443"
"Bigo","Web","153516","63348","90168"
"BAMTech","Real Time Audio/Video","39472260","2812667","36659593"
"Disney Plus","Real Time Audio/Video","306120323","10190488","295929835"
"Apple TV Plus","Real Time Audio/Video","180311905","4251861","176060044"
"Kuwo","Real Time Audio/Video","19295","4241","15054"
"Quora","Social Networking","18682409","4374024","14308385"
"Toutiao","Web","26385","2175","24210"
"Airbnb","Web","827712","245074","582638"
"MediaLab","Web","251225","185881","65344"
"Wangwang","Internet Instant Messaging","747309","565582","181727"
"Uber Eats","Web","1034616","186845","847771"
"Roblox","Gaming","69292425","5528603","63763822"
"BridTV","Real Time Audio/Video","6444725","204266","6240459"
"Likee","Internet Instant Messaging","592023","162283","429740"
"Citrix","Web","147918","69828","78090"
"Digital Turbine","Web","66615251","2174431","64440820"
"Pluto TV","Real Time Audio/Video","312239","24644","287595"
"adRise","Real Time Audio/Video","572491","335334","237157"
"Tubi TV","Real Time Audio/Video","822194271","23903172","798291099"
"Demandbase","Web","96595","11996","84599"
"Amazon Alexa Assistant","Business Collaboration","732889","70810","662079"
"Spotify Audio","Real Time Audio/Video","1683773392","37041853","1646731539"
"Minute Media","Web","10582","4210","6372"
"UserReport","Web","3749415","1040394","2709021"
"Coursera","Web","33285","5024","28261"
"Hotels.com","Web","69297","9322","59975"
"Official Major League Baseball","Web","24097","4132","19965"
"The Daily Beast","Web","165492","7961","157531"
"TMZ","Web","75330","7877","67453"
"OnlyFans","Web","5242","1327","3915"
"Nvidia","Web","102174","17061","85113"
"Geforce Now","Gaming","4465579","177280","4288299"
"The Walt Disney Company","Web","262668","82639","180029"
"Wired","Web","92145605","2244039","89901566"
"Indiegogo","Web","11377","1502","9875"
"Kayak","Web","4430","98","4332"
"Eventbrite","Web","5003730","139454","4864276"
"WarnerMedia","Web","961458327","21732821","939725506"
"Etahub","Web","32756","8672","24084"
"Datadog","Web","160029","131150","28879"
