"Application","Category","Total Bytes","Bytes Received","Bytes Sent"
"Domain Name Service","Network Service","1230129806","623367004","606762802"
"eBay.com","Web","553870","52178","501692"
"Google Mail","Email","1077027549","92737980","984289569"
"Google Search","Web","1059905615","210465085","849440530"
"Google Maps","Web","31705799","3397659","28308140"
"HyperText Transfer Protocol","Web","211639830","24145573","187494257"
"HyperText Transfer Protocol Secure","Web","15521145198","557253172","14963892026"
"Internet Control Message Protocol","Network Service","3871033578","2323270668","1547762910"
"Internet Message Access Protocol version 4","Email","103926971","37768770","66158201"
"Internet Message Access Protocol Secure","Email","14752117","2052430","12699687"
"Internet Protocol","Network Service","0","0","0"
"Internet Security Association and Key Management Protocol","Tunneling and VPN","2189544","1293444","896100"
"XMPP Protocol (Jabber)","Business Collaboration","3275475","529671","2745804"
"Network Time Protocol","Network Service","1688984","974834","714150"
"Real Time Protocol","Business Collaboration","532386245","213267181","319119064"
"Skype and Teams","Business Collaboration","380545979","207604744","172941235"
"Simple Object Access Protocol","Network Service","1319485245","772201128","547284117"
"Secure Socket Layer","Tunneling and VPN","22889931582","1371006929","21518924653"
"Session Traversal Utilities for NAT","Business Collaboration","5328023","4614525","713498"
"Transmission Control Protocol","Other TCP/UDP","3423711298","171008037","3252703261"
"User Datagram Protocol","Other TCP/UDP","66673024424","8134826173","58538198251"
"Yahoo Search","Web","1891271","155034","1736237"
"Youtube.com","Media","20313428828","560615308","19752813520"
"Facebook","Social Networking","62872025654","2011880580","60860145074"
"Google Ads","Web","981148048","129068098","852079950"
"Windows Live Hotmail","Email","169117932","22338915","146779017"
"WordPress.com","Social Networking","54916377","947493","53968884"
"LinkedIn","Social Networking","114593538","5056617","109536921"
"Apple Generic Services","Web","10981470258","397061312","10584408946"
"Deezer","Web","2260477","265822","1994655"
"Online Certificate Status Protocol","Business Application","24535624","6789864","17745760"
"Twitter","Social Networking","1704534534","61796447","1642738087"
"iTunes","Media","959519534","103049477","856470057"
"Spotify","Media","2837511131","142728606","2694782525"
"TeamViewer","Remote Desktop","372595823","222243766","150352057"
"Bing.com (formerly MSN Search)","Web","365269362","95595615","269673747"
"Baidu.com","Web","104599508","12626652","91972856"
"Adobe Flash Plugin Update","Web","239630","65866","173764"
"Windows Update","Web","4150345469","196750836","3953594633"
"Chrome Update","Web","329842538","21019896","308822642"
"Viber","Real Time Audio/Video","1678777008","810912368","867864640"
"Netflix.com","Media","14290837433","210958597","14079878836"
"Google Analytics,Google Marketing Platform","Web","257763607","68188092","189575515"
"Google GStatic","Web","1669142261","90783881","1578358380"
"YouKu","Media","784004","712298","71706"
"GoToMeeting Online Meeting","Business Collaboration","64831409","46380083","18451326"
"Google Generic","Web","1239304618","332789313","906515305"
"AccuWeather","Web","15522098","740947","14781151"
"Amazon Generic Services","Web","1310690420","293111529","1017578891"
"CNN (Cable News Network)","Web","6950607","1856038","5094569"
"Fox News","Web","20002969","4301380","15701589"
"Kaspersky.com","Web","478092","257830","220262"
"Mozilla.com - Mozilla.org","Web","18724261","3266272","15457989"
"NYTimes.com","Web","42358449","750712","41607737"
"PlayStation.com","Web","26723537","1196686","25526851"
"Weather.com","Web","15377954","2452704","12925250"
"WhatsApp Messenger","Internet Instant Messaging","8148457114","2417262292","5731194822"
"Taobao","Web","91286576","5948864","85337712"
"Apple App Store","Web","4587003011","99981514","4487021497"
"Windows Marketplace","Web","668999458","25439563","643559895"
"Apple FaceTime","Real Time Audio/Video","7396744039","4019632969","3377111070"
"Apple Push Notification Service","Web","495667337","292187294","203480043"
"iOS over-the-air (OTA) update","Web","1903449607","32695963","1870753644"
"Samsung Apps","Web","46921643","6398453","40523190"
"Google Play Store","Media","2441110786","253155127","2187955659"
"Line","Internet Instant Messaging","2847055","667961","2179094"
"iCloud (Apple)","Storage and Backup","4953573773","694438560","4259135213"
"Instagram","Web","54050054225","2039210003","52010844222"
"SoundCloud","Media","45807763","1202201","44605562"
"Amazon Web Services/Cloudfront CDN","Infrastructure","3248049810","1477758724","1770291086"
"Amazon Prime Video","Media","730362905","11476820","718886085"
"QQ.com","Web","1379431643","16615231","1362816412"
"Alibaba.com","Web","507517","113124","394393"
"Akamai Technologies CDN","Web","1919006683","35811247","1883195436"
"Microsoft Azure (previously Windows Azure)","Infrastructure","285150078","20574810","264575268"
"ISO Base Media File Format","Real Time Audio/Video","49087885","1362275","47725610"
"Yahoo.com","Web","214755462","31674791","183080671"
"WeChat","Internet Instant Messaging","163191159","25961482","137229677"
"Google Talk (incl. Hangouts and Allo and Duo)","Real Time Audio/Video","223578359","135680230","87898129"
"CloudFlare CDN","Infrastructure","3364850372","438548974","2926301398"
"Microsoft Office 365","Business Collaboration","1400135376","206967911","1193167465"
"Zoho Corporation","Business Application","14387353","5563248","8824105"
"Microsoft SharePoint Online (Office 365)","Business Application","2689048315","1347999583","1341048732"
"Pinterest","Web","305049997","25997151","279052846"
"Microsoft Outlook (Office 365)","Business Application","1683177462","625431519","1057745943"
"Reddit.com","Web","1886266421","43240991","1843025430"
"Apple SIRI","Web","96805407","71784122","25021285"
"AliExpress.com","Web","37914174","527360","37386814"
"Google Accounts","Web","100459432","28769024","71690408"
"Amazon Ad System","Web","110780884","24668875","86112009"
"Snapchat","Social Networking","14233592497","1176249127","13057343370"
"ScorecardResearch","Web","20501358","6120408","14380950"
"Quantcast","Web","16326255","2910195","13416060"
"Symantec","Web","991467","256277","735190"
"Oracle","Web","4879867","758030","4121837"
"Bitstrips","Social Networking","422755584","15564996","407190588"
"TRUSTe","Web","6334216","493071","5841145"
"Adobe","Business Application","455042713","100169303","354873410"
"Inneractive","Web","70717462","51036494","19680968"
"Samsung","Web","76501093","19443436","57057657"
"Crashlytics","Web","47782073","4173708","43608365"
"Brightcove","Media","19186998","970818","18216180"
"Twitch","Media","755177851","26093804","729084047"
"Facebook Messenger","Internet Instant Messaging","2400752603","985369530","1415383073"
"InMobi","Web","24594346","8026518","16567828"
"AppsFlyer","Business Application","32193702","12237839","19955863"
"Xiaomi","Web","297129808","6369632","290760176"
"Mixpanel","Web","13049298","10106190","2943108"
"Smart AdServer","Web","76438200","18837081","57601119"
"Cedexis","Web","3046791","853952","2192839"
"Google Cloud Storage","Web","4383672599","4032130268","351542331"
"Google Cloud Messaging","Web","87845643","19732175","68113468"
"Lazada","Web","4123844","131795","3992049"
"Google Calendar","Web","16190723","2426465","13764258"
"Apple Location","Web","832392410","163710719","668681691"
"OpenX","Web","5475262","1654278","3820984"
"PubMatic","Web","59475589","32507323","26968266"
"Index Exchange (previously Casale Media)","Web","24524893","8104703","16420190"
"LOTAME","Web","5506347","977957","4528390"
"Rubicon Project","Web","72614300","24367759","48246541"
"AppNexus","Web","386049996","289851789","96198207"
"Rlcdn","Web","4562973","910135","3652838"
"HyperText Transfer Protocol version 2","Web","19844587685","349576412","19495011273"
"Google Tag Manager","Web","193106006","13523786","179582220"
"Facebook Embedded Video","Media","2441533792","24087873","2417445919"
"Ad Safe Protected","Web","42278230","5062190","37216040"
"Adjust.com","Web","13202766","5864095","7338671"
"Scotiabank","Web","52783441","6148297","46635144"
"Urbanairship","Web","3125226","805244","2319982"
"Outbrain","Web","17563921","2860036","14703885"
"LogMeIn","Remote Desktop","1193461","129022","1064439"
"Unruly","Web","8048673","3871773","4176900"
"Rogers TV","Web","32384896","4737395","27647501"
"Localytics","Web","899974","204318","695656"
"Applovin","Web","641283515","210479551","430803964"
"Android connectivity Manager","Network Service","7907903","4237048","3670855"
"Moat","Web","60939636","14479782","46459854"
"Krux","Web","4301325","523992","3777333"
"Microsoft Office OneNote (Office 365)","Business Application","990596","133635","856961"
"Heap","Web","73508289","35628566","37879723"
"Branch Metrics","Web","23526203","4102373","19423830"
"Optimizely","Web","126946403","44529172","82417231"
"Taboola","Web","135189865","14752410","120437455"
"Rackspace","Web","1219482461","73574885","1145907576"
"Riffsy (Tenor.co)","Web","28495220","307429","28187791"
"Smaato","Web","6434527","1896134","4538393"
"MediaMath","Web","2935476","1044472","1891004"
"jQuery","Web","5996243","267319","5728924"
"Everest Technologies","Web","9447164","3382858","6064306"
"Microsoft OneDrive","Web","592962684","268042437","324920247"
"Microsoft","Web","2018458003","561356845","1457101158"
"New Relic","Web","161976138","106303678","55672460"
"Liftoff","Web","5249258","936049","4313209"
"Uber (formerly UberCab)","Web","783726","149456","634270"
"Conversant","Web","1590501","594792","995709"
"Teads","Web","32542208","1919851","30622357"
"Clicktale","Web","6749980","4784946","1965034"
"Adform","Web","7033491","1637973","5395518"
"hotjar","Web","20617890","6144081","14473809"
"ZoomMeetings","Business Collaboration","57610996","5332360","52278636"
"HyperText Transfer Protocol proxy","Network Service","2937339","1290717","1646622"
"Wix","Web","14794242","1984412","12809830"
"GIPHY","Web","272010383","5643402","266366981"
"Firebase Cloud Messaging","Web","173885816","69465053","104420763"
"IMO Video Calling Application","Media","16298878","2064671","14234207"
"Bidswitch","Web","13337581","5040740","8296841"
"Clash of Clans","Gaming","155753071","3703145","152049926"
"Supercell","Gaming","59718304","754604","58963700"
"Amazon Music","Media","10194416","2388696","7805720"
"Facebook Live","Media","334289","326358","7931"
"Bugsnag","Web","1455932","683092","772840"
"Apple Game Center","Gaming","10080014","2399310","7680704"
"Sharethrough","Web","13947537","3293026","10654511"
"AdColony","Web","13857700","2733592","11124108"
"DoubleVerify","Web","40965423","7588678","33376745"
"Avast","Web","10426686","809499","9617187"
"PulsePoint","Web","2114351","659133","1455218"
"Sonobi","Web","2373989","745185","1628804"
"Cloudinary","Web","15543157","232030","15311127"
"Google Secure User Plane Location","Web","7542804","1747705","5795099"
"Gfycat","Web","3924630","23917","3900713"
"Amplitude","Web","11378709","8270781","3107928"
"Google Cloud Platform","Web","36472162","12229097","24243065"
"Clash Royale","Gaming","85593874","3053612","82540262"
"Microsoft teams","Internet Instant Messaging","877327238","185579795","691747443"
"Facebook Lite","Social Networking","3828495","740474","3088021"
"Tenor","Web","55439415","14081378","41358037"
"Cisco","Web","4698148","1896428","2801720"
"IronSource","Business Application","120516339","7132641","113383698"
"Disqus","Web","8233970","821645","7412325"
"Simpli.fi","Web","1442830","216619","1226211"
"ByteDance","Web","366512687","65952677","300560010"
"TikTok (Musical.ly)","Social Networking","63853440128","1630867881","62222572247"
"Alibaba Cloud","Web","45497614","29723056","15774558"
"Discord","Internet Instant Messaging","243052458","6780123","236272335"
"Wish","Web","46775275","3798966","42976309"
"Apple News","Web","156917593","6581566","150336027"
"Vungle","Web","294089283","6841888","287247395"
"Google APIs","Web","2531630691","1244898133","1286732558"
"Amazon Cognito","Web","818225","215437","602788"
"Unknown virtual protocol","Unclassified","1507402050","33330745","1474071305"
"Unknown virtual protocol","Unclassified","6413530","543975","5869555"
"Unknown virtual protocol","Unclassified","91997","56864","35133"
"Unknown virtual protocol","Unclassified","119475105","25184442","94290663"
"Unknown virtual protocol","Unclassified","1508497","70075","1438422"
"Google Pay","Web","4901343","1002162","3899181"
"Google Messages","Internet Instant Messaging","11105490","4458175","6647315"
"JWPLAYER","Web","105529676","1674293","103855383"
"Bigo","Web","13477831","336999","13140832"
"BAMTech","Real Time Audio/Video","22329738","13586579","8743159"
"Disney Plus","Real Time Audio/Video","10541968306","163244669","10378723637"
"Quora","Social Networking","5257800","527465","4730335"
"DoorDash","Web","12109528","5706924","6402604"
"Likee","Internet Instant Messaging","2252802","61880","2190922"
"Acronis Cloud","Web","630212985","333255421","296957564"
"Acronis Backup","File Sharing","2874304715","1324672280","1549632435"
"Citrix","Web","57380","17711","39669"
"KOCHAVA","Web","1044669","291946","752723"
"Spotify Audio","Real Time Audio/Video","1119695495","8358373","1111337122"
"Contentful","Web","288397519","6859210","281538309"
"Digicert","Web","8344557","3170625","5173932"
"Intercom","Web","52483111","21840601","30642510"
"SD-WAN Control","SD-WAN","16050868055","8562248832","7488619223"
"SD-WAN Management","SD-WAN","6590965037","2961076669","3629888368"
"TencentMeeting","Business Collaboration","111467389","34020490","77446899"
"Dailymotion.com","Media","499062080","7959469","491102611"
"Secure Shell","Tunneling and VPN","464365429","405981134","58384295"
"Yahoo Mail v.2.0","Email","51047134","10984098","40063036"
"Firefox Update","Web","470719264","32823598","437895666"
"Opera Update","Web","592905","196021","396884"
"SiriusXm.com","Media","3185","328","2857"
"AmericanExpress","Web","1226863","160500","1066363"
"Comcast","Web","157231","28396","128835"
"Google App Engine","Business Application","826549","180781","645768"
"MiTalk Messenger (Miliao)","Internet Instant Messaging","2234816","301378","1933438"
"Rakuten.co.jp","Web","1027675","161122","866553"
"Criteo","Web","90447575","28352410","62095165"
"Gravatar","Business Collaboration","4760494","284445","4476049"
"Nielsen","Web","2538569","578935","1959634"
"Advertising.com","Web","915641","202035","713606"
"Apple Music","Media","1181355498","15650375","1165705123"
"SpotXchange","Web","1692495","544429","1148066"
"Yieldmo","Web","4846620","788513","4058107"
"ULP","Network Service","544010","28865","515145"
"Media Innovation Group","Web","638679","183905","454774"
"Walmart","Web","2707451","828288","1879163"
"eXelate","Web","1407065","371020","1036045"
"Optus","Web","349854","16775","333079"
"Akamai Video","Media","504092","132940","371152"
"Unknown virtual protocol","Unclassified","1614918","167895","1447023"
"Pendo","Web","9104000","2166222","6937778"
"File Transfer Protocol","File Sharing","5397","3036","2361"
"Google Groups","Social Networking","19638","8216","11422"
"IPsec (AH and ESP)","Tunneling and VPN","4520067","1585690","2934377"
"McAfee Client update","Business Application","33772449","1048593","32723856"
"Post Office Protocol (Version 3)","Email","542451","10327","532124"
"Secure POP3","Email","233314","17044","216270"
"QQ","Internet Instant Messaging","35483175","1947695","33535480"
"Remote Authentication Dial-In User Service","Authentication","2237","655","1582"
"Real Time Control Protocol","Business Collaboration","266673","132190","134483"
"SAP","Business Application","396104","112427","283677"
"Session Initiation Protocol","Business Application","14008","7573","6435"
"Simple Mail Transfer Protocol","Email","212977","72287","140690"
"Wikipedia.com","Web","13770613","5105684","8664929"
"Wireless Transaction Protocol","Network Service","51479","23392","28087"
"Simple Network Paging Protocol","Network Service","99818","24519","75299"
"Secure AIM","Internet Instant Messaging","258417","40131","218286"
"Ask.com","Web","518678","45820","472858"
"Expedia.fr","Web","1504518","806610","697908"
"Travelocity.com","Web","22194","2873","19321"
"Flickr","Social Networking","13499","4632","8867"
"Rambler.ru","Web","4733","1309","3424"
"Mail.ru Webmail","Email","109334","57243","52091"
"Steampowered.com","Gaming","8829541","86824","8742717"
"Xbox Live","Gaming","4388550","578480","3810070"
"Badoo.com","Internet Instant Messaging","98128","54427","43701"
"Foursquare.com","Web","332598","77081","255517"
"Goodreads.com","Web","32384","1748","30636"
"ResearchGATE.net","Web","150819","5219","145600"
"Tumblr","Social Networking","96272492","3261639","93010853"
"Vk.com (Vkontakte)","Social Networking","83147571","606924","82540647"
"Windows Live Spaces","Social Networking","1305","814","491"
"Yammer.com","Business Application","15246271","2798496","12447775"
"Yelp.com","Web","2568334","106224","2462110"
"Yandex.ru","Web","1611894","790864","821030"
"Java Update","Web","4509432","490207","4019225"
"Archive.org","Web","2144380","82987","2061393"
"BitDefender Update","Web","1114114","443466","670648"
"Garena","Web","98467","6551","91916"
"Dropbox","Storage and Backup","256583964","33332659","223251305"
"Google Translate","Web","1106434","171315","935119"
"iHeartRADIO","Media","28385","3287","25098"
"Jango.com","Web","37898","2660","35238"
"MediaFire.com","File Sharing","45180","24198","20982"
"Livestream (formerly Mogulus)","Media","1995492","216070","1779422"
"Salesforce","Business Application","8124910","1382773","6742137"
"Portal.TidalTV.com","Web","236178","61801","174377"
"WebEx","Business Collaboration","7932543","855880","7076663"
"Bloomberg.com","Web","8206221","452709","7753512"
"GoToMyPC Remote Access","Remote Desktop","6242","838","5404"
"BlackBerry.com","Web","74178","24556","49622"
"Adobe Acrobat DC (Document Cloud)","Web","1186250","196872","989378"
"Alexa","Web","11635","1076","10559"
"Blogger","Web","827475","25069","802406"
"Capital One","Web","678843","136861","541982"
"Cnet.com","Web","963961","142821","821140"
"Daily Mail","Web","57770","2084","55686"
"Daum.net","Web","29255774","956230","28299544"
"Intuit.com","Business Application","4983011","2940066","2042945"
"Naver Corporation (formerly NHN Corporation)","Web","383901966","22973469","360928497"
"NBA.com","Web","9614739","1674626","7940113"
"National Football League (NFL.com)","Web","3478581","112647","3365934"
"Nike.com","Web","50913531","5662842","45250689"
"Reuters.com","Web","17967790","197110","17770680"
"Reverso.net","Web","869509","45157","824352"
"Sports Illustrated","Web","345860","5152","340708"
"SurveyMonkey.com","Web","10731","1877","8854"
"Vimeo","Web","9146522","181007","8965515"
"Xbox","Gaming","146914","4513","142401"
"Xvideos.com","Media","124789","26036","98753"
"Youdao.com","Web","3638010","1699125","1938885"
"Sina.com.cn","Internet Instant Messaging","18990","1201","17789"
"OICQ","Internet Instant Messaging","112354","66628","45726"
"Sina Weibo","Web","28086","6829","21257"
"QQ WeiBo","Web","150570","31005","119565"
"GMX webmail","Email","2700371","734794","1965577"
"Kompass.com","Web","15463","1410","14053"
"Shazam","Web","16832","6253","10579"
"KakaoTalk","Internet Instant Messaging","5519712","2889034","2630678"
"Tistory.com","Web","6500508","1615446","4885062"
"Nexon.com","Web","5117187","1382037","3735150"
"163.com","Web","1222050","477602","744448"
"Sohu.com","Web","2201","862","1339"
"Ifeng.com","Web","51436","36482","14954"
"Alipay","Web","190538","47358","143180"
"Sogou.com","Web","442008","383879","58129"
"360.cn","Web","12005","2914","9091"
"Zynga.com","Gaming","97347534","2323805","95023729"
"Limelight Networks CDN","Web","509078599","25745833","483332766"
"Datagram Transport Layer Security","Tunneling and VPN","1692","850","842"
"KIK Messenger","Internet Instant Messaging","23768","10562","13206"
"Atwiki.jp","Web","75619","3534","72085"
"Ctrip.com","Web","24222","1565","22657"
"QQ Games","Gaming","20306406","590601","19715805"
"QQ Mail","Email","2803093","671541","2131552"
"QQ News","Web","581574","58530","523044"
"Tencent.com","Internet Instant Messaging","24460","14108","10352"
"Pornhub","Web","26581","5495","21086"
"Nokia Here API","Web","70741","46088","24653"
"Speedtest","File Sharing","322512","47442","275070"
"ESPN.go.com","Web","144840424","4376519","140463905"
"MapQuest.com","Web","268080","7862","260218"
"BuzzFeed.com","Web","338666","71669","266997"
"Internet Movie Database","Web","34607594","433464","34174130"
"Imgur.com","Storage and Backup","2536915","71368","2465547"
"Google Documents (aka Google Drive)","Storage and Backup","21670538","15956968","5713570"
"Evernote","Web","1495107","688165","806942"
"JingDong","Web","2803428","684948","2118480"
"Apple Maps","Web","477911","43355","434556"
"WebSocket","Network Service","45408","19586","25822"
"Bet365.com","Web","6163","2048","4115"
"LastPass.com","Web","1573111","296348","1276763"
"Mendeley.com","File Sharing","6040","1131","4909"
"Saavn Bollywood Music","Media","1637049","73630","1563419"
"Paypal.com","Web","60946374","6563932","54382442"
"Kapook.com","Web","14586","1391","13195"
"BBC","Web","5034055","213369","4820686"
"ElPais.com","Web","33017","955","32062"
"MercadoLibre (aka MercadoLivre)","Web","69522","18148","51374"
"ESPNCricinfo.com","Web","334510","30700","303810"
"Indiatimes","Web","1776691","164804","1611887"
"Kijiji.ca","Web","35343985","939056","34404929"
"Background Intelligent Transfer Service","File Sharing","18879","2936","15943"
"Hotspot Shield","Tunneling and VPN","380633","182576","198057"
"Conviva","Infrastructure","2629020","1733415","895605"
"EdgeCast Networks CDN","Infrastructure","21088","2111","18977"
"Wp.pl","Web","57414","14731","42683"
"VnExpress.net","Web","1573975","269149","1304826"
"Zing.vn","Web","148286","20033","128253"
"Perfect Dark","Peer to Peer","9168","892","8276"
"Fox Business Network","Web","21174","3979","17195"
"Telegrafi","Web","3360304","86781","3273523"
"News","Web","1223273","124710","1098563"
"Aol","Web","438450","101008","337442"
"Gameloft Games","Gaming","5362807","633607","4729200"
"AddThis","Web","6018035","439772","5578263"
"Yadro","Web","6185","1974","4211"
"Turn","Web","9657942","1910196","7747746"
"Telegram","Internet Instant Messaging","96367276","6214944","90152332"
"Rovio Entertainment","Gaming","5192817","2304159","2888658"
"Candy Crush Saga","Gaming","2638784","977553","1661231"
"King Digital Entertainment","Gaming","77012","24874","52138"
"Waze Social GPS Maps & Traffic","Web","1364726","130302","1234424"
"Huffington Post","Web","1339239","143205","1196034"
"Fsecure","Web","1160153","376691","783462"
"Zendesk","Business Collaboration","8583189","957426","7625763"
"Google Safe Browsing","Web","6203540","1929159","4274381"
"Flurry","Business Application","37810354","24406662","13403692"
"Naver Blog","Web","2453","1578","875"
"Plenty Of Fish","Web","114507","57853","56654"
"BoldChat Live Chat","Internet Instant Messaging","536536","155968","380568"
"FreeWheel","Web","1098858","198127","900731"
"Turner","Web","14129369","191003","13938366"
"zalo","Internet Instant Messaging","107411276","8173717","99237559"
"Stickyads","Web","4301780","1569029","2732751"
"battlenet","Gaming","4723854","105876","4617978"
"Taobao Ad Network and Exchange","Web","42473","14814","27659"
"Amazon Cloud Drive","Web","6770102","6562372","207730"
"Gettyimages","Web","770638","17383","753255"
"Flipboard","Web","175828","41033","134795"
"quic","Network Service","6341610","2478907","3862703"
"CPMSTAR","Web","50715","11000","39715"
"ADTECH","Web","468135","21210","446925"
"Sizmek (previously MediaMind)","Web","132662722","2368266","130294456"
"AOL One","Web","161672","11986","149686"
"Realestate","Web","34555","6542","28013"
"Constant Contact","Web","2509","1177","1332"
"GitHub","Web","42441","5669","36772"
"Internet.org","Web","25453","8980","16473"
"Kakaocdn","Infrastructure","18509087","277258","18231829"
"Bizographics","Web","3928","819","3109"
"Helpshift","Web","307121","78708","228413"
"Atlas Solutions","Web","180373","64716","115657"
"BootstrapCDN","Web","2925718","189528","2736190"
"CBS Video","Web","4259875","165271","4094604"
"Microsoft SpyNet (aka Microsoft Active Protection Service)","Web","107709","80654","27055"
"Fastly","Web","4713332","779089","3934243"
"Disney Channel","Web","1553326","69674","1483652"
"UpLynk","Web","193105","37425","155680"
"NBC","Web","8987327","296766","8690561"
"MoPub","Web","272874","93379","179495"
"Microsoft Translator (Bing Translator)","Web","202128","21485","180643"
"Perform","Web","394078","6975","387103"
"Periscope","Media","8006953","269477","7737476"
"Liveperson","Web","2383724","104647","2279077"
"Zopim","Web","243142","55830","187312"
"Mapbox","Web","5154199","255617","4898582"
"Rollout","Web","84988","38250","46738"
"Microsoft Excel Online (Office 365)","Web","13538997","1345225","12193772"
"Signal","Web","6222304","211701","6010603"
"LiveChat","Web","39127","11045","28082"
"Ensighten","Web","2741982","212980","2529002"
"Braintree","Web","350546","40985","309561"
"QINIU","Web","7561512","220065","7341447"
"Zeri","Web","1415424","19121","1396303"
"Verizon","Web","2454502","1649823","804679"
"LKQD","Web","702678","183411","519267"
"Lookout Mobile Security","Business Application","15372","1559","13813"
"TubeMogul","Web","85507","23741","61766"
"Umeng","Web","861412","491185","370227"
"Revcontent","Web","2033577","398079","1635498"
"MobFox","Web","35376","9076","26300"
"Google Photos (formerly Google Picasa)","Web","23217649","2260689","20956960"
"Baidu Maps","Web","606141","86916","519225"
"QQVideo","Web","2584338","96385","2487953"
"Slack","Web","5425256","1400734","4024522"
"Younow","Web","1290431","309039","981392"
"Bazaarvoice","Web","12053346","1474138","10579208"
"MQ Telemetry Transport","Network Service","3531","2124","1407"
"Pokemon GO","Gaming","167100776","3521453","163579323"
"CDNetworks","Infrastructure","154690","13250","141440"
"Weborama","Web","95333","20137","75196"
"Highwinds","Web","24514148","181259","24332889"
"Innovid","Web","79164684","1999273","77165411"
"StackExchange","Web","746812","10364","736448"
"Tinder","Web","117068","51120","65948"
"Eskimi","Web","238451","11709","226742"
"Shutterstock","Web","73969","9179","64790"
"Heroku","Web","3343775","129899","3213876"
"Cheetah Mobile","Web","46933","15881","31052"
"Microsoft Word Online (Office 365)","Business Collaboration","15237600","1365980","13871620"
"Microsoft Powerpoint Online (Office 365)","Business Collaboration","596080","168229","427851"
"Signal Private Messenger (Open Whisper Systems)","Internet Instant Messaging","58549681","53719427","4830254"
"StreamRail","Media","18745","4048","14697"
"Nintendo","Gaming","1302225","325785","976440"
"ADventori","Web","114801","24843","89958"
"Tealium","Web","3574151","825790","2748361"
"Audible","Real Time Audio/Video","3332102","52793","3279309"
"Oriental Daily News (on.cc)","Web","12749368","128649","12620719"
"Flashtalking","Web","8740884","1126380","7614504"
"Google Classroom","Web","1129014","175548","953466"
"Samsung Update","Web","174325265","2959694","171365571"
"Huawei","Web","22856173","1666369","21189804"
"MGID","Web","5468439","198496","5269943"
"Livescore","Web","937799","41725","896074"
"Savefrom","Web","22595","5573","17022"
"MaxCDN","Web","17863","3532","14331"
"Zhihu","Web","1593812","64057","1529755"
"Booking.com","Web","24390721","3730554","20660167"
"Tuko Kenya","Web","54120","3006","51114"
"DocuSign","Web","830747","18026","812721"
"Automatic Data Processing (ADP)","Web","35441934","1130751","34311183"
"Okta","Web","15785751","1653924","14131827"
"WeTransfer","Web","5247","609","4638"
"Chunghwa Telecom","Web","224021","64801","159220"
"Kahoot!","Web","33904114","743858","33160256"
"Sportradar","Web","96365","13885","82480"
"ChinaNetCenter ","Web","67647","10406","57241"
"Niantic, Inc","Web","24309018","306324","24002694"
"Meitu","Web","49687883","4129960","45557923"
"Origin","Web","41520","9573","31947"
"Canvas Student","Web","5442722","63926","5378796"
"Instructure","Web","329387","24133","305254"
"Mail.com","Email","417176","39415","377761"
"United Internet","Web","257396","75576","181820"
"TVB","Web","234005","11361","222644"
"shopee.tw","Web","1189525","342130","847395"
"Electronic Arts","Web","11704503","1005399","10699104"
"Kakao","Web","2367571","192029","2175542"
"Digioh","Web","366388","12683","353705"
"Apptimize","Web","142538","48168","94370"
"UC Browser","Web","1987434","756204","1231230"
"x_vpn","Tunneling and VPN","142531549","28102098","114429451"
"Mediascope","Web","26826","6564","20262"
"Data Saver","Web","4912467","316897","4595570"
"Domain Name Service Crypt","Network Service","89553","30438","59115"
"Adtelligent","Web","24252896","16303761","7949135"
"Youtube Music","Media","38767491","2306338","36461153"
"Appnext","Web","431634","19782","411852"
"Splunk Cloud","Storage and Backup","17060","5263","11797"
"Fortnite","Gaming","77009738","19301362","57708376"
"Fox Networks","Web","50721","12780","37941"
"Text Me","Internet Instant Messaging","285916","104150","181766"
"AnchorFree","Tunneling and VPN","194461","105945","88516"
"Epic_games","Gaming","715261","393364","321897"
"IBM","Web","56695","13425","43270"
"Grammarly","Web","46039699","28537188","17502511"
"Barracuda Networks","Web","13711","2337","11374"
"RingCentral","Business Collaboration","7489","764","6725"
"Google News","Web","593591","110787","482804"
"Visual IQ","Web","224376","56684","167692"
"Alibaba Group","Web","312646","97801","214845"
"League of Legends","Gaming","30580953","4256380","26324573"
"Mobile Legends","Gaming","38374941","382262","37992679"
"ExpressVPN","Tunneling and VPN","15055","5713","9342"
"Future_plc","Web","1100391","49998","1050393"
"Inskin","Web","9349","2546","6803"
"Monday.com","Web","187240","4528","182712"
"Google Play Books","Web","214413","9054","205359"
"ProtonMail","Email","23866","3824","20042"
"Bluehost","Web","5491672","452308","5039364"
"Ted Conferences","Web","583198345","3916787","579281558"
"WorkspaceOne","Web","25701","6193","19508"
"Basecamp","Business Application","1190257","65464","1124793"
"Target","Web","950322","123953","826369"
"iBooks","Web","166108","36512","129596"
"Fandom","Web","2069680","195044","1874636"
"Google GSuite","Web","2298718","513527","1785191"
"AnonyTun","Tunneling and VPN","56107","27591","28516"
"W3Schools","Web","13848","2018","11830"
"Codepen","Web","887451","13012","874439"
"Megaphone","Web","176638106","1444887","175193219"
"TripAdvisor","Web","11130457","1419751","9710706"
"Moodle","Social Networking","84082600","4424079","79658521"
"Gcash","Web","5901","1655","4246"
"DAZN","Real Time Audio/Video","872383265","2404945","869978320"
"PubNub","Web","96420","23754","72666"
"Unknown virtual protocol","Unclassified","1062072","30311","1031761"
"NetEase","Web","2432666","281120","2151546"
"Unknown virtual protocol","Unclassified","50402","19065","31337"
"Unknown virtual protocol","Unclassified","639953","202738","437215"
"Unknown virtual protocol","Unclassified","127657","27153","100504"
"Bumble","Web","520161","167124","353037"
"National Public Radio","Web","46555261","209063","46346198"
"Acast","Real Time Audio/Video","328378644","2650781","325727863"
"Wireguard","Tunneling and VPN","3706658724","185762162","3520896562"
"Apple TV Plus","Real Time Audio/Video","5854929","124797","5730132"
"Kuwo","Real Time Audio/Video","448973","227027","221946"
"Agora","Network Service","6169","4743","1426"
"Toutiao","Web","100544","20692","79852"
"Tuchong","Web","1072923","1018801","54122"
"Airbnb","Web","1769967","153365","1616602"
"Baidu Tieba","Social Networking","248857001","12528011","236328990"
"Wangwang","Internet Instant Messaging","209787","128484","81303"
"Workday","Business Application","5514945","331500","5183445"
"Shopify","Web","70184384","1295847","68888537"
"StackPath","Web","502712","25666","477046"
"Fifa","Gaming","1916634","33984","1882650"
"Houseparty","Real Time Audio/Video","67581","7895","59686"
"Roblox","Gaming","1182259603","74867679","1107391924"
"BridTV","Real Time Audio/Video","176002","6573","169429"
"Microsoft Dynamics","Business Application","7468","1635","5833"
"Digital Turbine","Web","8885","1570","7315"
"Pluto TV","Real Time Audio/Video","20236","2644","17592"
"Tubi TV","Real Time Audio/Video","103968","6643","97325"
"Demandbase","Web","126391","9219","117172"
"Sift Science","Web","256033","52290","203743"
"Amazon Alexa Assistant","Business Collaboration","296829","49856","246973"
"Yubo","Internet Instant Messaging","39394","24018","15376"
"Arena of Valor","Gaming","1725404","571859","1153545"
"Connatix","Real Time Audio/Video","24695462","745475","23949987"
"Minute Media","Web","9849165","171481","9677684"
"UserReport","Web","107025","20809","86216"
"Xbox Cloud Gaming","Gaming","49844","16406","33438"
"Go Daddy","Web","1833809","64826","1768983"
"Coursera","Web","277604090","4531796","273072294"
"The Blaze","Web","1580526","65621","1514905"
"E! Online","Web","55512","1506","54006"
"Hotels.com","Web","672858","39271","633587"
"Indeed","Web","19240269","4663546","14576723"
"NHL.com","Web","15418515","309095","15109420"
"The Free Dictionary","Web","163556","13890","149666"
"TIME","Web","1199765","15645","1184120"
"TMZ","Web","1501673","40618","1461055"
"Geforce Now","Gaming","1057021","31477","1025544"
"The Walt Disney Company","Web","807632","68131","739501"
"Wired","Web","42092012","600816","41491196"
"Kickstarter","Web","79409420","1072388","78337032"
"FedEx","Web","254032","94079","159953"
"Kayak","Web","3677630","49611","3628019"
"Eventbrite","Web","232017","34330","197687"
"WarnerMedia","Web","89767940","1661339","88106601"
"Bilibili","Web","184934199","7758145","177176054"
"Datadog","Web","696899","605538","91361"
"Font Awesome","Web","11166633","582960","10583673"
"Unknown virtual protocol","Unclassified","83296","2192","81104"
"Unknown virtual protocol","Unclassified","67279","32166","35113"
"Riverbed","Tunneling and VPN","71326","19976","51350"
"ShoreTel","Business Collaboration","29442","12580","16862"
"ZoomPhone","Business Collaboration","22917","7352","15565"
