"Application","Category","Total Bytes","Bytes Received","Bytes Sent"
"Dailymotion.com","Media","8371368","961565","7409803"
"Domain Name Service","Network Service","1412398246","733985298","678412948"
"eBay.com","Web","56449787","7379118","49070669"
"Google Mail","Email","1148413702","244408050","904005652"
"Google Search","Web","546862579","95015474","451847105"
"Google Maps","Web","37380570","5048597","32331973"
"HyperText Transfer Protocol","Web","4328279386","909437090","3418842296"
"HyperText Transfer Protocol Secure","Web","12867620983","1599922402","11267698581"
"Internet Control Message Protocol","Network Service","4395427933","2662723452","1732704481"
"Internet Message Access Protocol version 4","Email","128847709","44883972","83963737"
"Internet Message Access Protocol Secure","Email","73101761","23259476","49842285"
"Internet Protocol","Network Service","0","0","0"
"IPsec (AH and ESP)","Tunneling and VPN","1232767202","311366352","921400850"
"Internet Security Association and Key Management Protocol","Tunneling and VPN","846284281","142068638","704215643"
"XMPP Protocol (Jabber)","Business Collaboration","2743441","990860","1752581"
"McAfee Client update","Business Application","253378262","14834098","238544164"
"Network Time Protocol","Network Service","8022230","4749860","3272370"
"Real Time Control Protocol","Business Collaboration","4776807","1124704","3652103"
"Real Time Protocol","Business Collaboration","676530986","261843841","414687145"
"Skype and Teams","Business Collaboration","242549162","54151821","188397341"
"Simple Object Access Protocol","Network Service","239617357","168292911","71324446"
"Secure Shell","Tunneling and VPN","137741524","74527896","63213628"
"Secure Socket Layer","Tunneling and VPN","11384905065","2494846314","8890058751"
"Session Traversal Utilities for NAT","Business Collaboration","1155583","588526","567057"
"Transmission Control Protocol","Other TCP/UDP","1574402319","462190886","1112211433"
"User Datagram Protocol","Other TCP/UDP","107876741418","14951830606","92924910812"
"Wikipedia.com","Web","187694868","6814116","180880752"
"Yahoo Mail v.2.0","Email","127867687","24199713","103667974"
"Youtube.com","Media","8754608959","542604989","8212003970"
"Facebook","Social Networking","41435136099","2643229757","38791906342"
"Google Ads","Web","865689834","138404144","727285690"
"Windows Live Hotmail","Email","122020802","8208327","113812475"
"WordPress.com","Social Networking","21107581","1025097","20082484"
"LinkedIn","Social Networking","96082277","13631355","82450922"
"Apple Generic Services","Web","5999775407","334044302","5665731105"
"Online Certificate Status Protocol","Business Application","19352517","6697894","12654623"
"Steampowered.com","Gaming","31535661","925175","30610486"
"Xbox Live","Gaming","21263864","1696198","19567666"
"Odnoklassniki.ru","Social Networking","32483","3199","29284"
"Twitter","Social Networking","215212570","15895300","199317270"
"Yelp.com","Web","7965594","237357","7728237"
"Yandex.ru","Web","6130357","1905374","4224983"
"iTunes","Media","720237719","98532747","621704972"
"Spotify","Media","208466979","26089578","182377401"
"Bing.com (formerly MSN Search)","Web","729180509","185155585","544024924"
"Baidu.com","Web","6482900","736312","5746588"
"Teredo protocol","Tunneling and VPN","78683796","5289798","73393998"
"Windows Update","Web","7477068806","625999545","6851069261"
"Chrome Update","Web","734431233","35863714","698567519"
"Viber","Real Time Audio/Video","23795229","1542224","22253005"
"Netflix.com","Media","19138410172","661042657","18477367515"
"Google Analytics,Google Marketing Platform","Web","168649746","44059889","124589857"
"Google GStatic","Web","1635365070","100776883","1534588187"
"Salesforce","Business Application","10107006","1788249","8318757"
"Portal.TidalTV.com","Web","836325","184336","651989"
"SiriusXm.com","Media","9285","1631","7654"
"YouKu","Media","1236450","1183696","52754"
"Google Generic","Web","1216127008","173894429","1042232579"
"AccuWeather","Web","4731124","813647","3917477"
"Adobe Acrobat DC (Document Cloud)","Web","325851","119941","205910"
"Amazon Generic Services","Web","2109080105","870265595","1238814510"
"Mozilla.com - Mozilla.org","Web","17261073","6489392","10771681"
"Weather.com","Web","11188960","1225423","9963537"
"Xbox","Gaming","25542","3874","21668"
"WhatsApp Messenger","Internet Instant Messaging","13452939473","5239883097","8213056376"
"Taobao","Web","5339601","2091001","3248600"
"Google App Engine","Business Application","5088385","921561","4166824"
"Apple App Store","Web","5749531770","234235620","5515296150"
"Windows Marketplace","Web","1196168865","73085528","1123083337"
"Apple Push Notification Service","Web","356864532","243334260","113530272"
"iOS over-the-air (OTA) update","Web","2727389841","82176950","2645212891"
"Samsung Apps","Web","24939717","4123944","20815773"
"Google Play Store","Media","856415657","185553399","670862258"
"Line","Internet Instant Messaging","235387","64591","170796"
"iCloud (Apple)","Storage and Backup","4183388960","2923852716","1259536244"
"Instagram","Web","16497199819","1093315577","15403884242"
"SoundCloud","Media","135240176","19053723","116186453"
"Amazon Web Services/Cloudfront CDN","Infrastructure","3115991448","977194665","2138796783"
"Amazon Prime Video","Media","128706507","6766603","121939904"
"QQ.com","Web","526786549","20608625","506177924"
"Akamai Technologies CDN","Web","407349736","15949660","391400076"
"Microsoft Azure (previously Windows Azure)","Infrastructure","143704833","9360374","134344459"
"Datagram Transport Layer Security","Tunneling and VPN","356265150","67239735","289025415"
"Yahoo.com","Web","476069287","103377353","372691934"
"WeChat","Internet Instant Messaging","931739135","40911229","890827906"
"Google Talk (incl. Hangouts and Allo and Duo)","Real Time Audio/Video","136427399","36210761","100216638"
"CloudFlare CDN","Infrastructure","2079096865","155668875","1923427990"
"Microsoft Office 365","Business Collaboration","1768325655","236667156","1531658499"
"Zoho Corporation","Business Application","13634055","5348439","8285616"
"Nokia Here API","Web","3869761","503301","3366460"
"Microsoft SharePoint Online (Office 365)","Business Application","67722673","11188672","56534001"
"Speedtest","File Sharing","951884","380829","571055"
"Pinterest","Web","48875983","6184173","42691810"
"Microsoft Outlook (Office 365)","Business Application","1068508984","312339070","756169914"
"Reddit.com","Web","401670907","22007219","379663688"
"Internet Movie Database","Web","32596755","1510905","31085850"
"Apple SIRI","Web","54432463","30706039","23726424"
"Google Documents (aka Google Drive)","Storage and Backup","29933994","11934180","17999814"
"Apple Maps","Web","2769139","120598","2648541"
"Paypal.com","Web","4636393","613285","4023108"
"Kijiji.ca","Web","182698404","33044497","149653907"
"Google Accounts","Web","102643884","30298011","72345873"
"Amazon Ad System","Web","120318738","29114008","91204730"
"Snapchat","Social Networking","5488123374","451541168","5036582206"
"AddThis","Web","9729823","731190","8998633"
"Turn","Web","3091995","768556","2323439"
"ScorecardResearch","Web","52368005","7848701","44519304"
"Quantcast","Web","10605967","1869724","8736243"
"Telegram","Internet Instant Messaging","155060994","9616681","145444313"
"Symantec","Web","5729445","1044208","4685237"
"Oracle","Web","4224957","1071514","3153443"
"Bitstrips","Social Networking","86626518","6559166","80067352"
"Criteo","Web","100392196","28432158","71960038"
"Adobe","Business Application","473117146","61916219","411200927"
"Zendesk","Business Collaboration","8576935","626415","7950520"
"Google Safe Browsing","Web","37352917","5999613","31353304"
"Inneractive","Web","43398414","28787760","14610654"
"Flurry","Business Application","28520312","7944731","20575581"
"Samsung","Web","82870636","32709178","50161458"
"Crashlytics","Web","7223496","1996064","5227432"
"Facebook Messenger","Internet Instant Messaging","2778655188","883262255","1895392933"
"InMobi","Web","24069815","9548441","14521374"
"AppsFlyer","Business Application","30958735","8489169","22469566"
"Gravatar","Business Collaboration","1362713","291942","1070771"
"Nielsen","Web","3841224","776012","3065212"
"Stickyads","Web","16707518","5247005","11460513"
"Mixpanel","Web","5992949","3822309","2170640"
"Smart AdServer","Web","75412584","32513051","42899533"
"Google Cloud Storage","Web","1368913992","1202520393","166393599"
"Google Cloud Messaging","Web","77041280","19160998","57880282"
"Apple Location","Web","1423713256","248842444","1174870812"
"OpenX","Web","11530899","3323735","8207164"
"PubMatic","Web","87889887","39694470","48195417"
"Index Exchange (previously Casale Media)","Web","29027740","7878205","21149535"
"LOTAME","Web","8606658","1586733","7019925"
"Rubicon Project","Web","119429405","36857628","82571777"
"Sizmek (previously MediaMind)","Web","7349258","445907","6903351"
"AppNexus","Web","212565053","117285625","95279428"
"Rlcdn","Web","8368538","1594502","6774036"
"HyperText Transfer Protocol version 2","Web","3826310589","1053643731","2772666858"
"GitHub","Web","9188936","1172671","8016265"
"Advertising.com","Web","2454409","696333","1758076"
"Google Tag Manager","Web","132250088","9730781","122519307"
"Facebook Embedded Video","Media","1741053037","61949117","1679103920"
"Ad Safe Protected","Web","81614665","13242240","68372425"
"Adjust.com","Web","6924986","2739108","4185878"
"Scotiabank","Web","18129389","3958548","14170841"
"Atlas Solutions","Web","230455","71077","159378"
"Urbanairship","Web","1013972","230679","783293"
"BootstrapCDN","Web","4141057","352336","3788721"
"Apple Music","Media","2632950596","109927654","2523022942"
"Outbrain","Web","55609201","10827588","44781613"
"Fastly","Web","1263450","116715","1146735"
"Applovin","Web","397050548","98023178","299027370"
"Android connectivity Manager","Network Service","7517922","3835120","3682802"
"Moat","Web","78693481","19742055","58951426"
"Krux","Web","5066720","681107","4385613"
"Microsoft Office OneNote (Office 365)","Business Application","2050471","856795","1193676"
"Heap","Web","81433809","51062211","30371598"
"Branch Metrics","Web","25271688","5426839","19844849"
"Optimizely","Web","7571491","1551863","6019628"
"Taboola","Web","168550311","34824321","133725990"
"Uptodown","Web","101860298","2489367","99370931"
"Rackspace","Web","1771282031","208281995","1563000036"
"Ensighten","Web","5745458","2325214","3420244"
"Smaato","Web","23435625","5995319","17440306"
"Verizon","Web","5396559","3346494","2050065"
"MediaMath","Web","5308907","1780450","3528457"
"LKQD","Web","2941593","1155178","1786415"
"Everest Technologies","Web","11433726","2616287","8817439"
"TubeMogul","Web","533088","87986","445102"
"SpotXchange","Web","2908637","973850","1934787"
"Microsoft OneDrive","Web","1026277755","633165908","393111847"
"Microsoft","Web","3681642180","1229811349","2451830831"
"Umeng","Web","438853","223385","215468"
"New Relic","Web","48003313","30360768","17642545"
"Google Photos (formerly Google Picasa)","Web","3045749","820188","2225561"
"Liftoff","Web","1403925","486349","917576"
"Uber (formerly UberCab)","Web","15243739","3074093","12169646"
"Conversant","Web","4193865","1355377","2838488"
"Bazaarvoice","Web","26793271","5483491","21309780"
"Teads","Web","8771438","1671761","7099677"
"MQ Telemetry Transport","Network Service","66378506","48077354","18301152"
"Adform","Web","8383474","1888109","6495365"
"hotjar","Web","19079931","7688339","11391592"
"ZoomMeetings","Business Collaboration","934420089","144552559","789867530"
"HyperText Transfer Protocol proxy","Network Service","36518929","11973052","24545877"
"Innovid","Web","93821350","3696364","90124986"
"GIPHY","Web","30640499","1170058","29470441"
"Firebase Cloud Messaging","Web","136374870","71325815","65049055"
"IMO Video Calling Application","Media","40493053","19916760","20576293"
"Bidswitch","Web","17334130","6553185","10780945"
"Amazon Music","Media","202308","100304","102004"
"Bugsnag","Web","1219664","395577","824087"
"Apple Game Center","Gaming","9539085","5015755","4523330"
"Tealium","Web","8236453","4642045","3594408"
"AdColony","Web","3013604","1029714","1983890"
"Samsung Update","Web","4967592532","305319144","4662273388"
"Yandex Disk","Web","145714","12917","132797"
"DoubleVerify","Web","58199302","13598802","44600500"
"Media Innovation Group","Web","1174380","276774","897606"
"Avast","Web","7749839","1317090","6432749"
"Okta","Web","160853163","44067128","116786035"
"PulsePoint","Web","5181620","1845218","3336402"
"eXelate","Web","2884281","882588","2001693"
"Optus","Web","436253","31213","405040"
"Google Secure User Plane Location","Web","11278274","2745921","8532353"
"Amplitude","Web","20012038","15981359","4030679"
"Google Cloud Platform","Web","22966763","7503634","15463129"
"Microsoft teams","Internet Instant Messaging","1161959082","90179471","1071779611"
"Data Saver","Web","554709893","12741105","541968788"
"Tenor","Web","13174557","1037783","12136774"
"Cisco","Web","11307084","4057671","7249413"
"IronSource","Business Application","126477710","10281636","116196074"
"Text Me","Internet Instant Messaging","13127893","5508539","7619354"
"textPlus","Internet Instant Messaging","226460","31270","195190"
"Disqus","Web","12368339","974965","11393374"
"Grammarly","Web","16220626","6879188","9341438"
"Simpli.fi","Web","1545585","358102","1187483"
"ByteDance","Web","118639534","9109346","109530188"
"TikTok (Musical.ly)","Social Networking","30208462306","2261773437","27946688869"
"Visual IQ","Web","324668","83527","241141"
"Google Play Books","Web","123713","23518","100195"
"Apple News","Web","141590020","10587878","131002142"
"Google GSuite","Web","3605631","389650","3215981"
"Vungle","Web","106356383","6045055","100311328"
"Google APIs","Web","1754095091","695454889","1058640202"
"Amazon Cognito","Web","16767540","5588430","11179110"
"Unknown virtual protocol","Unclassified","2656764968","113205648","2543559320"
"Gaana","Real Time Audio/Video","17938","3097","14841"
"Unknown virtual protocol","Unclassified","254209952","43591832","210618120"
"Unknown virtual protocol","Unclassified","62817012","28111984","34705028"
"Unknown virtual protocol","Unclassified","2653300","1022702","1630598"
"Unknown virtual protocol","Unclassified","4364525","259864","4104661"
"Google Pay","Web","3285601","818013","2467588"
"Wireguard","Tunneling and VPN","2293156389","244927298","2048229091"
"Google Messages","Internet Instant Messaging","26106372","17762290","8344082"
"Bigo","Web","4510512","359714","4150798"
"Shopify","Web","53740979","2977609","50763370"
"Likee","Internet Instant Messaging","5496908","1354963","4141945"
"KOCHAVA","Web","1295007","374885","920122"
"Sift Science","Web","151366","61360","90006"
"Connatix","Real Time Audio/Video","52386953","4910686","47476267"
"Pendo","Web","9267811","1733709","7534102"
"Go Daddy","Web","6480509","295094","6185415"
"Contentful","Web","291883359","22026103","269857256"
"Indeed","Web","42167293","12035042","30132251"
"TMZ","Web","2408369","120137","2288232"
"Digicert","Web","7180574","2426999","4753575"
"Font Awesome","Web","13822997","1078045","12744952"
"Intercom","Web","134320094","55537035","78783059"
"SD-WAN Control","SD-WAN","50686908079","28112449054","22574459025"
"SD-WAN Management","SD-WAN","1401123768","610280554","790843214"
"Riverbed","Tunneling and VPN","6948","2048","4900"
"TencentMeeting","Business Collaboration","121377273","56687687","64689586"
"163.com","Web","5709","4354","1355"
"Tinder","Web","12094891","766680","11328211"
"Alibaba Cloud","Web","55053325","3743945","51309380"
"Spotify Audio","Real Time Audio/Video","273163610","7612463","265551147"
"BitTorrent","Peer to Peer","27053","4637","22416"
"Google Earth","Web","587301974","21697626","565604348"
"Google Groups","Social Networking","77209","14105","63104"
"Lighweight Directory Access Protocol","Authentication","96359","41026","55333"
"Netbios Name Service","Network Service","5190","4446","744"
"Network News Transport Protocol","Network Service","58882","31734","27148"
"Post Office Protocol (Version 3)","Email","10832091","347055","10485036"
"Secure POP3","Email","31627","7975","23652"
"QQ","Internet Instant Messaging","420402","57916","362486"
"Real Time Streaming Protocol","Media","10722","7128","3594"
"Session Initiation Protocol","Business Application","58544","30877","27667"
"Simple Mail Transfer Protocol","Email","509805","389660","120145"
"Simple Network Management Protocol","Management","279151","279151","0"
"SOCKet Secure v5","Tunneling and VPN","3575","1724","1851"
"VMWare","Remote Desktop","4413","600","3813"
"Wireless Session Protocol","Network Service","241129","158816","82313"
"Wireless Transaction Protocol","Network Service","117050","101650","15400"
"Yahoo Search","Web","920262","96564","823698"
"Secure AIM","Internet Instant Messaging","2169989","138757","2031232"
"Ask.com","Web","534973","58312","476661"
"Tagged.com","Social Networking","179251","120137","59114"
"Expedia.fr","Web","1860636","398661","1461975"
"Travelocity.com","Web","10780","1814","8966"
"Realtor.com","Web","157730","11304","146426"
"Flickr","Social Networking","480711","20623","460088"
"Yahoo webmail for mobile","Email","31827","6667","25160"
"Mail.ru Webmail","Email","150740","37814","112926"
"Badoo.com","Internet Instant Messaging","24902","11606","13296"
"DeviantArt.com","Web","5860","532","5328"
"Flixster.com","Web","520651","27111","493540"
"Foursquare.com","Web","122558","44295","78263"
"Goodreads.com","Web","17015","1740","15275"
"Meetup","Web","9833","2941","6892"
"ResearchGATE.net","Web","300883","17159","283724"
"Tumblr","Social Networking","9990161","591505","9398656"
"Vk.com (Vkontakte)","Social Networking","282502","19294","263208"
"Vox.com","Web","31676","2669","29007"
"TeamViewer","Remote Desktop","261637646","68052402","193585244"
"Adobe Flash Plugin Update","Web","327426","27624","299802"
"Firefox Update","Web","5072742","1589579","3483163"
"Java Update","Web","42530","1794","40736"
"Apple Update","Web","4166801","145058","4021743"
"Archive.org","Web","537844","22758","515086"
"Debian/Ubuntu Update","Web","82362","31173","51189"
"Opera Update","Web","2972916","1064508","1908408"
"icecast","Media","653825","17442","636383"
"BitDefender Update","Web","9372863","7284122","2088741"
"Symantec Norton AntiVirus Updates","Web","1717963","32642","1685321"
"Kaspersky Update","Web","548876","458591","90285"
"BBC Player","Media","27894","9296","18598"
"Garena","Web","598863","30127","568736"
"Box","File Sharing","103918","18837","85081"
"Dropbox","Storage and Backup","102315475","41641329","60674146"
"Google Translate","Web","12912301","2177218","10735083"
"iHeartRADIO","Media","240514","17758","222756"
"PartyPoker.com","Gaming","4637732","422211","4215521"
"Psiphon","Web","512939","223105","289834"
"Zoho CRM","Business Application","8337","1208","7129"
"WebEx","Business Collaboration","898384","266887","631497"
"Bloomberg.com","Web","339907","22439","317468"
"Microsoft Office Communicator","Internet Instant Messaging","479348","106221","373127"
"BlackBerry.com","Web","50726","12801","37925"
"My Yahoo","Web","7472","1596","5876"
"ABCNews","Web","1246419","73095","1173324"
"Acer","Web","4227816","160029","4067787"
"Alexa","Web","88115","12506","75609"
"ATT.com (AT&T)","Web","1030501","155884","874617"
"Blogger","Web","2863844","145177","2718667"
"Capital One","Web","12117005","1239068","10877937"
"Cnet.com","Web","330928","23398","307530"
"CNN (Cable News Network)","Web","23050346","3265723","19784623"
"Comcast","Web","6060718","590225","5470493"
"Daily Mail","Web","3560613","461901","3098712"
"Daum.net","Web","23260","7026","16234"
"Fox News","Web","2872248","182667","2689581"
"Intuit.com","Business Application","4264294","1745132","2519162"
"Kaspersky.com","Web","157641222","6153804","151487418"
"Monster.com","Web","18989","3457","15532"
"NASA.gov","Web","8219581","329907","7889674"
"Naver Corporation (formerly NHN Corporation)","Web","6442423","187369","6255054"
"NBA.com","Web","354835","23503","331332"
"Nike.com","Web","64608229","9555221","55053008"
"NYTimes.com","Web","6408492","286513","6121979"
"Reuters.com","Web","6794","584","6210"
"Sky","Web","63094","4048","59046"
"SlideShare","Web","120097","4764","115333"
"Sports Illustrated","Web","7748","675","7073"
"SurveyMonkey.com","Web","35550","4504","31046"
"Univision.com","Web","15396051","433224","14962827"
"Vimeo","Web","24902993","972667","23930326"
"WashingtonPost.com","Web","979794","69513","910281"
"XNXX","Web","1311222","73305","1237917"
"Youporn","Web","8078","1861","6217"
"Sophos update","Business Application","1302927","489606","813321"
"GMX webmail","Email","38853","8554","30299"
"Apple FaceTime","Real Time Audio/Video","1313576857","285641827","1027935030"
"Scribd.com","Web","4802","422","4380"
"Hulu","Media","16417","3883","12534"
"Shazam","Web","13238","2213","11025"
"TuneIn","Real Time Audio/Video","795053","32583","762470"
"KakaoTalk","Internet Instant Messaging","419391","114604","304787"
"Chosun services","Web","572139","54408","517731"
"NetMarble.com","Web","1058951","212267","846684"
"Sohu.com","Web","24142071","3676592","20465479"
"Alipay","Web","79804","35658","44146"
"Sogou.com","Web","8134","4695","3439"
"360.cn","Web","5312","386","4926"
"Alibaba.com","Web","17401583","749975","16651608"
"Zynga.com","Gaming","18050245","4899821","13150424"
"Limelight Networks CDN","Web","452427575","20472133","431955442"
"ISO Base Media File Format","Real Time Audio/Video","291473129","12874147","278598982"
"KIK Messenger","Internet Instant Messaging","1964901","1174657","790244"
"MiTalk Messenger (Miliao)","Internet Instant Messaging","1550","856","694"
"Rakuten.co.jp","Web","375576","50092","325484"
"QQ Games","Gaming","29793","14086","15707"
"MeetMe.com","Social Networking","715534","32029","683505"
"Microsoft Skype for Business (formerly Microsoft Lync Online) (Office 365)","Business Collaboration","9332","4252","5080"
"ESPN.go.com","Web","15941585","1365118","14576467"
"BuzzFeed.com","Web","7134791","1171195","5963596"
"Imgur.com","Storage and Backup","70785369","1864046","68921323"
"xHamster.com","Web","245423","56452","188971"
"Evernote","Web","55131646","17649522","37482124"
"WebSocket","Network Service","3854","1964","1890"
"Bet365.com","Web","21614","7421","14193"
"Issuu.com","Web","571094","59458","511636"
"LastPass.com","Web","58412","16566","41846"
"Saavn Bollywood Music","Media","69236","5296","63940"
"BBC","Web","491602301","10298119","481304182"
"Softonic.com","Web","163923","11145","152778"
"Marca.com","Web","468634","70508","398126"
"Kooora.com","Web","514602","245564","269038"
"ESPNCricinfo.com","Web","553675","42278","511397"
"Apple HTTP Live Streaming","Real Time Audio/Video","81162759","1915005","79247754"
"craigslist","Web","443","203","240"
"Ekantipur.com","Web","446186","55726","390460"
"Hurriyet.com.tr","Web","40649","10598","30051"
"Indiatimes","Web","2374649","101029","2273620"
"Background Intelligent Transfer Service","File Sharing","72015246","8526616","63488630"
"AllMusic.com","Media","587930","36456","551474"
"Conviva","Infrastructure","2007446","1269782","737664"
"EdgeCast Networks CDN","Infrastructure","310743","31411","279332"
"AliExpress.com","Web","2079084","98885","1980199"
"Clarin.com","Web","322026","30271","291755"
"Rt.com","Web","591867","31130","560737"
"Wp.pl","Web","24914","6157","18757"
"Ask.fm","Social Networking","221299","8798","212501"
"Flipkart.com","Web","9982","1638","8344"
"GossipLankaNews.com","Web","233820","19283","214537"
"Lanacion.com.ar","Web","4836453","335571","4500882"
"Perfect Dark","Peer to Peer","8120","1232","6888"
"News","Web","1089172","68747","1020425"
"Aol","Web","6624134","534565","6089569"
"Gameloft Games","Gaming","17014122","2814528","14199594"
"Yadro","Web","48686","19392","29294"
"Candy Crush Saga","Gaming","6028613","2091588","3937025"
"King Digital Entertainment","Gaming","2085778","181125","1904653"
"Waze Social GPS Maps & Traffic","Web","2669363","214345","2455018"
"Huffington Post","Web","180549","6403","174146"
"TRUSTe","Web","5941787","753750","5188037"
"Digital River","Web","927436","142110","785326"
"Traffic Factory","Business Application","246324","13779","232545"
"Brightcove","Media","6968817","382516","6586301"
"Plenty Of Fish","Web","1564205","164974","1399231"
"Twitch","Media","192464","112297","80167"
"BoldChat Live Chat","Internet Instant Messaging","519976","159573","360403"
"Apsalar","Business Application","14479","2850","11629"
"FreeWheel","Web","2554016","692551","1861465"
"Xiaomi","Web","310239","91749","218490"
"Turner","Web","15166338","409030","14757308"
"zalo","Internet Instant Messaging","486933","23148","463785"
"Cedexis","Web","7273022","2353325","4919697"
"Amazon Cloud Drive","Web","390113","359551","30562"
"Lazada","Web","1480577","120987","1359590"
"Gettyimages","Web","28624087","1696678","26927409"
"Google Calendar","Web","35546588","6396063","29150525"
"Theladbible","Web","400511","35276","365235"
"Flipboard","Web","27367924","2245971","25121953"
"Traffic Junky","Web","6138","480","5658"
"CPMSTAR","Web","12972","2048","10924"
"ADTECH","Web","642978","74962","568016"
"AOL One","Web","1328278","409646","918632"
"Realestate","Web","110632","20814","89818"
"Constant Contact","Web","2104425","133953","1970472"
"Bitbucket","Web","18146","5022","13124"
"Atlassian","Web","63621","30583","33038"
"Pastebin","Web","15456","4208","11248"
"Kakaocdn","Infrastructure","888937","57897","831040"
"SourceForge","Web","7194","1568","5626"
"My.com","Web","26335","9605","16730"
"Bizographics","Web","13244","2137","11107"
"Helpshift","Web","429288","106773","322515"
"Xbox Video (Microsoft Movies and Tv)","Web","7347100","306060","7041040"
"CBS Video","Web","23101933","1841711","21260222"
"LogMeIn","Remote Desktop","142347","6399","135948"
"Unruly","Web","4341215","1674665","2666550"
"Disney Channel","Web","1609088","79023","1530065"
"Rogers TV","Web","6036642","620957","5415685"
"UpLynk","Web","846355","105669","740686"
"NBC","Web","315710","18033","297677"
"Localytics","Web","1442942","216306","1226636"
"MoPub","Web","151125","44855","106270"
"Microsoft Translator (Bing Translator)","Web","6810","1595","5215"
"Perform","Web","708447","70116","638331"
"Periscope","Media","59077170","2312076","56765094"
"Olark","Web","77542","9426","68116"
"Liveperson","Web","6761794","1039137","5722657"
"Rovi corporation","Web","2910333","200024","2710309"
"Zopim","Web","979839","308198","671641"
"Mapbox","Web","1787901","190935","1596966"
"Bukalapak","Web","7558","804","6754"
"SDE","Web","562987","25380","537607"
"ABS-CBN Entertainment","Web","20089","4659","15430"
"Debian","Web","6342","578","5764"
"Rollout","Web","486364","58353","428011"
"Microsoft Excel Online (Office 365)","Web","7898009","5184823","2713186"
"Signal","Web","331677","62927","268750"
"LiveChat","Web","1761122","209175","1551947"
"Riffsy (Tenor.co)","Web","7450532","701699","6748833"
"Tune","Web","46117","15517","30600"
"Braintree","Web","248444","46158","202286"
"jQuery","Web","11980178","1219256","10760922"
"China Daily","Web","40838","2949","37889"
"Rappler","Web","316413","9578","306835"
"Revcontent","Web","2991353","511332","2480021"
"Hola Web Proxy","Web","2054472","410580","1643892"
"BitComet Peer Exchange (PEX)","Peer to Peer","22446","0","22446"
"MobFox","Web","26235","4352","21883"
"QQVideo","Web","321721","11535","310186"
"Slack","Web","279086","76197","202889"
"Younow","Web","13443028","5774207","7668821"
"Clicktale","Web","6402840","3486832","2916008"
"Adk2","Web","10069","1357","8712"
"Pokemon GO","Gaming","95063","56475","38588"
"CDNetworks","Infrastructure","18392","4259","14133"
"Weborama","Web","208426","32984","175442"
"Highwinds","Web","5564105","258524","5305581"
"StackOverflow","Web","359655","13015","346640"
"Wix","Web","48275732","13131281","35144451"
"Eskimi","Web","204295","13686","190609"
"Shutterstock","Web","1644408","59743","1584665"
"Ubuntu","Web","346157834","11511550","334646284"
"Heroku","Web","1194053","81261","1112792"
"Clash of Clans","Gaming","30523156","1276934","29246222"
"Supercell","Gaming","348818","85348","263470"
"Microsoft Word Online (Office 365)","Business Collaboration","13852197","371975","13480222"
"Microsoft Powerpoint Online (Office 365)","Business Collaboration","39652087","26512897","13139190"
"Signal Private Messenger (Open Whisper Systems)","Internet Instant Messaging","846605","514267","332338"
"StreamRail","Media","268326","48179","220147"
"Vidyard","Web","9429016","331995","9097021"
"Nintendo","Gaming","1558307","588547","969760"
"Rozetka","Web","1838","376","1462"
"ADventori","Web","189870","33959","155911"
"Audible","Real Time Audio/Video","699302","287231","412071"
"Flashtalking","Web","21225301","3181309","18043992"
"Sharethrough","Web","33693024","11208661","22484363"
"Yieldmo","Web","11965902","2733765","9232137"
"Google Classroom","Web","324839","128631","196208"
"Huawei","Web","3450479","1146133","2304346"
"MGID","Web","5952668","396017","5556651"
"ULP","Network Service","205913","10654","195259"
"AnyDesk","Remote Desktop","6781540","5718937","1062603"
"Naij","Web","64342","6355","57987"
"Savefrom","Web","65723","6745","58978"
"MaxCDN","Web","6647","1273","5374"
"Walmart","Web","1593081","859059","734022"
"DocuSign","Web","2362966","395723","1967243"
"Automatic Data Processing (ADP)","Web","2295657","90805","2204852"
"Microsoft Power BI (Office 365)","Web","42464","5746","36718"
"Autodesk Fusion 360","Tunneling and VPN","4014395","279705","3734690"
"Sonobi","Web","8269466","3287451","4982015"
"Cloudinary","Web","29239100","1246737","27992363"
"Vivox","Internet Instant Messaging","170626","81838","88788"
"Citrix Cloud","Web","15481184","3555145","11926039"
"Sportradar","Web","350050","65115","284935"
"Clash Royale","Gaming","421276","76406","344870"
"Origin","Web","1541579","565357","976222"
"Mail.com","Email","266727","39906","226821"
"United Internet","Web","30340","6833","23507"
"shopee.tw","Web","37211180","4777927","32433253"
"Electronic Arts","Web","682878","207727","475151"
"Facebook Lite","Social Networking","3006211","517597","2488614"
"Kakao","Web","9789","2291","7498"
"Digioh","Web","616940","26547","590393"
"Apptimize","Web","49839","28932","20907"
"UC Browser","Web","192672","150125","42547"
"Mediascope","Web","19859","4078","15781"
"Domain Name Service Crypt","Network Service","80442","33567","46875"
"Adtelligent","Web","11088164","5477849","5610315"
"Youtube Music","Media","2744072","322680","2421392"
"Akamai Video","Media","16918941","626059","16292882"
"Splunk Cloud","Storage and Backup","21318","8468","12850"
"Fox Networks","Web","292525","12821","279704"
"AnchorFree","Tunneling and VPN","13279","10394","2885"
"IBM","Web","113558","4968","108590"
"Spring Tech VPN","Tunneling and VPN","1781067250","217236445","1563830805"
"Microsoft AD Right Management Service","Business Application","121435","69893","51542"
"Azure Right Management Service","Business Application","464","260","204"
"RingCentral","Business Collaboration","1230531","48626","1181905"
"Google News","Web","783399","53238","730161"
"Alibaba Group","Web","209351","32983","176368"
"CyberGhost","Tunneling and VPN","5584","1727","3857"
"Discord","Internet Instant Messaging","27489631","1205945","26283686"
"TechRadar","Web","1329906","96089","1233817"
"Future_plc","Web","11667625","770992","10896633"
"Wish","Web","113364348","9579709","103784639"
"ProtonMail","Email","21181","2387","18794"
"Bluehost","Web","37900","10187","27713"
"Ted Conferences","Web","2397","1232","1165"
"WorkspaceOne","Web","4226891","1357457","2869434"
"iBooks","Web","138192","39094","99098"
"Fandom","Web","3046838","113249","2933589"
"W3Schools","Web","13810","1881","11929"
"OpenSignal","Web","240348","75484","164864"
"Megaphone","Web","479034710","11610396","467424314"
"TripAdvisor","Web","10200795","764051","9436744"
"Moodle","Social Networking","9221424","389348","8832076"
"PubNub","Web","410951","102137","308814"
"Unknown virtual protocol","Unclassified","679229","207941","471288"
"Unknown virtual protocol","Unclassified","32914419","1519642","31394777"
"Unknown virtual protocol","Unclassified","3883724","209547","3674177"
"Google Blog","Web","15989","2091","13898"
"Discovery Inc","Real Time Audio/Video","13324","2455","10869"
"Eurosport","Web","2573771","81896","2491875"
"Eurosport Player","Real Time Audio/Video","19471","5529","13942"
"Bumble","Web","17545517","826154","16719363"
"National Public Radio","Web","115185","4967","110218"
"Acast","Real Time Audio/Video","334355379","11258862","323096517"
"Firework","Internet Instant Messaging","500264","96467","403797"
"Banggood","Web","87313","10485","76828"
"JWPLAYER","Web","91267561","3540282","87727279"
"Google Stadia","Web","1626272","36575","1589697"
"BAMTech","Real Time Audio/Video","15653436","10447043","5206393"
"Disney Plus","Real Time Audio/Video","865105810","27728359","837377451"
"Apple TV Plus","Real Time Audio/Video","14909476","475705","14433771"
"Grand Theft Auto 5","Gaming","153544","21974","131570"
"Quora","Social Networking","7159192","610104","6549088"
"Toutiao","Web","14243","2480","11763"
"Tuchong","Web","266207","249079","17128"
"Airbnb","Web","5585876","192724","5393152"
"Activision-Blizzard","Web","1013097","22064","991033"
"MediaLab","Web","2730862","732549","1998313"
"Wangwang","Internet Instant Messaging","153770","104047","49723"
"Browsec VPN","Tunneling and VPN","607006904","57081598","549925306"
"Workday","Business Application","6766669","301144","6465525"
"Service Now","Web","37440","12678","24762"
"LocationIQ","Web","7646","1298","6348"
"StackPath","Web","773725","19855","753870"
"Uber Eats","Web","988761","189767","798994"
"DoorDash","Web","120244","42754","77490"
"Houseparty","Real Time Audio/Video","56246","8280","47966"
"Acronis Backup","File Sharing","3693358","286282","3407076"
"Citrix","Web","51412","25984","25428"
"Microsoft Dynamics","Business Application","1299682","707452","592230"
"Digital Turbine","Web","8150","4245","3905"
"adRise","Real Time Audio/Video","47925","6669","41256"
"Tubi TV","Real Time Audio/Video","1302616403","36121492","1266494911"
"Demandbase","Web","100308","8054","92254"
"ToTok Messenger","Internet Instant Messaging","23823","6720","17103"
"Amazon Alexa Assistant","Business Collaboration","182959","75138","107821"
"Yubo","Internet Instant Messaging","551385","99816","451569"
"Minute Media","Web","22123770","685542","21438228"
"UserReport","Web","269320","56999","212321"
"Hotels.com","Web","2378121","876887","1501234"
"NHL.com","Web","41455947","2457140","38998807"
"Official Major League Baseball","Web","104318","3823","100495"
"Priceline.com","Web","1941806","106920","1834886"
"Rotten Tomattoes","Web","1011728","45475","966253"
"The Daily Beast","Web","1520713","89282","1431431"
"The Free Dictionary","Web","198721","17977","180744"
"TIME","Web","50679","3722","46957"
"United Airlines","Web","7376916","4391885","2985031"
"Geforce Now","Gaming","64444","15022","49422"
"Call of Duty Mobile","Gaming","7914390","1391859","6522531"
"The Walt Disney Company","Web","51615","14015","37600"
"Wired","Web","5243409","140629","5102780"
"Kickstarter","Web","14578476","258451","14320025"
"Indiegogo","Web","514571","23628","490943"
"FedEx","Web","6232022","1026192","5205830"
"Eventbrite","Web","1972152","102588","1869564"
"G-Core Labs","Web","12972","3944","9028"
"WarnerMedia","Web","4568653","604224","3964429"
"Datadog","Web","5922929","5294695","628234"
"Unknown virtual protocol","Unclassified","17802","6934","10868"
"ShoreTel","Business Collaboration","16406","6460","9946"
