"Application","Category","Total Bytes","Bytes Received","Bytes Sent"
"Domain Name Service","Network Service","1789263364","902556149","886707215"
"eBay.com","Web","15727856","1823600","13904256"
"Google Mail","Email","1898402780","313427314","1584975466"
"Google Search","Web","1117076080","156405016","960671064"
"Google Maps","Web","59200783","17479594","41721189"
"HyperText Transfer Protocol","Web","4046851932","438244976","3608606956"
"HyperText Transfer Protocol Secure","Web","51087454937","6739167557","44348287380"
"Independant Computing Architecture (Citrix)","Remote Desktop","4492","3160","1332"
"Internet Control Message Protocol","Network Service","4094177060","2452273557","1641903503"
"Internet Message Access Protocol version 4","Email","329248160","42540913","286707247"
"Internet Message Access Protocol Secure","Email","25643776","4269593","21374183"
"Internet Protocol","Network Service","0","0","0"
"Internet Security Association and Key Management Protocol","Tunneling and VPN","568251013","335517836","232733177"
"XMPP Protocol (Jabber)","Business Collaboration","11695100","1881103","9813997"
"Kerberos","Authentication","10597235","180633","10416602"
"McAfee Client update","Business Application","86894286","16419626","70474660"
"Netbios Name Service","Network Service","13710","13710","0"
"Network Time Protocol","Network Service","1265335","690916","574419"
"Port Mapper","Network Service","3372","2040","1332"
"QQ","Internet Instant Messaging","19041707","5636238","13405469"
"Remote Desktop Protocol (Windows Terminal Server)","Remote Desktop","21184","12814","8370"
"Real Time Protocol","Business Collaboration","3195974341","1736577744","1459396597"
"SAP","Business Application","34419","4573","29846"
"Skype and Teams","Business Collaboration","53599067","12340248","41258819"
"Server Message Block (Windows File Server)","File Sharing","5052","2820","2232"
"Simple Object Access Protocol","Network Service","1774911912","959812218","815099694"
"SOCKet Secure v4","Tunneling and VPN","16877","10412","6465"
"Secure Shell","Tunneling and VPN","26698720","3770376","22928344"
"Secure Socket Layer","Tunneling and VPN","40307650253","10204448823","30103201430"
"Session Traversal Utilities for NAT","Business Collaboration","30221555","16560542","13661013"
"Transmission Control Protocol","Other TCP/UDP","4381599988","1337162815","3044437173"
"User Datagram Protocol","Other TCP/UDP","243283580136","18210471355","225073108781"
"Wikipedia.com","Web","68862000","2184056","66677944"
"X Window System","Business Application","3372","2040","1332"
"Yahoo Mail v.2.0","Email","136244046","23087791","113156255"
"Youtube.com","Media","29651220777","1530332719","28120888058"
"Facebook","Social Networking","54182604176","1616375277","52566228899"
"Google Ads","Web","1541163470","228658883","1312504587"
"Windows Live Hotmail","Email","248812347","35637275","213175072"
"Secure AIM","Internet Instant Messaging","849545","122836","726709"
"WordPress.com","Social Networking","39285053","1267790","38017263"
"LinkedIn","Social Networking","597892558","50269181","547623377"
"Apple Generic Services","Web","11902040347","374215641","11527824706"
"Online Certificate Status Protocol","Business Application","119068288","10531576","108536712"
"Xbox Live","Gaming","30751723","2117311","28634412"
"Twitter","Social Networking","3965318114","143390585","3821927529"
"Vox.com","Web","340142","30369","309773"
"iTunes","Media","4404223849","171644962","4232578887"
"Spotify","Media","4250883850","337571853","3913311997"
"TeamViewer","Remote Desktop","731379792","486716430","244663362"
"Bing.com (formerly MSN Search)","Web","714268052","130853711","583414341"
"Baidu.com","Web","1265354678","92389481","1172965197"
"Java Update","Web","339824","12987","326837"
"Windows Update","Web","11008207887","829031607","10179176280"
"Chrome Update","Web","405685660","20555338","385130322"
"Opera Update","Web","854877","262947","591930"
"icecast","Media","202088901","5845122","196243779"
"BitDefender Update","Web","74416081","11751105","62664976"
"Viber","Real Time Audio/Video","243607932","109519600","134088332"
"Netflix.com","Media","17037214592","232972680","16804241912"
"Google Analytics,Google Marketing Platform","Web","609787955","246344329","363443626"
"Google GStatic","Web","3183508972","198035897","2985473075"
"Box","File Sharing","136684","20297","116387"
"Dropbox","Storage and Backup","586717500","253539785","333177715"
"Google Translate","Web","8183691","3244515","4939176"
"Salesforce","Business Application","42830791","17795721","25035070"
"Portal.TidalTV.com","Web","907724","221753","685971"
"YouKu","Media","333270706","156831872","176438834"
"Google Generic","Web","1993393727","548108171","1445285556"
"Adobe Acrobat DC (Document Cloud)","Web","45165235","3403086","41762149"
"Amazon Generic Services","Web","5055675916","1273429582","3782246334"
"CNN (Cable News Network)","Web","42880983","3151012","39729971"
"Mozilla.com - Mozilla.org","Web","150806646","13737167","137069479"
"Naver Corporation (formerly NHN Corporation)","Web","243618010","8135484","235482526"
"Sports Illustrated","Web","260782","19648","241134"
"Vimeo","Web","1748809449","34389272","1714420177"
"Weather.com","Web","71741873","5730221","66011652"
"WhatsApp Messenger","Internet Instant Messaging","25896339132","10574128090","15322211042"
"Taobao","Web","193803544","24203762","169599782"
"Google App Engine","Business Application","1026313","189651","836662"
"Apple App Store","Web","9862338511","226179872","9636158639"
"Windows Marketplace","Web","3899572034","300787548","3598784486"
"Apple FaceTime","Real Time Audio/Video","13283938250","5837062094","7446876156"
"Apple Push Notification Service","Web","528756750","346359175","182397575"
"iOS over-the-air (OTA) update","Web","4665394076","89398033","4575996043"
"Samsung Apps","Web","208683863","9308705","199375158"
"Google Play Store","Media","3646024611","716566397","2929458214"
"Line","Internet Instant Messaging","809866","158811","651055"
"iCloud (Apple)","Storage and Backup","8093527277","3582040223","4511487054"
"Instagram","Web","77234222170","2174224311","75059997859"
"Shazam","Web","1421967","121355","1300612"
"TuneIn","Real Time Audio/Video","621915","186046","435869"
"Amazon Web Services/Cloudfront CDN","Infrastructure","6124142142","1419851485","4704290657"
"QQ.com","Web","972483022","54382572","918100450"
"163.com","Web","7210599","2143775","5066824"
"Sohu.com","Web","12724344","1501537","11222807"
"Ifeng.com","Web","998504","824766","173738"
"Alipay","Web","73210371","5295057","67915314"
"Alibaba.com","Web","2735923","1229650","1506273"
"Akamai Technologies CDN","Web","3466472457","226147779","3240324678"
"Microsoft Azure (previously Windows Azure)","Infrastructure","122204539","9509363","112695176"
"Datagram Transport Layer Security","Tunneling and VPN","740485655","221092718","519392937"
"Yahoo.com","Web","819698330","97230523","722467807"
"WeChat","Internet Instant Messaging","9138376911","1305744615","7832632296"
"QQ News","Web","1147385","125858","1021527"
"Tencent.com","Internet Instant Messaging","17302077","2119638","15182439"
"Pornhub","Web","53835","25208","28627"
"Google Talk (incl. Hangouts and Allo and Duo)","Real Time Audio/Video","9540301","3194405","6345896"
"CloudFlare CDN","Infrastructure","5453148788","648433051","4804715737"
"Microsoft Office 365","Business Collaboration","3283095926","441834273","2841261653"
"MeetMe.com","Social Networking","125810","7621","118189"
"Microsoft SharePoint Online (Office 365)","Business Application","870792692","332620712","538171980"
"Speedtest","File Sharing","8453181","275349","8177832"
"ESPN.go.com","Web","22192621","1229276","20963345"
"Pinterest","Web","554785091","24683571","530101520"
"Microsoft Outlook (Office 365)","Business Application","5001635224","1098494549","3903140675"
"Reddit.com","Web","1257534762","44613259","1212921503"
"Apple SIRI","Web","178078891","139016208","39062683"
"Imgur.com","Storage and Backup","21651360","347720","21303640"
"Google Documents (aka Google Drive)","Storage and Backup","208824822","44263183","164561639"
"Apple Maps","Web","2525437","141735","2383702"
"Paypal.com","Web","376423558","49906887","326516671"
"Kijiji.ca","Web","294205526","4554773","289650753"
"AliExpress.com","Web","46784276","2188164","44596112"
"Wp.pl","Web","672262","340279","331983"
"Google Accounts","Web","256382908","87169946","169212962"
"Amazon Ad System","Web","227835639","46615113","181220526"
"Aol","Web","2188957","534267","1654690"
"Snapchat","Social Networking","12641067769","1571517459","11069550310"
"AddThis","Web","12662358","980693","11681665"
"Turn","Web","3473848","855718","2618130"
"ScorecardResearch","Web","40905295","9898482","31006813"
"Quantcast","Web","12131328","2299259","9832069"
"Telegram","Internet Instant Messaging","538788067","43604669","495183398"
"Oracle","Web","8522757","1453180","7069577"
"Bitstrips","Social Networking","350245264","19726850","330518414"
"TRUSTe","Web","26725708","2274609","24451099"
"Criteo","Web","117320925","25884457","91436468"
"Adobe","Business Application","1941741269","164340499","1777400770"
"Google Safe Browsing","Web","36614428","11894768","24719660"
"Inneractive","Web","93936510","66159293","27777217"
"Flurry","Business Application","43454094","10020492","33433602"
"Samsung","Web","226407135","139899548","86507587"
"Crashlytics","Web","59199175","4868628","54330547"
"Facebook Messenger","Internet Instant Messaging","895055646","366169382","528886264"
"InMobi","Web","104974246","49793954","55180292"
"AppsFlyer","Business Application","43513814","14719095","28794719"
"Gravatar","Business Collaboration","2885370","306272","2579098"
"FreeWheel","Web","1763643","489561","1274082"
"Xiaomi","Web","18015939","1275703","16740236"
"Turner","Web","1602788","84424","1518364"
"Nielsen","Web","4814257","1132646","3681611"
"Stickyads","Web","14393380","6608942","7784438"
"Mixpanel","Web","8289379","5597573","2691806"
"Smart AdServer","Web","47331460","15768026","31563434"
"Cedexis","Web","5779955","1435408","4344547"
"Google Cloud Storage","Web","1954791505","1747092122","207699383"
"Google Cloud Messaging","Web","144499867","35990913","108508954"
"Google Calendar","Web","122879202","88394774","34484428"
"Apple Location","Web","4173603309","297709725","3875893584"
"quic","Network Service","19234559","6959323","12275236"
"OpenX","Web","9713137","3198290","6514847"
"PubMatic","Web","105818976","60404137","45414839"
"Index Exchange (previously Casale Media)","Web","42496427","14515774","27980653"
"LOTAME","Web","9037661","1434557","7603104"
"Rubicon Project","Web","143452538","66549504","76903034"
"ADTECH","Web","1315094","99909","1215185"
"Sizmek (previously MediaMind)","Web","27072124","2917003","24155121"
"AppNexus","Web","285005106","158385214","126619892"
"Rlcdn","Web","13100793","2790717","10310076"
"HyperText Transfer Protocol version 2","Web","5843312002","1022557403","4820754599"
"Advertising.com","Web","3203803","823525","2380278"
"Google Tag Manager","Web","298998648","18216909","280781739"
"Facebook Embedded Video","Media","15204158072","174734880","15029423192"
"Ad Safe Protected","Web","100530205","15893696","84636509"
"Helpshift","Web","435135","99660","335475"
"Adjust.com","Web","22994298","8844340","14149958"
"Scotiabank","Web","21713587","4975130","16738457"
"Atlas Solutions","Web","710818","217562","493256"
"Urbanairship","Web","4053210","1111465","2941745"
"BootstrapCDN","Web","5286610","695311","4591299"
"Apple Music","Media","2922660913","57912457","2864748456"
"Outbrain","Web","89475240","14763157","74712083"
"Fastly","Web","4322826","268792","4054034"
"Unruly","Web","7666133","4478589","3187544"
"NBC","Web","53064215","2225125","50839090"
"Localytics","Web","1799480","418575","1380905"
"Applovin","Web","546584238","160848256","385735982"
"Android connectivity Manager","Network Service","13448871","7005172","6443699"
"Moat","Web","142587114","41104149","101482965"
"Krux","Web","15502561","1816166","13686395"
"Microsoft Office OneNote (Office 365)","Business Application","87963003","17934301","70028702"
"Heap","Web","72558422","48996058","23562364"
"Branch Metrics","Web","81271484","17859970","63411514"
"Optimizely","Web","100042067","29307966","70734101"
"Taboola","Web","212162675","27676249","184486426"
"Rackspace","Web","1359854101","95468215","1264385886"
"Ensighten","Web","5322000","542131","4779869"
"Smaato","Web","6186959","2646623","3540336"
"Verizon","Web","5756097","4051534","1704563"
"MediaMath","Web","5217840","1958950","3258890"
"jQuery","Web","13514384","803890","12710494"
"Everest Technologies","Web","19813389","6091383","13722006"
"TubeMogul","Web","1370181","183435","1186746"
"SpotXchange","Web","9470693","1856829","7613864"
"Microsoft OneDrive","Web","2524367031","959002467","1565364564"
"Microsoft","Web","4763623507","703914458","4059709049"
"Revcontent","Web","5382005","898888","4483117"
"New Relic","Web","70722137","39354870","31367267"
"Google Photos (formerly Google Picasa)","Web","150666030","96941331","53724699"
"Liftoff","Web","2284061","1150071","1133990"
"Baidu Maps","Web","3686103","1037298","2648805"
"Uber (formerly UberCab)","Web","2289654344","1280302103","1009352241"
"QQVideo","Web","26095231","765749","25329482"
"Ethernet/IP","Network Service","14582","8036","6546"
"Conversant","Web","8174296","2471408","5702888"
"Bazaarvoice","Web","50008303","3379551","46628752"
"Teads","Web","9072353","2130726","6941627"
"Adform","Web","10479575","1942295","8537280"
"hotjar","Web","119968264","13877443","106090821"
"ZoomMeetings","Business Collaboration","1519756600","524572929","995183671"
"Weborama","Web","174417","32440","141977"
"HyperText Transfer Protocol proxy","Network Service","746154","386691","359463"
"Wix","Web","94215843","32589004","61626839"
"Tinder","Web","172526705","4802016","167724689"
"GIPHY","Web","149964660","3390177","146574483"
"Firebase Cloud Messaging","Web","625701846","309496557","316205289"
"Heroku","Web","964515","95475","869040"
"IMO Video Calling Application","Media","115946868","55808587","60138281"
"Bidswitch","Web","21966513","9179757","12786756"
"Clash of Clans","Gaming","203701890","2927871","200774019"
"Supercell","Gaming","1152366","286180","866186"
"Bugsnag","Web","4968417","2923034","2045383"
"Apple Game Center","Gaming","10572202","2598924","7973278"
"Tealium","Web","10071167","3551536","6519631"
"Sharethrough","Web","33665069","13702545","19962524"
"AdColony","Web","9522470","3417623","6104847"
"Yieldmo","Web","19013876","2990579","16023297"
"Huawei","Web","15409756","2731774","12677982"
"MGID","Web","4697500","385648","4311852"
"DoubleVerify","Web","74436554","15523923","58912631"
"Media Innovation Group","Web","1356002","396841","959161"
"Walmart","Web","13762956","8254032","5508924"
"Avast","Web","32710268","3313567","29396701"
"Okta","Web","67733240","12856513","54876727"
"PulsePoint","Web","5661917","2305482","3356435"
"eXelate","Web","2356579","621981","1734598"
"Sonobi","Web","10545306","3992067","6553239"
"Google Secure User Plane Location","Web","1644864","256478","1388386"
"Amplitude","Web","276423294","219873141","56550153"
"Wall Street Journal","Web","13210205","1285480","11924725"
"Google Cloud Platform","Web","17614517","5463843","12150674"
"Microsoft teams","Internet Instant Messaging","5495761299","2084940564","3410820735"
"Adtelligent","Web","3659208","699294","2959914"
"Cisco","Web","9872696","3698701","6173995"
"IronSource","Business Application","95876566","10729787","85146779"
"Disqus","Web","10063644","827406","9236238"
"Grammarly","Web","95166002","18351412","76814590"
"Simpli.fi","Web","1951892","468727","1483165"
"ByteDance","Web","324710049","54208429","270501620"
"TikTok (Musical.ly)","Social Networking","70413551396","2752372371","67661179025"
"Visual IQ","Web","587517","185405","402112"
"Alibaba Group","Web","6901479","880118","6021361"
"Alibaba Cloud","Web","483609822","134853167","348756655"
"Discord","Internet Instant Messaging","1488423457","312853535","1175569922"
"ExpressVPN","Tunneling and VPN","1924975","606719","1318256"
"Apple News","Web","355549117","20441020","335108097"
"Fandom","Web","15691117","683199","15007918"
"Vungle","Web","347413259","10252695","337160564"
"Google APIs","Web","5362646688","3233609768","2129036920"
"Megaphone","Web","549297520","5703876","543593644"
"Amazon Cognito","Web","23662172","7869576","15792596"
"Unknown virtual protocol","Unclassified","816079624","20368335","795711289"
"Unknown virtual protocol","Unclassified","46737012","4814935","41922077"
"NetEase","Web","80592093","1900390","78691703"
"Unknown virtual protocol","Unclassified","82931622","37694138","45237484"
"Unknown virtual protocol","Unclassified","76370311","70649706","5720605"
"Google Pay","Web","12924729","2653117","10271612"
"Wireguard","Tunneling and VPN","21718935325","952886451","20766048874"
"Google Messages","Internet Instant Messaging","48843121","34253052","14590069"
"JWPLAYER","Web","353104319","7776533","345327786"
"Agora","Network Service","74320356","45754895","28565461"
"Quora","Social Networking","9650224","880668","8769556"
"Toutiao","Web","6364546","161937","6202609"
"MediaLab","Web","225223","184190","41033"
"Wangwang","Internet Instant Messaging","16979659","6306387","10673272"
"Shopify","Web","147736116","6787460","140948656"
"Ximalaya","Real Time Audio/Video","16796816","2287273","14509543"
"Houseparty","Real Time Audio/Video","237063","36322","200741"
"Acronis Backup","File Sharing","50400977","3898099","46502878"
"KOCHAVA","Web","1219373","306439","912934"
"Sift Science","Web","585106","146265","438841"
"Spotify Audio","Real Time Audio/Video","3966133421","57103548","3909029873"
"Connatix","Real Time Audio/Video","163115169","5556420","157558749"
"Pendo","Web","126172031","11403270","114768761"
"Go Daddy","Web","1862644","178719","1683925"
"Contentful","Web","712832339","223201619","489630720"
"European Union","Web","10028308","324555","9703753"
"WarnerMedia","Web","66688728","3134509","63554219"
"Digicert","Web","25296694","3881889","21414805"
"Datadog","Web","850256","737640","112616"
"Font Awesome","Web","16265633","1025332","15240301"
"Intercom","Web","67394067","28371577","39022490"
"SD-WAN Control","SD-WAN","25959653968","14147863072","11811790896"
"SD-WAN Management","SD-WAN","3851807931","1643656890","2208151041"
"TencentMeeting","Business Collaboration","910023267","163894691","746128576"
"AccuWeather","Web","23405689","3345645","20060044"
"Sina.com.cn","Internet Instant Messaging","272327356","16611872","255715484"
"Amazon Prime Video","Media","249458644","13572392","235886252"
"Sogou.com","Web","467689","308127","159562"
"MiTalk Messenger (Miliao)","Internet Instant Messaging","17658276","361995","17296281"
"Marca.com","Web","91366","21359","70007"
"EdgeCast Networks CDN","Infrastructure","103481","17122","86359"
"Brightcove","Media","193886212","4937421","188948791"
"Twitch","Media","5831858457","51303046","5780555411"
"Disney Channel","Web","1779009","65528","1713481"
"Tune","Web","90529","23157","67372"
"Braintree","Web","362022","96314","265708"
"Innovid","Web","327122440","10756188","316366252"
"AnyDesk","Remote Desktop","307395","146434","160961"
"Cloudinary","Web","33960706","978358","32982348"
"Data Saver","Web","462692758","4732282","457960476"
"Tenor","Web","24215996","1994322","22221674"
"Wish","Web","573973","193640","380333"
"TripAdvisor","Web","28718650","1604811","27113839"
"Unknown virtual protocol","Unclassified","8886998","1334388","7552610"
"Roblox","Gaming","1442794173","120671651","1322122522"
"The Walt Disney Company","Web","4758284","329601","4428683"
"Border Gateway Protocol","Network Service","16724","6624","10100"
"BitTorrent","Peer to Peer","118697522","17629066","101068456"
"Dailymotion.com","Media","80853000","2437122","78415878"
"File Transfer Protocol","File Sharing","4369407","2631294","1738113"
"GPRS Tunneling Protocol","Tunneling and VPN","1096109531","79216027","1016893504"
"IPsec (AH and ESP)","Tunneling and VPN","1094038710","129981376","964057334"
"Lighweight Directory Access Protocol","Authentication","1908","1020","888"
"Post Office Protocol (Version 3)","Email","256920","5456","251464"
"Secure POP3","Email","675100","43401","631699"
"Real Time Control Protocol","Business Collaboration","4315722","2077178","2238544"
"Real Time Streaming Protocol","Media","32910","19939","12971"
"Session Initiation Protocol","Business Application","275977","142936","133041"
"Simple Mail Transfer Protocol","Email","1934802","1605796","329006"
"Simple Mail Transfer Protocol Secure","Email","21953","9124","12829"
"Simple Network Management Protocol","Management","4344885","4344885","0"
"SOCKet Secure v5","Tunneling and VPN","14397","4962","9435"
"Yahoo Search","Web","3581117","350541","3230576"
"MPEG-Transport Stream","Real Time Audio/Video","75173125","1132570","74040555"
"Simple Network Paging Protocol","Network Service","24520","2200","22320"
"4shared.com","Web","30776","2820","27956"
"Ask.com","Web","286858","5171","281687"
"Tagged.com","Social Networking","132687","86927","45760"
"Expedia.fr","Web","4719870","792461","3927409"
"Travelocity.com","Web","15286","2106","13180"
"Realtor.com","Web","20097","2678","17419"
"Flickr","Social Networking","5876531","379313","5497218"
"RuneScape","Gaming","27014","6146","20868"
"Rambler.ru","Web","285532","37157","248375"
"Yahoo webmail for mobile","Email","696406","29289","667117"
"Mail.ru Webmail","Email","4004570","522954","3481616"
"Real Time Messaging Protocol","Network Service","41186617","2123156","39063461"
"Steampowered.com","Gaming","411330866","14745114","396585752"
"Badoo.com","Internet Instant Messaging","6975","632","6343"
"Flixster.com","Web","20826574","258753","20567821"
"Foursquare.com","Web","811039","140320","670719"
"Goodreads.com","Web","680050","71588","608462"
"Italki.com","Web","5204707","764771","4439936"
"Last.fm","Media","278122","9793","268329"
"LiveJournal.com","Social Networking","141385","3132","138253"
"Meetup","Web","8174881","886093","7288788"
"Odnoklassniki.ru","Social Networking","243772","15164","228608"
"ResearchGATE.net","Web","1584469","76227","1508242"
"Tumblr","Social Networking","263096342","5163242","257933100"
"Vk.com (Vkontakte)","Social Networking","8902182","418021","8484161"
"Yelp.com","Web","38847907","2552742","36295165"
"Yandex.ru","Web","5688664","1388301","4300363"
"T.38","Network Service","64236","27876","36360"
"Adobe Update Manager","Web","164195368","8029460","156165908"
"Adobe Flash Plugin Update","Web","173125","12454","160671"
"Firefox Update","Web","73960","16251","57709"
"Apple Update","Web","19374297","445170","18929127"
"Archive.org","Web","29136222","773856","28362366"
"Fsecure Update","Web","910328","16028","894300"
"Symantec Norton AntiVirus Updates","Web","7426036","218690","7207346"
"Tango Video Calls","Real Time Audio/Video","243780","19415","224365"
"Playstation Network","Gaming","4901","4346","555"
"Avira Update","Web","6043631","274995","5768636"
"Garena","Web","101021","8803","92218"
"iHeartRADIO","Media","1529245","79317","1449928"
"Livestream (formerly Mogulus)","Media","70596","22241","48355"
"Photobucket.com","Web","87223","6240","80983"
"Psiphon","Web","23785","9658","14127"
"Shutterfly.com","Web","84709","6101","78608"
"Tokbox.com","Web","6413418","2973843","3439575"
"SiriusXm.com","Media","10455","3610","6845"
"WebEx","Business Collaboration","166220258","6018072","160202186"
"Bloomberg.com","Web","7885700","205369","7680331"
"Adobe Connect","Real Time Audio/Video","42635657","5264497","37371160"
"BlackBerry.com","Web","108479","46754","61725"
"Netware Core Protocol","Management","562","340","222"
"Flash Media Playback","Media","3346562","24562","3322000"
"10086.cn","Web","40785","7828","32957"
"Acer","Web","109887","38671","71216"
"Alexa","Web","74858","9669","65189"
"AmericanExpress","Web","150079","30161","119918"
"ATT.com (AT&T)","Web","20581","6612","13969"
"Blogger","Web","8929567","199354","8730213"
"Capital One","Web","2934583","264897","2669686"
"Cnet.com","Web","49639707","943640","48696067"
"China Network Television","Web","3187","363","2824"
"Comcast","Web","497556","34905","462651"
"Daily Mail","Web","109646275","3186630","106459645"
"Daum.net","Web","24710130","2233697","22476433"
"Fox News","Web","95103558","12966931","82136627"
"FoxSports.com","Web","3483002","168082","3314920"
"Groupon","Web","5965","839","5126"
"IKEA.com","Web","145589","6609","138980"
"Intuit.com","Business Application","3867531","1449224","2418307"
"Kaspersky.com","Web","868379","414151","454228"
"Mashable.com","Web","3420691","54351","3366340"
"Monster.com","Web","81770","13241","68529"
"NationalGeographic.com","Web","211212","5050","206162"
"NBA.com","Web","1723978","146297","1577681"
"National Football League (NFL.com)","Web","245191","41573","203618"
"Nike.com","Web","16108094","4227442","11880652"
"NYTimes.com","Web","408530142","22691869","385838273"
"PlayStation.com","Web","135699","8207","127492"
"Reuters.com","Web","4281522","115886","4165636"
"Sky","Web","66221","3531","62690"
"Sprint.com","Web","6734","1827","4907"
"SurveyMonkey.com","Web","198083","22954","175129"
"Xbox","Gaming","21266732","1158247","20108485"
"Youdao.com","Web","16091062","4516401","11574661"
"QQDownload","Peer to Peer","352","220","132"
"OICQ","Internet Instant Messaging","1696","736","960"
"Sophos update","Business Application","100834","14916","85918"
"Sina Weibo","Web","1127805669","101144036","1026661633"
"QQ WeiBo","Web","304439","67923","236516"
"Scribd.com","Web","409275","21449","387826"
"Hulu","Media","8108","1842","6266"
"SoundCloud","Media","100183014","3342965","96840049"
"KakaoTalk","Internet Instant Messaging","16077154","3932069","12145085"
"Asiae.co.kr","Web","2067316","141994","1925322"
"Chosun services","Web","2982375","985939","1996436"
"Coupang","Web","1365597","144326","1221271"
"mt","Web","11958","1694","10264"
"Tistory.com","Web","286324","59564","226760"
"WooriBank.com","Web","7846446","460189","7386257"
"Interpark.com","Web","133433","1812","131621"
"Joongang Daily","Web","273446","2147","271299"
"Tmall.com","Web","28362","6608","21754"
"cnzz.com","Web","2266","1156","1110"
"360.cn","Web","24668","7736","16932"
"58.com","Web","25549","3779","21770"
"iQiyi","Web","70457","9543","60914"
"People.com.cn","Web","34087","16824","17263"
"Zynga.com","Gaming","7590396","1358664","6231732"
"Limelight Networks CDN","Web","1688952884","35166963","1653785921"
"ISO Base Media File Format","Real Time Audio/Video","913029504","17184476","895845028"
"KIK Messenger","Internet Instant Messaging","138839","44266","94573"
"Rakuten.co.jp","Web","12657197","654761","12002436"
"Kakaku.com","Web","105811","43111","62700"
"Nikkei.com","Web","67894","46573","21321"
"Ctrip.com","Web","2905845","151625","2754220"
"LionTravel.com","Web","9531505","1443494","8088011"
"Pixnet.net","Social Networking","423292","156671","266621"
"QQ Games","Gaming","435952","314864","121088"
"QQ Mail","Email","4197306","1087491","3109815"
"Udn.com","Web","111959","2777","109182"
"Zoho Corporation","Business Application","2178909","318865","1860044"
"Nokia Here API","Web","539412","34518","504894"
"MapQuest.com","Web","254532","7880","246652"
"BuzzFeed.com","Web","864462","26124","838338"
"Internet Movie Database","Web","1417629","56781","1360848"
"ImageShack","File Sharing","12336","2262","10074"
"Evernote","Web","745383","337459","407924"
"JingDong","Web","46453600","1674996","44778604"
"WebSocket","Network Service","902437","135309","767128"
"Bet365.com","Web","79147","27457","51690"
"Issuu.com","Web","293970","18132","275838"
"LastPass.com","Web","16877","3856","13021"
"Mendeley.com","File Sharing","93426","24736","68690"
"BlackBerry Locate","Web","382523","102979","279544"
"BlackBerry OS Updates","Web","93344","19871","73473"
"Saavn Bollywood Music","Media","891893","58311","833582"
"touch","Internet Instant Messaging","2458","927","1531"
"BBC","Web","31970142","1336708","30633434"
"Softonic.com","Web","20492","3232","17260"
"ElPais.com","Web","2441913","204075","2237838"
"Kooora.com","Web","1697","324","1373"
"MercadoLibre (aka MercadoLivre)","Web","634193","91475","542718"
"ESPNCricinfo.com","Web","942872","44224","898648"
"Goal.com","Web","6136","1546","4590"
"Sapo.mz - Sapo.pt","Web","83551","2100","81451"
"Apple HTTP Live Streaming","Real Time Audio/Video","2747409","78604","2668805"
"Centrum.cz","Web","8786","2165","6621"
"Free","Web","5757","1404","4353"
"Index.hu","Web","2588953","182095","2406858"
"Allegro.pl","Web","166862","16248","150614"
"Blog.hu","Web","328802","42023","286779"
"iDNES.cz","Web","2120474","39816","2080658"
"Indiatimes","Web","4545028","207689","4337339"
"Background Intelligent Transfer Service","File Sharing","194298480","14831942","179466538"
"Seznam.cz","Web","831541","185359","646182"
"Zoznam.sk","Web","2453956","112937","2341019"
"Hotspot Shield","Tunneling and VPN","1208165","71975","1136190"
"Conviva","Infrastructure","315029","177050","137979"
"Avaz.ba","Web","19016","5436","13580"
"CAS.sk","Web","3561085","487773","3073312"
"Rt.com","Web","3255472","243497","3011975"
"UOL.com.br","Web","19549846","2556011","16993835"
"Stuff.co.nz","Web","559725","6510","553215"
"Perfect Dark","Peer to Peer","11695","647","11048"
"Fox Business Network","Web","1695363","240744","1454619"
"Vecernji","Web","15244","1338","13906"
"Gameloft Games","Gaming","51894840","998284","50896556"
"Yadro","Web","47805","20666","27139"
"Candy Crush Saga","Gaming","2739879","972976","1766903"
"King Digital Entertainment","Gaming","2507884","711545","1796339"
"Waze Social GPS Maps & Traffic","Web","34075677","1111886","32963791"
"Huffington Post","Web","243792","8168","235624"
"Fsecure","Web","268042","55547","212495"
"Symantec","Web","3686615","773520","2913095"
"Plants vs Zombies","Gaming","3121669","752504","2369165"
"OpenStreetMap","Infrastructure","732408","49402","683006"
"Videoplaza","Web","199447","63260","136187"
"Zendesk","Business Collaboration","28236441","3542550","24693891"
"Digital River","Web","2943639","157257","2786382"
"Plenty Of Fish","Web","9431213","1578341","7852872"
"BoldChat Live Chat","Internet Instant Messaging","2373910","668122","1705788"
"OkCupid","Web","572617","202089","370528"
"Apsalar","Business Application","19432","4303","15129"
"battlenet","Gaming","1001511","140753","860758"
"AAJTAK","Web","12120018","248029","11871989"
"ASANA","Web","1254876","211041","1043835"
"Taobao Ad Network and Exchange","Web","4551245","2885281","1665964"
"Amazon Cloud Drive","Web","87477","78514","8963"
"Lazada","Web","2960920","86132","2874788"
"Gettyimages","Web","35018","1646","33372"
"Theladbible","Web","406938","12919","394019"
"Flipboard","Web","777560","111231","666329"
"CPMSTAR","Web","252010","33212","218798"
"AOL One","Web","2182444","164326","2018118"
"Realestate","Web","234637","42611","192026"
"Constant Contact","Web","7640730","206563","7434167"
"GitHub","Web","2470694","689043","1781651"
"Sabah","Web","9658","1168","8490"
"Skynewsarabia","Web","9034","1784","7250"
"Atlassian","Web","20086984","13251629","6835355"
"Web.DE","Web","56520","6413","50107"
"Internet.org","Web","42480","13690","28790"
"Kakaocdn","Infrastructure","40106456","659213","39447243"
"My.com","Web","224180","111626","112554"
"GoogleBot","Web","4901","4346","555"
"CBS Video","Web","5223689","126786","5096903"
"LogMeIn","Remote Desktop","81333","7376","73957"
"Disney Junior","Web","9345","1349","7996"
"Heavy.com","Web","19946","3148","16798"
"Rogers TV","Web","65043725","4641159","60402566"
"UpLynk","Web","135200254","1697503","133502751"
"Threema","Web","240482","11284","229198"
"MoPub","Web","520076","186156","333920"
"Microsoft Translator (Bing Translator)","Web","581458","27049","554409"
"Perform","Web","13124554","115075","13009479"
"Periscope","Media","2383741","91702","2292039"
"Microsoft Sway (Office 365)","Business Application","8974","1314","7660"
"Olark","Web","700469","44118","656351"
"Liveperson","Web","18108856","1078157","17030699"
"Zopim","Web","3325257","1162252","2163005"
"Mapbox","Web","14427934","965399","13462535"
"Khaberni","Web","621523","57432","564091"
"SDE","Web","566588","11987","554601"
"Rollout","Web","5745","857","4888"
"Microsoft Excel Online (Office 365)","Web","283837862","190693778","93144084"
"Signal","Web","561270","77842","483428"
"LiveChat","Web","5371902","386130","4985772"
"Glympse","Web","6222","1168","5054"
"QINIU","Web","196007","17071","178936"
"MiaoPai","Web","29188","7098","22090"
"LKQD","Web","704311","280231","424080"
"NeuLion","Web","35577","10233","25344"
"Bleacher Report","Web","10429178","322831","10106347"
"Google Trusted Store (Google Commerce)","Web","54515","2820","51695"
"Umeng","Web","2640071","1396088","1243983"
"China Daily","Web","23731","7204","16527"
"Hola Web Proxy","Web","117756","42419","75337"
"funCaptcha","Web","6702","1845","4857"
"MobFox","Web","53527","11419","42108"
"Slack","Web","173773084","10622826","163150258"
"Younow","Web","55586306","13754609","41831697"
"MQ Telemetry Transport","Network Service","9592","5216","4376"
"Middle East Broadcasting Center (MBC Group)","Web","21162","8668","12494"
"Clicktale","Web","10349250","5868350","4480900"
"nuomi.com","Web","105411","17372","88039"
"Adk2","Web","2456145","44300","2411845"
"Pokemon GO","Gaming","17388358","3021239","14367119"
"CDNetworks","Infrastructure","2850860","276463","2574397"
"Highwinds","Web","22401448","507595","21893853"
"Douyu","Gaming","32739","3888","28851"
"StackExchange","Web","3575184","94683","3480501"
"StackOverflow","Web","239079","20347","218732"
"Namuwiki","Web","172196","4967","167229"
"Shutterstock","Web","5147991","107535","5040456"
"Amazon Music","Media","483668","124839","358829"
"Cheetah Mobile","Web","32432","9053","23379"
"Microsoft Word Online (Office 365)","Business Collaboration","25894200","1421859","24472341"
"Signal Private Messenger (Open Whisper Systems)","Internet Instant Messaging","40656390","29619744","11036646"
"StreamRail","Media","125165","21959","103206"
"Vidyard","Web","204253083","2213017","202040066"
"Nintendo","Gaming","7065400","1217768","5847632"
"OpenRTB","Web","104049","73065","30984"
"ADventori","Web","140507","33110","107397"
"Audible","Real Time Audio/Video","9112","4895","4217"
"Meituan","Web","765448","218044","547404"
"Dianping","Web","147248","41360","105888"
"Flashtalking","Web","13407807","1276310","12131497"
"QQ r2","Web","2219766","1516120","703646"
"Google Classroom","Web","1096487","122970","973517"
"Samsung Update","Web","2298380357","38641100","2259739257"
"Huawei Update","Web","8036","618","7418"
"Yandex Disk","Web","150540","25361","125179"
"Mail.Ru Love","Web","4873","1132","3741"
"ULP","Network Service","759942","44501","715441"
"Amazon Chime","Business Collaboration","20224709","10705421","9519288"
"Livescore","Web","59687","5856","53831"
"MaxCDN","Web","169870","17601","152269"
"Zhihu","Web","14318347","744775","13573572"
"China Youth League","Web","1452","542","910"
"Booking.com","Web","14459559","994358","13465201"
"Yandex Music","Real Time Audio/Video","26691","12711","13980"
"DocuSign","Web","15973449","7544645","8428804"
"Automatic Data Processing (ADP)","Web","535949","9609","526340"
"Autodesk Fusion 360","Tunneling and VPN","37569541","735342","36834199"
"Gfycat","Web","11226906","90634","11136272"
"T-Mobile","Web","5067","1013","4054"
"Citrix Cloud","Web","10052","1716","8336"
"Sportradar","Web","451014","32405","418609"
"ChinaNetCenter ","Web","33206","4990","28216"
"Niantic, Inc","Web","332646","51429","281217"
"Meitu","Web","17561311","3071802","14489509"
"Clash Royale","Gaming","57139910","2588157","54551753"
"Origin","Web","112254","25250","87004"
"Instructure","Web","871921","67310","804611"
"Workplace By Facebook","Social Networking","3870393","1344336","2526057"
"shopee.tw","Web","4370157","192298","4177859"
"Electronic Arts","Web","4957654","1126697","3830957"
"Facebook Lite","Social Networking","3269886","492108","2777778"
"Apache Thrift","Network Service","76876","66616","10260"
"streamRoot","Web","218133","10045","208088"
"Kakao","Web","737955","231001","506954"
"Digioh","Web","1021528","104124","917404"
"Apptimize","Web","59275","17600","41675"
"UC Browser","Web","31763969","2923492","28840477"
"Mediascope","Web","41772","8284","33488"
"Symantec Endpoint Protection","Web","293054","137201","155853"
"Youtube Music","Media","259927","8420","251507"
"Akamai Video","Media","2141392","477885","1663507"
"Appnext","Web","2226267","42361","2183906"
"Splunk Cloud","Storage and Backup","247886","107098","140788"
"Fortnite","Gaming","4824051","574698","4249353"
"Fox Networks","Web","1764222","68649","1695573"
"9GAG","File Sharing","8488","1461","7027"
"AnchorFree","Tunneling and VPN","102770","46444","56326"
"textPlus","Internet Instant Messaging","158558","42145","116413"
"Epic_games","Gaming","5771726","604521","5167205"
"IBM","Web","399191","35998","363193"
"Microsoft AD Right Management Service","Business Application","201190","134759","66431"
"Barracuda Networks","Web","19082","4070","15012"
"RingCentral","Business Collaboration","1873767","99290","1774477"
"Google News","Web","704207","115283","588924"
"CyberGhost","Tunneling and VPN","30125","7691","22434"
"League of Legends","Gaming","174264","53842","120422"
"TechRadar","Web","989398","46371","943027"
"Future_plc","Web","9282050","253214","9028836"
"Inskin","Web","191810","23513","168297"
"Monday.com","Web","1082777","272844","809933"
"ProtonMail","Email","384071","68639","315432"
"MAkeMyTrip","Web","35203","13486","21717"
"Minecraft","Gaming","639584","352994","286590"
"Ted Conferences","Web","1676439019","10410964","1666028055"
"Prezi","Web","270387","2510","267877"
"Grab - Transport, Food Delivery, Payments","Web","578331","414022","164309"
"Target","Web","9493607","246765","9246842"
"iBooks","Web","3193318","500388","2692930"
"Tesla","Web","1457451","415829","1041622"
"Google GSuite","Web","233894299","8962059","224932240"
"AnonyTun","Tunneling and VPN","21760","11979","9781"
"W3Schools","Web","1869999","52877","1817122"
"Codepen","Web","223897","32418","191479"
"PubNub","Web","1517221","424575","1092646"
"Monero (XMR)","Web","570","348","222"
"Gaana","Real Time Audio/Video","33252","2330","30922"
"Unknown virtual protocol","Unclassified","24775432","1769032","23006400"
"Unknown virtual protocol","Unclassified","1252198","37963","1214235"
"Unknown virtual protocol","Unclassified","187921","90081","97840"
"Unknown virtual protocol","Unclassified","1572","324","1248"
"Unknown virtual protocol","Unclassified","53836488","788504","53047984"
"Discovery Inc","Real Time Audio/Video","10835","3573","7262"
"Bumble","Web","111484853","3640024","107844829"
"National Public Radio","Web","27297038","255608","27041430"
"Acast","Real Time Audio/Video","158446532","1876939","156569593"
"Talkatone","Internet Instant Messaging","3005501","874707","2130794"
"Mario Kart Tour","Gaming","71814608","27408128","44406480"
"Firework","Internet Instant Messaging","113114","18587","94527"
"Bigo","Web","438854282","25589053","413265229"
"Google Stadia","Web","24595","2786","21809"
"BAMTech","Real Time Audio/Video","1668150","798739","869411"
"Disney Plus","Real Time Audio/Video","264171438","3953360","260218078"
"Moji Weather","Web","210472","6703","203769"
"Airbnb","Web","20098014","1040648","19057366"
"Activision-Blizzard","Web","2091107","58965","2032142"
"Zhenai","Web","32530","19771","12759"
"Netease Games","Gaming","2117561","15450","2102111"
"Baidu Tieba","Social Networking","624281","269844","354437"
"Code42","Web","2117855","1735978","381877"
"Crashplan","Web","226189","158237","67952"
"Workday","Business Application","4833886","1286955","3546931"
"Service Now","Web","18977725","2140467","16837258"
"StackPath","Web","292594","3773","288821"
"Uber Eats","Web","11590223","2966755","8623468"
"DoorDash","Web","44664019","2561193","42102826"
"Fifa","Gaming","23117807","2471642","20646165"
"Shahid","Real Time Audio/Video","6622035","394630","6227405"
"BridTV","Real Time Audio/Video","204283","6221","198062"
"nextDNS","Web","221860","80220","141640"
"Likee","Internet Instant Messaging","45709648","4357059","41352589"
"Acronis Cloud","Web","73682","20222","53460"
"Citrix","Web","213377","71863","141514"
"Microsoft Dynamics","Business Application","6403","442","5961"
"Pluto TV","Real Time Audio/Video","2710765","28689","2682076"
"adRise","Real Time Audio/Video","17695","1945","15750"
"Tubi TV","Real Time Audio/Video","72203","5839","66364"
"iFunny","Web","68167","3648","64519"
"Demandbase","Web","927793","49035","878758"
"Amazon Alexa Assistant","Business Collaboration","2450968","652409","1798559"
"Yubo","Internet Instant Messaging","1151701","337097","814604"
"Minute Media","Web","53641212","1158686","52482526"
"UserReport","Web","362582","75693","286889"
"Xbox Cloud Gaming","Gaming","31786","9322","22464"
"Jitsi","Real Time Audio/Video","713654917","411478759","302176158"
"Coursera","Web","2224892","37573","2187319"
"The Blaze","Web","2155212","37476","2117736"
"WordReference.com","Web","8641471","1373435","7268036"
"E! Online","Web","3604581","46789","3557792"
"Hotels.com","Web","6059784","3054922","3004862"
"Indeed","Web","38512752","6475771","32036981"
"NHL.com","Web","769837219","10023842","759813377"
"Priceline.com","Web","440057","186336","253721"
"Rotten Tomattoes","Web","3777646","539672","3237974"
"Slate Magazine","Web","676891","56272","620619"
"TIME","Web","7268047","214968","7053079"
"Nvidia","Web","204871","12043","192828"
"Geforce Now","Gaming","1718131","198617","1519514"
"Call of Duty Mobile","Gaming","77421224","2412617","75008607"
"Wired","Web","244926353","3877866","241048487"
"Kickstarter","Web","9574042","154259","9419783"
"Kayak","Web","7136314","239619","6896695"
"Rediff","Web","305623","28838","276785"
"Eventbrite","Web","6002133","104338","5897795"
"Bilibili","Web","3852504760","196869931","3655634829"
"Unknown virtual protocol","Unclassified","451940","264322","187618"
"ShoreTel","Business Collaboration","87696","34272","53424"
"RingCentralApp","Business Collaboration","637129","281975","355154"
"ZoomPhone","Business Collaboration","443535","215139","228396"
