"Application","Category","Total Bytes","Bytes Received","Bytes Sent"
"Domain Name Service","Network Service","1251614522","699830467","551784055"
"Google Mail","Email","700965163","79683382","621281781"
"Google Search","Web","738590073","108365473","630224600"
"HyperText Transfer Protocol","Web","3028490857","574145107","2454345750"
"HyperText Transfer Protocol Secure","Web","5903758878","550945418","5352813460"
"Internet Control Message Protocol","Network Service","4259154809","2559623605","1699531204"
"Internet Message Access Protocol version 4","Email","120151813","47069734","73082079"
"Internet Protocol","Network Service","0","0","0"
"McAfee Client update","Business Application","7840722","1362158","6478564"
"Network Time Protocol","Network Service","1163769","687798","475971"
"Skype and Teams","Business Collaboration","32966893","8430036","24536857"
"Simple Object Access Protocol","Network Service","183329674","133274339","50055335"
"Secure Shell","Tunneling and VPN","33351989","17184412","16167577"
"Secure Socket Layer","Tunneling and VPN","12657558740","2656138181","10001420559"
"Transmission Control Protocol","Other TCP/UDP","6857019750","3146501563","3710518187"
"User Datagram Protocol","Other TCP/UDP","28918121064","6560429807","22357691257"
"Facebook","Social Networking","33521009169","1846666663","31674342506"
"Google Ads","Web","863757646","129839384","733918262"
"Windows Live Hotmail","Email","70716915","10199587","60517328"
"Apple Generic Services","Web","2485261573","149856019","2335405554"
"Online Certificate Status Protocol","Business Application","9289785","3524190","5765595"
"Twitter","Social Networking","1234328685","63302636","1171026049"
"Yandex.ru","Web","2678625","1104590","1574035"
"iTunes","Media","459221181","65751595","393469586"
"TeamViewer","Remote Desktop","68314575","41197273","27117302"
"Bing.com (formerly MSN Search)","Web","112417182","21646023","90771159"
"Teredo protocol","Tunneling and VPN","32080410","30677246","1403164"
"Windows Update","Web","5589450753","476046967","5113403786"
"Chrome Update","Web","316067796","19134875","296932921"
"Google Analytics,Google Marketing Platform","Web","307549034","119069829","188479205"
"Google GStatic","Web","1254556843","108876909","1145679934"
"Google Generic","Web","1274550436","323750839","950799597"
"Amazon Generic Services","Web","1862833261","915962767","946870494"
"WhatsApp Messenger","Internet Instant Messaging","5301106370","855766320","4445340050"
"Apple App Store","Web","1811779221","79491182","1732288039"
"Windows Marketplace","Web","683445076","59873879","623571197"
"Apple Push Notification Service","Web","193198252","125477391","67720861"
"iOS over-the-air (OTA) update","Web","618025171","23613356","594411815"
"Google Play Store","Media","4256326894","548112712","3708214182"
"iCloud (Apple)","Storage and Backup","1634878173","485342151","1149536022"
"Instagram","Web","14901935704","880587925","14021347779"
"Amazon Web Services/Cloudfront CDN","Infrastructure","2978361810","1658808603","1319553207"
"CloudFlare CDN","Infrastructure","1546541582","101211124","1445330458"
"Microsoft Office 365","Business Collaboration","698048309","110621343","587426966"
"Microsoft Outlook (Office 365)","Business Application","617673010","169575612","448097398"
"Google Documents (aka Google Drive)","Storage and Backup","276082839","39512500","236570339"
"Avito.ma","Web","1477565","145574","1331991"
"Google Accounts","Web","190577041","83858704","106718337"
"Snapchat","Social Networking","7346698405","752388829","6594309576"
"ScorecardResearch","Web","7416191","2428210","4987981"
"Waze Social GPS Maps & Traffic","Web","9206820","794798","8412022"
"Bitstrips","Social Networking","152598548","9177842","143420706"
"Facebook Messenger","Internet Instant Messaging","3768231438","893359351","2874872087"
"AppsFlyer","Business Application","31441644","6241374","25200270"
"Google Cloud Messaging","Web","69573548","18561972","51011576"
"Apple Location","Web","873835847","134740665","739095182"
"HyperText Transfer Protocol version 2","Web","2666004016","727540468","1938463548"
"Google Tag Manager","Web","167597052","9244840","158352212"
"Helpshift","Web","219457","56944","162513"
"Applovin","Web","349992247","92774027","257218220"
"Moat","Web","29187146","7479202","21707944"
"Microsoft OneDrive","Web","527537928","242791911","284746017"
"Microsoft","Web","2501354702","558315406","1943039296"
"ZoomMeetings","Business Collaboration","727950559","134018705","593931854"
"HyperText Transfer Protocol proxy","Network Service","1757798","563782","1194016"
"Firebase Cloud Messaging","Web","267807013","78049646","189757367"
"Apple Game Center","Gaming","3549051","860165","2688886"
"Huawei","Web","2160426","869986","1290440"
"Microsoft teams","Internet Instant Messaging","1176918959","88111504","1088807455"
"Facebook Lite","Social Networking","10392680","3279893","7112787"
"Cisco","Web","2446684","1021980","1424704"
"IronSource","Business Application","109922101","7272235","102649866"
"Apple News","Web","92546379","4746233","87800146"
"Google APIs","Web","2960839689","1572206989","1388632700"
"Amazon Cognito","Web","16837271","6201599","10635672"
"Unknown virtual protocol","Unclassified","71102497","29666859","41435638"
"Digicert","Web","5316716","2089056","3227660"
"SD-WAN Control","SD-WAN","44344265592","23494393354","20849872238"
"SD-WAN Management","SD-WAN","5962076323","2534292026","3427784297"
"TencentMeeting","Business Collaboration","86878278","24073981","62804297"
"Connection Oriented Transfer Protocol","Network Service","2536","1870","666"
"Google Maps","Web","31821970","4202679","27619291"
"Internet Message Access Protocol Secure","Email","57267933","44661581","12606352"
"IPsec (AH and ESP)","Tunneling and VPN","161404462","28636696","132767766"
"Internet Security Association and Key Management Protocol","Tunneling and VPN","100383323","51860884","48522439"
"XMPP Protocol (Jabber)","Business Collaboration","16225492","1443635","14781857"
"Remote Desktop Protocol (Windows Terminal Server)","Remote Desktop","156229","111802","44427"
"Session Traversal Utilities for NAT","Business Collaboration","40173585","19193115","20980470"
"Yahoo Search","Web","1032087","82730","949357"
"Yahoo Mail v.2.0","Email","45427354","8548060","36879294"
"Youtube.com","Media","66708155102","2666561737","64041593365"
"WordPress.com","Social Networking","6517645","334538","6183107"
"LinkedIn","Social Networking","89534014","24558377","64975637"
"Xbox Live","Gaming","673343","51888","621455"
"Foursquare.com","Web","3287393","1094634","2192759"
"Spotify","Media","407575748","68339255","339236493"
"Baidu.com","Web","1878879","130480","1748399"
"Adobe Flash Plugin Update","Web","252066","50767","201299"
"Java Update","Web","4517877","733956","3783921"
"Viber","Real Time Audio/Video","110988690","22844153","88144537"
"Trendmicro Update protocol","Web","7017747","3378968","3638779"
"Netflix.com","Media","4958706632","176465307","4782241325"
"YouKu","Media","296674","261722","34952"
"Weather.com","Web","10236403","1334333","8902070"
"Taobao","Web","1669178","844234","824944"
"Apple FaceTime","Real Time Audio/Video","946179390","159676516","786502874"
"Samsung Apps","Web","188999390","7749344","181250046"
"Alibaba.com","Web","33325965","1206237","32119728"
"Akamai Technologies CDN","Web","1391178214","31730886","1359447328"
"Microsoft Azure (previously Windows Azure)","Infrastructure","222822713","10223756","212598957"
"Yahoo.com","Web","139159505","24176058","114983447"
"Google Talk (incl. Hangouts and Allo and Duo)","Real Time Audio/Video","55493536","23031799","32461737"
"Zoho Corporation","Business Application","4919754","2406069","2513685"
"Nokia Here API","Web","2251797","207101","2044696"
"Microsoft SharePoint Online (Office 365)","Business Application","177588454","11925806","165662648"
"ESPN.go.com","Web","12488618","1393161","11095457"
"Pinterest","Web","66072974","6110378","59962596"
"Reddit.com","Web","70471247","4687978","65783269"
"Apple SIRI","Web","53992783","41890761","12102022"
"Apple Maps","Web","433612","40900","392712"
"Paypal.com","Web","9568136","1404330","8163806"
"Amazon Ad System","Web","47918217","11188005","36730212"
"Aol","Web","390626","101062","289564"
"Quantcast","Web","4663915","782981","3880934"
"Telegram","Internet Instant Messaging","261490573","15494890","245995683"
"Oracle","Web","2496355","622991","1873364"
"Criteo","Web","24727881","4656788","20071093"
"Adobe","Business Application","566298792","46110432","520188360"
"Google Safe Browsing","Web","25072862","6875506","18197356"
"Inneractive","Web","40662793","22902240","17760553"
"Flurry","Business Application","7994657","3034183","4960474"
"Samsung","Web","146610318","32075134","114535184"
"Crashlytics","Web","53323732","5928726","47395006"
"Nielsen","Web","1139981","276675","863306"
"Smart AdServer","Web","13936621","4755073","9181548"
"Google Cloud Storage","Web","771609555","635918107","135691448"
"Google Calendar","Web","23170235","7217985","15952250"
"OpenX","Web","4674262","1294255","3380007"
"Index Exchange (previously Casale Media)","Web","18532327","4796522","13735805"
"AppNexus","Web","48348627","26129157","22219470"
"Facebook Embedded Video","Media","3862268497","117250668","3745017829"
"Adjust.com","Web","3342492","1314418","2028074"
"Urbanairship","Web","5199692","1775284","3424408"
"BootstrapCDN","Web","2440428","171810","2268618"
"Apple Music","Media","313100439","14654847","298445592"
"Outbrain","Web","15027643","2960673","12066970"
"Rogers TV","Web","13853519","1043461","12810058"
"Localytics","Web","2223659","477502","1746157"
"MoPub","Web","368231","108073","260158"
"Microsoft Translator (Bing Translator)","Web","136549","20325","116224"
"Android connectivity Manager","Network Service","7522031","3884953","3637078"
"Periscope","Media","1208964286","37921556","1171042730"
"Microsoft Office OneNote (Office 365)","Business Application","183557","35256","148301"
"Branch Metrics","Web","38467060","3916164","34550896"
"Optimizely","Web","3399607","614189","2785418"
"Liveperson","Web","2259265","96872","2162393"
"Taboola","Web","44914062","6248507","38665555"
"Rackspace","Web","2312119248","228145354","2083973894"
"Ensighten","Web","3609208","791360","2817848"
"Tune","Web","28255","7623","20632"
"Smaato","Web","4273724","1956925","2316799"
"Braintree","Web","43017","10063","32954"
"jQuery","Web","5001499","312373","4689126"
"SpotXchange","Web","1530411","463117","1067294"
"New Relic","Web","128220354","87033487","41186867"
"Google Photos (formerly Google Picasa)","Web","243178720","211804576","31374144"
"Liftoff","Web","946948","299597","647351"
"Uber (formerly UberCab)","Web","2451212140","1660895274","790316866"
"Teads","Web","2815338","584292","2231046"
"Adform","Web","3282833","680819","2602014"
"Pokemon GO","Gaming","8377397","2028900","6348497"
"Wix","Web","13732000","1081056","12650944"
"Tinder","Web","620231125","32765537","587465588"
"GIPHY","Web","25248310","1117564","24130746"
"IMO Video Calling Application","Media","1754444","674354","1080090"
"Bugsnag","Web","2041248","578793","1462455"
"OpenRTB","Web","48156","41988","6168"
"AdColony","Web","11875967","4121452","7754515"
"AnyDesk","Remote Desktop","950237","398898","551339"
"Okta","Web","41709943","6710026","34999917"
"Amplitude","Web","30533493","19483029","11050464"
"T-Mobile","Web","533474","214883","318591"
"Google Cloud Platform","Web","18155785","4907337","13248448"
"Niantic, Inc","Web","73406","18113","55293"
"Meitu","Web","4609509","651497","3958012"
"Instructure","Web","204177","21284","182893"
"ByteDance","Web","220964004","16530034","204433970"
"TikTok (Musical.ly)","Social Networking","14364632573","802250769","13562381804"
"Alibaba Group","Web","686867","137028","549839"
"Alibaba Cloud","Web","19360856","1409887","17950969"
"Vungle","Web","220806532","11074853","209731679"
"Unknown virtual protocol","Unclassified","711676555","45058759","666617796"
"Unknown virtual protocol","Unclassified","3001006","405157","2595849"
"Google Pay","Web","3578746","982628","2596118"
"Google Messages","Internet Instant Messaging","33953676","14111600","19842076"
"BAMTech","Real Time Audio/Video","59574090","7766661","51807429"
"Shopify","Web","48110348","1908718","46201630"
"DoorDash","Web","338607084","149814056","188793028"
"Likee","Internet Instant Messaging","2060633","564599","1496034"
"Contentful","Web","60370651","10213579","50157072"
"The Walt Disney Company","Web","53015","19564","33451"
"Font Awesome","Web","5763077","517936","5245141"
"Intercom","Web","2582271","490160","2092111"
"Advance Message Queuing Protocol","Network Service","1972","1084","888"
"BitTorrent","Peer to Peer","19435","9322","10113"
"Dailymotion.com","Media","19367893","1222253","18145640"
"eBay.com","Web","3825746","313887","3511859"
"Google Earth","Web","25501301","1827076","23674225"
"Independant Computing Architecture (Citrix)","Remote Desktop","1972","1084","888"
"HP Printer Job Language","Business Application","877","550","327"
"Kerberos","Authentication","9592","6496","3096"
"Lighweight Directory Access Protocol","Authentication","19923","12420","7503"
"Outlook Web App","Email","5171293","951515","4219778"
"PalTalk","Internet Instant Messaging","2008908","161377","1847531"
"Post Office Protocol (Version 3)","Email","581207","267186","314021"
"Port Mapper","Network Service","8048","5396","2652"
"Point-to-Point Tunneling Protocol","Tunneling and VPN","562","340","222"
"QQ","Internet Instant Messaging","13842","7322","6520"
"Real Time Protocol","Business Collaboration","38444962","13072925","25372037"
"Real Time Streaming Protocol","Media","1074","606","468"
"Session Initiation Protocol","Business Application","196846","121756","75090"
"Server Message Block (Windows File Server)","File Sharing","31085","21656","9429"
"Simple Mail Transfer Protocol","Email","4320000","4108423","211577"
"Simple Mail Transfer Protocol Secure","Email","33869480","31888315","1981165"
"Simple Network Management Protocol","Management","609528","609528","0"
"SOCKet Secure v4","Tunneling and VPN","23783","15944","7839"
"Tabular Data Stream","Business Application","7503","4712","2791"
"Transparent Network Service (Oracle)","Business Application","3175","2176","999"
"Wikipedia.com","Web","3992538","251124","3741414"
"X Window System","Business Application","11570","7580","3990"
"MPEG-Transport Stream","Real Time Audio/Video","98585043","2356535","96228508"
"Secure AIM","Internet Instant Messaging","154227","29325","124902"
"Ask.com","Web","41460","3030","38430"
"Expedia.fr","Web","143021","69100","73921"
"Realtor.com","Web","1446065","85877","1360188"
"Flickr","Social Networking","255842","10492","245350"
"Deezer","Web","3772311","258441","3513870"
"Mail.ru Webmail","Email","569950","145826","424124"
"Steampowered.com","Gaming","1328949","88927","1240022"
"Badoo.com","Internet Instant Messaging","14460971","1624578","12836393"
"FetLife.com","Web","21706","4379","17327"
"Goodreads.com","Web","71782","17147","54635"
"Tumblr","Social Networking","13077988","388315","12689673"
"Vk.com (Vkontakte)","Social Networking","1071817","40626","1031191"
"Yelp.com","Web","367610","13713","353897"
"Yandex webmail","Email","24266","3117","21149"
"Adobe Update Manager","Web","334623","9276","325347"
"Apple Update","Web","10653540","350963","10302577"
"Opera Update","Web","431407","89361","342046"
"BitDefender Update","Web","524284","142984","381300"
"Symantec Norton AntiVirus Updates","Web","646399","21127","625272"
"Kugou/Kugoo","Peer to Peer","332","92","240"
"Microsoft SharePoint","Business Application","1451644","284168","1167476"
"Box","File Sharing","79734","8409","71325"
"Dropbox","Storage and Backup","39709775","31137189","8572586"
"Google Translate","Web","9678495","1069617","8608878"
"Psiphon","Web","514662","238062","276600"
"Salesforce","Business Application","2749096","631890","2117206"
"Portal.TidalTV.com","Web","333374","81533","251841"
"WebEx","Business Collaboration","4592998","917283","3675715"
"Bloomberg.com","Web","9823093","902766","8920327"
"Radmin","Remote Desktop","883","550","333"
"Internet Inter-ORB Protocol","Network Service","1649","1100","549"
"RSS","Web","59825","3100","56725"
"BlackBerry.com","Web","932254","337366","594888"
"Netware Core Protocol","Management","8039","5044","2995"
"AccuWeather","Web","5394309","842172","4552137"
"Adobe Acrobat DC (Document Cloud)","Web","1059155","398938","660217"
"Alexa","Web","33956","3724","30232"
"AlJazeera.net","Web","162334","48859","113475"
"AlloCine","Web","20219","1968","18251"
"AmericanExpress","Web","30055","22458","7597"
"Aufeminin.com","Web","87958","3919","84039"
"Blogger","Web","616298","64696","551602"
"Capital One","Web","14261434","1944343","12317091"
"CNN (Cable News Network)","Web","3737660","488257","3249403"
"Comcast","Web","13894513","1864581","12029932"
"Daum.net","Web","33242","3284","29958"
"Groupon","Web","59484","29972","29512"
"Intuit.com","Business Application","2846351","1055349","1791002"
"Kaspersky.com","Web","195633","118456","77177"
"Mozilla.com - Mozilla.org","Web","3323446","642880","2680566"
"Naver Corporation (formerly NHN Corporation)","Web","12238260","1388819","10849441"
"Nike.com","Web","491335","139163","352172"
"NYTimes.com","Web","4500328","204768","4295560"
"PlayStation.com","Web","2246878","350634","1896244"
"Reverso.net","Web","796553","43791","752762"
"Sprint.com","Web","39484","7325","32159"
"Vimeo","Web","44855145","1579927","43275218"
"WashingtonPost.com","Web","2434644","116401","2318243"
"Xbox","Gaming","136122","11425","124697"
"Youdao.com","Web","950033","75151","874882"
"Youm7.com","Web","29177","1752","27425"
"Sophos update","Business Application","134795","52101","82694"
"Sina Weibo","Web","5443","3483","1960"
"Google App Engine","Business Application","1822605","253666","1568939"
"Line","Internet Instant Messaging","127835","32373","95462"
"Shazam","Web","136001","29345","106656"
"SoundCloud","Media","211461","71032","140429"
"KakaoTalk","Internet Instant Messaging","374783","37943","336840"
"Rhapsody","Media","111828","4118","107710"
"Ultrasurf","Anonymizers and Proxies","3227","924","2303"
"Amazon Prime Video","Media","264154393","11343935","252810458"
"QQ.com","Web","203883","52507","151376"
"Sohu.com","Web","10320","1843","8477"
"Alipay","Web","14476","7375","7101"
"360.cn","Web","17025","15237","1788"
"51.la","Web","6019","1781","4238"
"Zynga.com","Gaming","353545","98928","254617"
"Limelight Networks CDN","Web","454715763","19600077","435115686"
"Datagram Transport Layer Security","Tunneling and VPN","419412897","100888289","318524608"
"ISO Base Media File Format","Real Time Audio/Video","48467702","963965","47503737"
"KIK Messenger","Internet Instant Messaging","499019","190176","308843"
"WeChat","Internet Instant Messaging","14357","3063","11294"
"Rakuten.co.jp","Web","450778","74994","375784"
"Pornhub","Web","30460","8131","22329"
"MeetMe.com","Social Networking","13344","3158","10186"
"Speedtest","File Sharing","1598066","120171","1477895"
"BuzzFeed.com","Web","272733","149608","123125"
"Internet Movie Database","Web","78549","14218","64331"
"Imgur.com","Storage and Backup","5528202","162503","5365699"
"ThePirateBay.se","Web","29538","3356","26182"
"WebSocket","Network Service","129319","54365","74954"
"Bet365.com","Web","2737902","273896","2464006"
"LastPass.com","Web","941508","415934","525574"
"Bitcoin client","Peer to Peer","1972","1084","888"
"BBC","Web","13914205","823094","13091111"
"AVG.com","Web","7798","3242","4556"
"ElPais.com","Web","7870","2016","5854"
"Kooora.com","Web","3193585","700243","2493342"
"MercadoLibre (aka MercadoLivre)","Web","186815","45102","141713"
"craigslist","Web","2338","1207","1131"
"Igihe.com","Web","3304873","629333","2675540"
"Kijiji.ca","Web","6386341","560703","5825638"
"Background Intelligent Transfer Service","File Sharing","109875406","10684256","99191150"
"Conviva","Infrastructure","3449748","1872041","1577707"
"20minutes","Web","1202632","251663","950969"
"AliExpress.com","Web","5407425","293817","5113608"
"Wp.pl","Web","65186","26939","38247"
"Vanguardngr.com","Web","14484","4132","10352"
"Zing.vn","Web","11927","3779","8148"
"Perfect Dark","Peer to Peer","9075995","358036","8717959"
"Gameloft Games","Gaming","13972","3218","10754"
"AddThis","Web","4625614","414045","4211569"
"Yadro","Web","31921","15959","15962"
"uTorrent","Peer to Peer","554","328","226"
"Turn","Web","1082801","249806","832995"
"Rovio Entertainment","Gaming","2180341","153787","2026554"
"Candy Crush Saga","Gaming","2707265","837121","1870144"
"King Digital Entertainment","Gaming","580211","71842","508369"
"Huffington Post","Web","612905","42720","570185"
"Symantec","Web","4354825","1605582","2749243"
"TRUSTe","Web","4876328","472772","4403556"
"OpenStreetMap","Infrastructure","460889","23379","437510"
"Videoplaza","Web","13915","2200","11715"
"Zendesk","Business Collaboration","7334070","360263","6973807"
"Brightcove","Media","23948430","1266653","22681777"
"Plenty Of Fish","Web","25223092","9942830","15280262"
"Twitch","Media","8460500","651030","7809470"
"BoldChat Live Chat","Internet Instant Messaging","379994","197645","182349"
"InMobi","Web","23065425","9741038","13324387"
"Gravatar","Business Collaboration","405764","67649","338115"
"FreeWheel","Web","288994","68226","220768"
"Xiaomi","Web","321850","73309","248541"
"Turner","Web","46199","5728","40471"
"Stickyads","Web","5366670","1362447","4004223"
"Hihi2","Web","4105902","158288","3947614"
"Inquirer","Web","248501","112881","135620"
"DISTCC","Network Service","1053","720","333"
"JAVA-RMI","Network Service","7554","4692","2862"
"Mixpanel","Web","5906433","3706356","2200077"
"Cedexis","Web","4383369","1305619","3077750"
"Amazon Cloud Drive","Web","351701","9148","342553"
"Jumia","Web","391575","22551","369024"
"Lazada","Web","82136","3650","78486"
"Theladbible","Web","34082","2897","31185"
"Flipboard","Web","231054","26953","204101"
"I2P Invisible Internet Project","Tunneling and VPN","3416","1944","1472"
"PubMatic","Web","17784512","7883780","9900732"
"LOTAME","Web","2367997","430363","1937634"
"Rubicon Project","Web","25367646","7080425","18287221"
"CPMSTAR","Web","40993","10259","30734"
"ADTECH","Web","216921","32743","184178"
"Sizmek (previously MediaMind)","Web","8510223","223915","8286308"
"AOL One","Web","1640550","75467","1565083"
"Rlcdn","Web","3653357","830298","2823059"
"Realestate","Web","51420","8615","42805"
"GitHub","Web","343470","128360","215110"
"Bongacams","Web","2612","267","2345"
"Atlassian","Web","219564","132441","87123"
"Internet.org","Web","27157","8890","18267"
"Kakaocdn","Infrastructure","20846","1694","19152"
"Advertising.com","Web","924983","246027","678956"
"My.com","Web","1430729","602141","828588"
"Ad Safe Protected","Web","31172504","5730170","25442334"
"Scotiabank","Web","10272386","1893339","8379047"
"Atlas Solutions","Web","76065","20419","55646"
"Fastly","Web","406782","27002","379780"
"Unruly","Web","868955","310178","558777"
"Disney Channel","Web","1482472","65939","1416533"
"UpLynk","Web","115630","26495","89135"
"Krux","Web","2863078","425778","2437300"
"Perform","Web","968012","61792","906220"
"Microsoft Sway (Office 365)","Business Application","8982849","1230910","7751939"
"Heap","Web","10561462","6024748","4536714"
"Olark","Web","9419371","1470212","7949159"
"Zopim","Web","129030","41821","87209"
"Mapbox","Web","5716451","401320","5315131"
"Google Code","Web","16190","3879","12311"
"Rollout","Web","206050","89531","116519"
"Microsoft Excel Online (Office 365)","Web","18428592","2896330","15532262"
"Signal","Web","54381","10230","44151"
"LiveChat","Web","738771","101669","637102"
"Riffsy (Tenor.co)","Web","3113595","102554","3011041"
"Verizon","Web","5030958","2947468","2083490"
"MediaMath","Web","2477951","877371","1600580"
"LKQD","Web","322448","112476","209972"
"Everest Technologies","Web","4638404","1352301","3286103"
"TubeMogul","Web","161870","33925","127945"
"Umeng","Web","194816","93042","101774"
"Elbotola","Web","2077775","77295","2000480"
"Revcontent","Web","2427983","410975","2017008"
"BitComet Peer Exchange (PEX)","Peer to Peer","15998","0","15998"
"MobFox","Web","29582","5751","23831"
"Slack","Web","15146747","2211321","12935426"
"Younow","Web","10648202","3805246","6842956"
"Conversant","Web","1299048","375902","923146"
"Bazaarvoice","Web","3828337","342688","3485649"
"Clicktale","Web","878030","265748","612282"
"hotjar","Web","7561744","2948242","4613502"
"Weborama","Web","245567","47021","198546"
"Constrained Application Protocol","Network Service","6093","3996","2097"
"Highwinds","Web","6384191","199852","6184339"
"Innovid","Web","29368689","1063030","28305659"
"Heroku","Web","450430","109851","340579"
"Bidswitch","Web","6004298","2120868","3883430"
"Clash of Clans","Gaming","5035477","450683","4584794"
"Supercell","Gaming","186029","58300","127729"
"Amazon Music","Media","11441871","451067","10990804"
"Microsoft Word Online (Office 365)","Business Collaboration","69023267","19833351","49189916"
"Microsoft Powerpoint Online (Office 365)","Business Collaboration","14757837","3348887","11408950"
"OPC Unified Architecture","Web","2154","1254","900"
"Signal Private Messenger (Open Whisper Systems)","Internet Instant Messaging","14264247","6792948","7471299"
"Tidal","Media","48153","3633","44520"
"StreamRail","Media","69217","18000","51217"
"Vidyard","Web","599911","36654","563257"
"Azetone","Web","43566","3539","40027"
"Tealium","Web","781228","94009","687219"
"Audible","Real Time Audio/Video","365517","153851","211666"
"Flashtalking","Web","2043630","449272","1594358"
"Sharethrough","Web","10747310","3362971","7384339"
"Yieldmo","Web","3212976","611320","2601656"
"Samsung Update","Web","4852175508","223094432","4629081076"
"Radio Okapi","Web","485263","21532","463731"
"MGID","Web","1137212","117343","1019869"
"ULP","Network Service","498147","35093","463054"
"Livescore","Web","105543","17572","87971"
"Savefrom","Web","6973","1161","5812"
"MaxCDN","Web","4921553","127993","4793560"
"DoubleVerify","Web","16785685","3054361","13731324"
"Media Innovation Group","Web","775028","193117","581911"
"Booking.com","Web","407498","34388","373110"
"Walmart","Web","405526","200962","204564"
"Avast","Web","5807657","428144","5379513"
"DocuSign","Web","19245","3278","15967"
"PulsePoint","Web","1622911","483257","1139654"
"eXelate","Web","704630","181750","522880"
"Autodesk Fusion 360","Tunneling and VPN","304153","104615","199538"
"Sonobi","Web","1638832","583766","1055066"
"Cloudinary","Web","4883528","167433","4716095"
"Le360","Web","255204","8453","246751"
"Optus","Web","708540","33696","674844"
"Google Secure User Plane Location","Web","140964","24084","116880"
"Vivox","Internet Instant Messaging","6018","1190","4828"
"Citrix Cloud","Web","7233","1057","6176"
"Sportradar","Web","746036","71293","674743"
"Pornhub NETWORK","Web","254251","62421","191830"
"Wall Street Journal","Web","12772","3240","9532"
"Clash Royale","Gaming","9096057","735558","8360499"
"Origin","Web","2109314","211275","1898039"
"shopee.tw","Web","12068","1374","10694"
"Electronic Arts","Web","687729","169902","517827"
"Apptimize","Web","42997","14049","28948"
"UC Browser","Web","22115","6647","15468"
"Data Saver","Web","1193998","111761","1082237"
"Domain Name Service Crypt","Network Service","2422521","894444","1528077"
"Adtelligent","Web","1027990","384989","643001"
"Youtube Music","Media","1694674","133801","1560873"
"Akamai Video","Media","321161","82369","238792"
"Appnext","Web","704900","44871","660029"
"Tenor","Web","39859764","3320553","36539211"
"9GAG","File Sharing","78518655","2658680","75859975"
"Jibe","Internet Instant Messaging","90881","18183","72698"
"Text Me","Internet Instant Messaging","547719","170654","377065"
"textPlus","Internet Instant Messaging","499442","179664","319778"
"Epic_games","Gaming","14650327","1926649","12723678"
"Unreal_engine","Gaming","1249766","32649","1217117"
"Disqus","Web","8392877","767722","7625155"
"IBM","Web","227780","63183","164597"
"Grammarly","Web","28027105","15247451","12779654"
"Microsoft AD Right Management Service","Business Application","31738","21450","10288"
"Simpli.fi","Web","812274","203575","608699"
"Google News","Web","809568","166933","642635"
"Visual IQ","Web","69108","18178","50930"
"CyberGhost","Tunneling and VPN","657237","45145","612092"
"Discord","Internet Instant Messaging","7855715","424146","7431569"
"Dragon Ball","Gaming","4217294","415121","3802173"
"ExpressVPN","Tunneling and VPN","14079","3131","10948"
"TechRadar","Web","10730","1583","9147"
"Future_plc","Web","2428613","114897","2313716"
"Wish","Web","14349570","1500525","12849045"
"Google Play Books","Web","65655","16441","49214"
"DICOM","Network Service","542","332","210"
"ProtonMail","Email","53063","12098","40965"
"Minecraft","Gaming","6992","1215","5777"
"Prezi","Web","2463","1781","682"
"Fandom","Web","473454","89305","384149"
"Google GSuite","Web","3363079","1840415","1522664"
"AnonyTun","Tunneling and VPN","191496","84043","107453"
"OpenSignal","Web","219471","199609","19862"
"TripAdvisor","Web","37925","7108","30817"
"Moodle","Social Networking","887277","81930","805347"
"DAZN","Real Time Audio/Video","41223966","3220854","38003112"
"PubNub","Web","81442","36575","44867"
"Unknown virtual protocol","Unclassified","764714","51345","713369"
"Unknown virtual protocol","Unclassified","1355305","98224","1257081"
"Unknown virtual protocol","Unclassified","947704","33896","913808"
"Unknown virtual protocol","Unclassified","4973305","553924","4419381"
"Unknown virtual protocol","Unclassified","14000110","12259301","1740809"
"Unknown virtual protocol","Unclassified","2364667","122577","2242090"
"Bumble","Web","10252155","1077839","9174316"
"Qwant","Web","231418","9685","221733"
"National Public Radio","Web","759","318","441"
"Wireguard","Tunneling and VPN","84481019","8983777","75497242"
"Firework","Internet Instant Messaging","162038","30149","131889"
"JWPLAYER","Web","77705076","2215281","75489795"
"Disney Plus","Real Time Audio/Video","1199177060","22132052","1177045008"
"Engage Digital","Network Service","376276","30141","346135"
"Quora","Social Networking","4780476","368403","4412073"
"Airbnb","Web","2428305","355974","2072331"
"MediaLab","Web","162544","119452","43092"
"Wangwang","Internet Instant Messaging","124715","55852","68863"
"Advanced Hosting","Web","6501224","194588","6306636"
"Workday","Business Application","5174977","236383","4938594"
"StackPath","Web","8163","1180","6983"
"Fifa","Gaming","12475532","596562","11878970"
"Houseparty","Real Time Audio/Video","40854","6714","34140"
"Roblox","Gaming","35171053","4347103","30823950"
"BridTV","Real Time Audio/Video","102862","4987","97875"
"Citrix","Web","70052","20175","49877"
"Microsoft Dynamics","Business Application","34216","3764","30452"
"Digital Turbine","Web","29096","20463","8633"
"Amber Weather","Web","9907","2243","7664"
"Demandbase","Web","38193","6286","31907"
"KOCHAVA","Web","1156503","320946","835557"
"Sift Science","Web","741223","272395","468828"
"Amazon Alexa Assistant","Business Collaboration","90270","15756","74514"
"Spotify Audio","Real Time Audio/Video","1183647423","32820938","1150826485"
"Zerotier","Tunneling and VPN","4189423","1859225","2330198"
"Connatix","Real Time Audio/Video","1854731","260347","1594384"
"UserReport","Web","101190","18377","82813"
"Pendo","Web","2737783","736417","2001366"
"Go Daddy","Web","5829988","419352","5410636"
"Indeed","Web","61006996","21218988","39788008"
"NHL.com","Web","11861925","689748","11172177"
"TIME","Web","38301","2681","35620"
"TMZ","Web","50287","2024","48263"
"OnlyFans","Web","275563","128619","146944"
"Nvidia","Web","67109","21847","45262"
"Geforce Now","Gaming","153501","43995","109506"
"Wired","Web","14748","4293","10455"
"Kickstarter","Web","16191124","463540","15727584"
"Eventbrite","Web","52601","18017","34584"
"Etahub","Web","11320","2795","8525"
"Unknown virtual protocol","Unclassified","42968","2200","40768"
"Unknown virtual protocol","Unclassified","27061","11285","15776"
"ICA Real Time","Remote Desktop","1380","1380","0"
