"Application","Category","Total Bytes","Bytes Received","Bytes Sent"
"Domain Name Service","Network Service","1975043752","993680739","981363013"
"Google Mail","Email","2813945949","403364346","2410581603"
"Google Search","Web","1706328718","254287690","1452041028"
"Google Maps","Web","216495435","21796934","194698501"
"HyperText Transfer Protocol","Web","3726088056","489708753","3236379303"
"HyperText Transfer Protocol Secure","Web","44425615612","2600226399","41825389213"
"Internet Control Message Protocol","Network Service","4226046870","2539905886","1686140984"
"Internet Message Access Protocol version 4","Email","104545409","38444071","66101338"
"Internet Message Access Protocol Secure","Email","183223547","10054966","173168581"
"Internet Protocol","Network Service","0","0","0"
"Internet Security Association and Key Management Protocol","Tunneling and VPN","7556364657","891905890","6664458767"
"XMPP Protocol (Jabber)","Business Collaboration","9402177","2918324","6483853"
"McAfee Client update","Business Application","1167579255","30671949","1136907306"
"Network Time Protocol","Network Service","1543812","798662","745150"
"Real Time Protocol","Business Collaboration","1329572820","612441469","717131351"
"Session Initiation Protocol","Business Application","1286724","717368","569356"
"Skype and Teams","Business Collaboration","88007649","12178389","75829260"
"Simple Object Access Protocol","Network Service","1058789758","553605659","505184099"
"Secure Shell","Tunneling and VPN","145302478","82638800","62663678"
"Secure Socket Layer","Tunneling and VPN","41521802011","3062859664","38458942347"
"Session Traversal Utilities for NAT","Business Collaboration","718893870","104320893","614572977"
"Transmission Control Protocol","Other TCP/UDP","15759751081","5313832327","10445918754"
"User Datagram Protocol","Other TCP/UDP","370819971874","25727165021","345092806853"
"Wikipedia.com","Web","207032671","18917752","188114919"
"Yahoo Mail v.2.0","Email","282519809","44305992","238213817"
"Youtube.com","Media","72227918041","2258798124","69969119917"
"Facebook","Social Networking","269086714158","6378639251","262708074907"
"Google Ads","Web","3444975971","536445177","2908530794"
"Windows Live Hotmail","Email","325523354","75140175","250383179"
"WordPress.com","Social Networking","106413531","2540991","103872540"
"LinkedIn","Social Networking","592431380","37221932","555209448"
"Apple Generic Services","Web","20502918874","493305675","20009613199"
"Online Certificate Status Protocol","Business Application","30056437","11591196","18465241"
"Xbox Live","Gaming","10838673","977796","9860877"
"Twitter","Social Networking","3954040788","156903919","3797136869"
"Yandex.ru","Web","145348738","20578972","124769766"
"iTunes","Media","2655548592","174993806","2480554786"
"Spotify","Media","5712560441","305206208","5407354233"
"TeamViewer","Remote Desktop","192150394","50613352","141537042"
"Bing.com (formerly MSN Search)","Web","794352150","119403270","674948880"
"Adobe Flash Plugin Update","Web","202362","27001","175361"
"Java Update","Web","3795393","493786","3301607"
"Windows Update","Web","13071777042","838588861","12233188181"
"Chrome Update","Web","1104462695","29298664","1075164031"
"Opera Update","Web","2171145","649363","1521782"
"Viber","Real Time Audio/Video","2972748462","1291211350","1681537112"
"Netflix.com","Media","23586055875","305760428","23280295447"
"Google Analytics,Google Marketing Platform","Web","933026507","148867669","784158838"
"Google GStatic","Web","3797362984","216669061","3580693923"
"Salesforce","Business Application","43402201","11488679","31913522"
"Google Generic","Web","2022426771","236508516","1785918255"
"AccuWeather","Web","20004456","3324402","16680054"
"Amazon Generic Services","Web","7785661586","1452558502","6333103084"
"IKEA.com","Web","4741297","272344","4468953"
"Weather.com","Web","62862006","5752586","57109420"
"WhatsApp Messenger","Internet Instant Messaging","31934858470","11975913235","19958945235"
"Apple App Store","Web","37928467188","582507170","37345960018"
"Windows Marketplace","Web","1712996585","80756559","1632240026"
"Apple Push Notification Service","Web","626094115","441464904","184629211"
"iOS over-the-air (OTA) update","Web","8162579343","100325106","8062254237"
"Samsung Apps","Web","475100588","24747627","450352961"
"Google Play Store","Media","4151029812","457988889","3693040923"
"iCloud (Apple)","Storage and Backup","9658002626","3150355231","6507647395"
"Instagram","Web","125544867245","4933007134","120611860111"
"SoundCloud","Media","184561826","8747707","175814119"
"Amazon Web Services/Cloudfront CDN","Infrastructure","17985929325","2208672873","15777256452"
"QQ.com","Web","236471406","8844769","227626637"
"Microsoft Azure (previously Windows Azure)","Infrastructure","187929603","17647106","170282497"
"ISO Base Media File Format","Real Time Audio/Video","2022484687","33457385","1989027302"
"Yahoo.com","Web","2658077032","183340616","2474736416"
"QQ Games","Gaming","125758","57268","68490"
"Google Talk (incl. Hangouts and Allo and Duo)","Real Time Audio/Video","129035856","13959380","115076476"
"CloudFlare CDN","Infrastructure","14713839637","766881383","13946958254"
"Microsoft Office 365","Business Collaboration","1850332373","580535495","1269796878"
"Pinterest","Web","533357322","36148304","497209018"
"Microsoft Outlook (Office 365)","Business Application","1813171132","379737954","1433433178"
"Reddit.com","Web","1207912878","90073149","1117839729"
"Internet Movie Database","Web","11295153","484427","10810726"
"Apple SIRI","Web","232751359","174243457","58507902"
"Apple Maps","Web","2221693","126748","2094945"
"Paypal.com","Web","51875612","5477766","46397846"
"Kijiji.ca","Web","456191192","34623383","421567809"
"AliExpress.com","Web","113227488","3582125","109645363"
"Google Accounts","Web","262866607","61216779","201649828"
"Amazon Ad System","Web","370115179","76189860","293925319"
"Snapchat","Social Networking","11021666697","843647877","10178018820"
"Turn","Web","5631110","1369762","4261348"
"ScorecardResearch","Web","75771380","19164572","56606808"
"Quantcast","Web","32379821","4048815","28331006"
"Telegram","Internet Instant Messaging","1857636935","72861442","1784775493"
"Waze Social GPS Maps & Traffic","Web","84175778","4192439","79983339"
"Oracle","Web","12188355","2869786","9318569"
"Bitstrips","Social Networking","208777905","10345602","198432303"
"TRUSTe","Web","31194353","2897560","28296793"
"Criteo","Web","318324741","66301063","252023678"
"Adobe","Business Application","3175710109","106452529","3069257580"
"Google Safe Browsing","Web","51113649","16200113","34913536"
"Inneractive","Web","211792148","137879287","73912861"
"Flurry","Business Application","65088237","23298695","41789542"
"Samsung","Web","2039876267","298838567","1741037700"
"Crashlytics","Web","74898331","9673137","65225194"
"Brightcove","Media","60112537","1805390","58307147"
"Twitch","Media","27771549797","200853955","27570695842"
"Facebook Messenger","Internet Instant Messaging","18353205562","8272358893","10080846669"
"InMobi","Web","225860698","58200003","167660695"
"AppsFlyer","Business Application","135663367","54555741","81107626"
"zalo","Internet Instant Messaging","726142757","298295730","427847027"
"Stickyads","Web","33863142","15060465","18802677"
"Smart AdServer","Web","100340939","42344379","57996560"
"Google Cloud Storage","Web","4578294490","3985056090","593238400"
"Google Cloud Messaging","Web","220766573","49802601","170963972"
"Google Calendar","Web","53986804","8711603","45275201"
"Apple Location","Web","4389447979","336365736","4053082243"
"OpenX","Web","17091769","5439865","11651904"
"PubMatic","Web","199044684","114138029","84906655"
"Index Exchange (previously Casale Media)","Web","65489415","22723463","42765952"
"LOTAME","Web","13303620","2368037","10935583"
"Rubicon Project","Web","178018140","65731589","112286551"
"AppNexus","Web","737363696","390421771","346941925"
"Rlcdn","Web","19021060","3044956","15976104"
"HyperText Transfer Protocol version 2","Web","14410869177","1034726220","13376142957"
"Advertising.com","Web","4641967","1028477","3613490"
"Google Tag Manager","Web","435829480","26962636","408866844"
"Facebook Embedded Video","Media","22257186001","248719970","22008466031"
"Ad Safe Protected","Web","154064645","23696931","130367714"
"Helpshift","Web","7136323","2055811","5080512"
"Adjust.com","Web","46623423","19134656","27488767"
"Urbanairship","Web","3286721","943944","2342777"
"BootstrapCDN","Web","7331731","424484","6907247"
"Apple Music","Media","416140485","11344357","404796128"
"Outbrain","Web","113840722","18262219","95578503"
"Fastly","Web","8569731","258059","8311672"
"Rogers TV","Web","63765883","4458225","59307658"
"UpLynk","Web","24069186","641246","23427940"
"Localytics","Web","5665527","837858","4827669"
"MoPub","Web","6247281","4375658","1871623"
"Applovin","Web","1941220392","445992854","1495227538"
"Android connectivity Manager","Network Service","29776480","14787188","14989292"
"Moat","Web","184978939","51437917","133541022"
"Krux","Web","14715662","1750992","12964670"
"Heap","Web","75246923","39585520","35661403"
"Branch Metrics","Web","168815414","23885055","144930359"
"Optimizely","Web","21575776","4563800","17011976"
"Taboola","Web","314998936","44289352","270709584"
"Mapbox","Web","12711345","880715","11830630"
"Riffsy (Tenor.co)","Web","2852192","160101","2692091"
"Ensighten","Web","7138554","1070881","6067673"
"Tune","Web","142546","34864","107682"
"Smaato","Web","24098663","9858512","14240151"
"Braintree","Web","447727","118176","329551"
"MediaMath","Web","10971577","4172039","6799538"
"jQuery","Web","27599417","989901","26609516"
"Everest Technologies","Web","123050641","6066207","116984434"
"SpotXchange","Web","10389874","3120712","7269162"
"Microsoft OneDrive","Web","1820730793","892875382","927855411"
"Microsoft","Web","5385511227","1072400579","4313110648"
"New Relic","Web","84386653","50684187","33702466"
"Uber (formerly UberCab)","Web","212898377","54985041","157913336"
"Conversant","Web","7691386","2350239","5341147"
"Bazaarvoice","Web","30431382","3388829","27042553"
"Teads","Web","31507141","6866971","24640170"
"Adform","Web","37888628","8012446","29876182"
"ZoomMeetings","Business Collaboration","2065887850","531888409","1533999441"
"HyperText Transfer Protocol proxy","Network Service","81311523","19078383","62233140"
"Tinder","Web","127827830","3506298","124321532"
"GIPHY","Web","545741103","14055940","531685163"
"Firebase Cloud Messaging","Web","554073473","205087493","348985980"
"IMO Video Calling Application","Media","130109111","70638734","59470377"
"Bidswitch","Web","33753259","13826436","19926823"
"Bugsnag","Web","4474309","2676925","1797384"
"Tealium","Web","14566385","2784411","11781974"
"Sharethrough","Web","75619227","29274615","46344612"
"AdColony","Web","39965781","14065074","25900707"
"Yieldmo","Web","21572310","3952135","17620175"
"Huawei","Web","32585747","3891325","28694422"
"ULP","Network Service","55791343","3225654","52565689"
"DoubleVerify","Web","100692885","19671441","81021444"
"Media Innovation Group","Web","2422416","672750","1749666"
"Avast","Web","71668830","6011504","65657326"
"Okta","Web","111762364","26622003","85140361"
"PulsePoint","Web","9332281","3353735","5978546"
"eXelate","Web","2610111","729579","1880532"
"Sonobi","Web","15674771","6796212","8878559"
"Cloudinary","Web","466866927","5490928","461375999"
"Amplitude","Web","66234250","55091771","11142479"
"Wall Street Journal","Web","524450","85074","439376"
"Google Cloud Platform","Web","101330085","11355694","89974391"
"Microsoft teams","Internet Instant Messaging","2149360591","816075919","1333284672"
"Data Saver","Web","212276794","75821181","136455613"
"Tenor","Web","779453607","18068877","761384730"
"Cisco","Web","9589865","2409554","7180311"
"IronSource","Business Application","783651124","96747222","686903902"
"Splunk Cloud","Storage and Backup","339096","208782","130314"
"Simpli.fi","Web","8052408","1080246","6972162"
"ByteDance","Web","1446646775","59358947","1387287828"
"TikTok (Musical.ly)","Social Networking","168710195149","5630231293","163079963856"
"Discord","Internet Instant Messaging","1375918530","90543176","1285375354"
"Apple News","Web","325545240","10963379","314581861"
"Vungle","Web","1211533123","30115245","1181417878"
"Google APIs","Web","5479556269","1983810862","3495745407"
"Amazon Cognito","Web","30868155","9538806","21329349"
"Unknown virtual protocol","Unclassified","529729583","225800706","303928877"
"Google Pay","Web","19435796","4000289","15435507"
"Bumble","Web","87431027","9077744","78353283"
"Wireguard","Tunneling and VPN","373071820","35043750","338028070"
"Google Messages","Internet Instant Messaging","149355754","82223404","67132350"
"JWPLAYER","Web","363799882","7105165","356694717"
"Agora","Network Service","63137","10621","52516"
"Activision-Blizzard","Web","1925860","365684","1560176"
"Wangwang","Internet Instant Messaging","928292","383589","544703"
"Likee","Internet Instant Messaging","87487443","9346445","78140998"
"KOCHAVA","Web","2677397","728097","1949300"
"Sift Science","Web","1248334","551355","696979"
"Amazon Alexa Assistant","Business Collaboration","1819766","566673","1253093"
"Spotify Audio","Real Time Audio/Video","4748595951","45362919","4703233032"
"Pendo","Web","302065549","28141443","273924106"
"Contentful","Web","838504780","24551578","813953202"
"Indeed","Web","185774625","56980842","128793783"
"Call of Duty Mobile","Gaming","336481928","8610621","327871307"
"WarnerMedia","Web","155460738","3403503","152057235"
"Digicert","Web","27822456","4834312","22988144"
"Font Awesome","Web","18278832","1331587","16947245"
"Intercom","Web","139874043","59084977","80789066"
"SD-WAN Control","SD-WAN","24190799496","13467572277","10723227219"
"SD-WAN Management","SD-WAN","3845330546","1668637451","2176693095"
"TencentMeeting","Business Collaboration","314920961","80390601","234530360"
"eBay.com","Web","68971184","5855536","63115648"
"Netbios Name Service","Network Service","146562","146562","0"
"Remote Desktop Protocol (Windows Terminal Server)","Remote Desktop","3125652532","37295738","3088356794"
"Server Message Block (Windows File Server)","File Sharing","34705","23490","11215"
"Simple Network Management Protocol","Management","317765","317765","0"
"SOCKet Secure v5","Tunneling and VPN","21997","8624","13373"
"Yahoo Search","Web","6683267","753509","5929758"
"Ask.com","Web","694081","107876","586205"
"Tumblr","Social Networking","87395495","6533633","80861862"
"Vk.com (Vkontakte)","Social Networking","12024836","398414","11626422"
"BitDefender Update","Web","2718700","1221852","1496848"
"Dropbox","Storage and Backup","2779419299","57871115","2721548184"
"Google Translate","Web","12088390","2750293","9338097"
"Portal.TidalTV.com","Web","1672092","436013","1236079"
"YouKu","Media","3289683","2840545","449138"
"Adobe Acrobat DC (Document Cloud)","Web","7002148","538301","6463847"
"AlJazeera.net","Web","62641911","4526303","58115608"
"Daum.net","Web","3254526","225231","3029295"
"Mozilla.com - Mozilla.org","Web","78580706","11333259","67247447"
"Naver Corporation (formerly NHN Corporation)","Web","13439494","690474","12749020"
"Taobao","Web","18581869","6534437","12047432"
"Google App Engine","Business Application","20449960","7653561","12796399"
"Apple FaceTime","Real Time Audio/Video","18017873990","7936283124","10081590866"
"Shazam","Web","586605","67512","519093"
"Amazon Prime Video","Media","3399367145","29015016","3370352129"
"Alipay","Web","8201397","451674","7749723"
"Alibaba.com","Web","17186474","887505","16298969"
"Akamai Technologies CDN","Web","5820606817","78928666","5741678151"
"Limelight Networks CDN","Web","5460502858","104952939","5355549919"
"Datagram Transport Layer Security","Tunneling and VPN","1884265660","440190419","1444075241"
"Zoho Corporation","Business Application","14079047","4387556","9691491"
"Nokia Here API","Web","1235156","231612","1003544"
"Microsoft SharePoint Online (Office 365)","Business Application","2820796435","2527606674","293189761"
"ESPN.go.com","Web","30249280","2453678","27795602"
"Google Documents (aka Google Drive)","Storage and Backup","439236411","9813560","429422851"
"Evernote","Web","15143","1797","13346"
"WebSocket","Network Service","5317241","600048","4717193"
"Wp.pl","Web","81325503","30328247","50997256"
"VnExpress.net","Web","23186245","2377989","20808256"
"Zing.vn","Web","661495","476336","185159"
"Aol","Web","2167031","359082","1807949"
"Gameloft Games","Gaming","847697","222908","624789"
"Candy Crush Saga","Gaming","61963345","24574131","37389214"
"King Digital Entertainment","Gaming","13062122","2198305","10863817"
"Symantec","Web","4869294","1173309","3695985"
"Zendesk","Business Collaboration","10340866","395203","9945663"
"BoldChat Live Chat","Internet Instant Messaging","2142084","630479","1511605"
"Gravatar","Business Collaboration","1959081","236898","1722183"
"Xiaomi","Web","45364455","30581437","14783018"
"Nielsen","Web","5665559","1188891","4476668"
"Mixpanel","Web","39389087","27691091","11697996"
"Lazada","Web","894365","50626","843739"
"CPMSTAR","Web","288285","96312","191973"
"Sizmek (previously MediaMind)","Web","50271404","1624400","48647004"
"AOL One","Web","4511959","518755","3993204"
"Realestate","Web","499894","80158","419736"
"Bizographics","Web","112401","26459","85942"
"Scotiabank","Web","31604296","6777371","24826925"
"Atlas Solutions","Web","445943","118768","327175"
"LogMeIn","Remote Desktop","3046433","321386","2725047"
"Unruly","Web","38513990","27636711","10877279"
"Disney Channel","Web","6212483","239102","5973381"
"Perform","Web","24621938","1016132","23605806"
"Periscope","Media","26353510","889249","25464261"
"Microsoft Sway (Office 365)","Business Application","4037740","106499","3931241"
"Microsoft Office OneNote (Office 365)","Business Application","1521083","230697","1290386"
"Rackspace","Web","1313761553","137986683","1175774870"
"Signal","Web","4141627","242983","3898644"
"Verizon","Web","37369909","22210741","15159168"
"Umeng","Web","1887724","894769","992955"
"Revcontent","Web","29680025","6533345","23146680"
"Google Photos (formerly Google Picasa)","Web","38637805","14262183","24375622"
"Liftoff","Web","6448782","2259220","4189562"
"Slack","Web","13678942","4834103","8844839"
"Younow","Web","71330105","33541565","37788540"
"hotjar","Web","73751947","11396998","62354949"
"Pokemon GO","Gaming","264337285","68578297","195758988"
"Highwinds","Web","168442911","3075202","165367709"
"Innovid","Web","347512137","8768730","338743407"
"Amazon Music","Media","19806678","4527587","15279091"
"Signal Private Messenger (Open Whisper Systems)","Internet Instant Messaging","4428198","1630975","2797223"
"Apple Game Center","Gaming","26145234","7564228","18581006"
"ADventori","Web","298277","65893","232384"
"Flashtalking","Web","203388198","8529322","194858876"
"MGID","Web","29324158","1289634","28034524"
"Booking.com","Web","57273899","6783395","50490504"
"Walmart","Web","3128021","1473279","1654742"
"Google Secure User Plane Location","Web","4863604","922296","3941308"
"Vivox","Internet Instant Messaging","172132","84117","88015"
"Niantic, Inc","Web","25445935","1699718","23746217"
"Canvas Student","Web","18727549","247232","18480317"
"Domain Name Service Crypt","Network Service","712873","293226","419647"
"Adtelligent","Web","4349321","1307679","3041642"
"Youtube Music","Media","51974232","4015762","47958470"
"Akamai Video","Media","1951306","445108","1506198"
"Text Me","Internet Instant Messaging","3319982","1190188","2129794"
"AnchorFree","Tunneling and VPN","566972","335156","231816"
"Disqus","Web","32316556","2663114","29653442"
"Grammarly","Web","50335057","18477369","31857688"
"Visual IQ","Web","451744","120111","331633"
"Alibaba Group","Web","869848","149137","720711"
"Alibaba Cloud","Web","180229897","46748722","133481175"
"Future_plc","Web","16307515","810922","15496593"
"ProtonMail","Email","1019639","194209","825430"
"OpenSignal","Web","1281849","1169774","112075"
"Unknown virtual protocol","Unclassified","1019110235","77737099","941373136"
"Unknown virtual protocol","Unclassified","49891458","2581306","47310152"
"Unknown virtual protocol","Unclassified","9493170","1293115","8200055"
"Unknown virtual protocol","Unclassified","73151091","66629772","6521319"
"Bigo","Web","415278351","13974482","401303869"
"Grand Theft Auto 5","Gaming","80505","9775","70730"
"Quora","Social Networking","16392161","976618","15415543"
"Airbnb","Web","64010101","3222112","60787989"
"Shopify","Web","199695295","3974528","195720767"
"DoorDash","Web","72816958","3028846","69788112"
"Houseparty","Real Time Audio/Video","174374","24762","149612"
"Demandbase","Web","2132385","113872","2018513"
"Connatix","Real Time Audio/Video","52705231","3325860","49379371"
"Go Daddy","Web","49478268","17839111","31639157"
"Priceline.com","Web","7305799","2804130","4501669"
"The Walt Disney Company","Web","590064","82024","508040"
"Kayak","Web","30713567","895616","29817951"
"Datadog","Web","2462298","1579687","882611"
"Advance Message Queuing Protocol","Network Service","1876","1036","840"
"BitTorrent","Peer to Peer","2164006","32074","2131932"
"Connection Oriented Transfer Protocol","Network Service","1732","1312","420"
"Dailymotion.com","Media","1095253379","30272089","1064981290"
"File Transfer Protocol","File Sharing","102552","43000","59552"
"Google Earth","Web","7326","390","6936"
"Independant Computing Architecture (Citrix)","Remote Desktop","3788","2108","1680"
"IPsec (AH and ESP)","Tunneling and VPN","1616540390","212182962","1404357428"
"Kerberos","Authentication","181286","51810","129476"
"Lighweight Directory Access Protocol","Authentication","11404","6784","4620"
"Network News Transport Protocol","Network Service","2810","1494","1316"
"Post Office Protocol (Version 3)","Email","1634890","230711","1404179"
"Secure POP3","Email","110490","13845","96645"
"Port Mapper","Network Service","5007","3432","1575"
"Point-to-Point Tunneling Protocol","Tunneling and VPN","534","324","210"
"QQ","Internet Instant Messaging","3297486","451489","2845997"
"Real Time Control Protocol","Business Collaboration","1816497","751874","1064623"
"Real Time Streaming Protocol","Media","32791","23745","9046"
"ShoutCast","Media","182968","6398","176570"
"Simple Mail Transfer Protocol","Email","212175","106793","105382"
"Simple Mail Transfer Protocol Secure","Email","609798","570718","39080"
"SOCKet Secure v4","Tunneling and VPN","12467","8582","3885"
"Service Location Protocol","Network Service","4632","2143","2489"
"Tabular Data Stream","Business Application","2599237","665809","1933428"
"Transparent Network Service (Oracle)","Business Application","995","680","315"
"VMWare","Remote Desktop","204872","13393","191479"
"X Window System","Business Application","7566","4836","2730"
"MPEG-Transport Stream","Real Time Audio/Video","570872154","2634686","568237468"
"Simple Network Paging Protocol","Network Service","10477","2239","8238"
"4shared.com","Web","40641","9886","30755"
"Ares","Peer to Peer","31455782","234206","31221576"
"Secure AIM","Internet Instant Messaging","7181596","717306","6464290"
"Tagged.com","Social Networking","9160194","5351422","3808772"
"Expedia.fr","Web","9454284","4528764","4925520"
"Travelocity.com","Web","17089","2457","14632"
"Realtor.com","Web","66114","9999","56115"
"Flickr","Social Networking","433407","12138","421269"
"Hi5.com","Social Networking","3096473","2224255","872218"
"Deezer","Web","120522828","979255","119543573"
"Rambler.ru","Web","4249488","1349647","2899841"
"Mail.ru Webmail","Email","3128030","488240","2639790"
"Real Time Messaging Protocol","Network Service","14315370","831639","13483731"
"Steampowered.com","Gaming","53836323","873919","52962404"
"Badoo.com","Internet Instant Messaging","23099789","2344330","20755459"
"Foursquare.com","Web","1941888","431966","1509922"
"Goodreads.com","Web","99826","13605","86221"
"Meetup","Web","346625","273763","72862"
"MyAnimeList.net","Web","57659","1941","55718"
"Odnoklassniki.ru","Social Networking","11594655218","226629036","11368026182"
"ResearchGATE.net","Web","1300322","22200","1278122"
"Yelp.com","Web","29487641","1787079","27700562"
"Baidu.com","Web","557494478","13681474","543813004"
"Adobe Update Manager","Web","333376253","6892853","326483400"
"Teredo protocol","Tunneling and VPN","22394","20288","2106"
"Firefox Update","Web","25619135","470121","25149014"
"Apple Update","Web","3751866","73001","3678865"
"Archive.org","Web","5352989","151454","5201535"
"QQLive Network Player","Media","260278","170319","89959"
"Symantec Norton AntiVirus Updates","Web","490142","9067","481075"
"Tango Video Calls","Real Time Audio/Video","112513110","11562953","100950157"
"Avira Update","Web","10156078","188515","9967563"
"BBC Player","Media","17306801","115706","17191095"
"Evony.com","Web","536648","227120","309528"
"iHeartRADIO","Media","37629546","955914","36673632"
"Photobucket.com","Web","39559","2031","37528"
"Psiphon","Web","6456112","1128810","5327302"
"Tokbox.com","Web","573054","48164","524890"
"SiriusXm.com","Media","3557","469","3088"
"Zoho CRM","Business Application","8999","1153","7846"
"GoToMeeting Online Meeting","Business Collaboration","20348692","7496167","12852525"
"WebEx","Business Collaboration","944422","318384","626038"
"Slingbox","Media","12660","2204","10456"
"Bloomberg.com","Web","9402852","229933","9172919"
"Microsoft Office Communicator","Internet Instant Messaging","360605","82962","277643"
"Internet Inter-ORB Protocol","Network Service","995","680","315"
"RSS","Web","43492","1872","41620"
"BlackBerry.com","Web","9509","8865","644"
"Netware Core Protocol","Management","3425","2060","1365"
"Flash Media Playback","Media","1597092050","44792501","1552299549"
"ABCNews","Web","6008","584","5424"
"Acer","Web","907019008","18350984","888668024"
"Alexa","Web","201675","21752","179923"
"AmericanExpress","Web","556852","208756","348096"
"ATT.com (AT&T)","Web","137403","35892","101511"
"Blogger","Web","5123738","199679","4924059"
"Capital One","Web","29056166","3866500","25189666"
"Cnet.com","Web","146938","11693","135245"
"CNN (Cable News Network)","Web","42781926","4685270","38096656"
"Comcast","Web","4116121","434634","3681487"
"Daily Mail","Web","48064414","1244211","46820203"
"DirecTV.com","Web","6268","1941","4327"
"Fox News","Web","2408365","35849","2372516"
"Groupon","Web","459509","18872","440637"
"HowStuffWorks.com","Web","6961","1965","4996"
"Intuit.com","Business Application","45519089","33082493","12436596"
"Kaspersky.com","Web","98357","39248","59109"
"Mashable.com","Web","32277","2249","30028"
"Monster.com","Web","146022","26036","119986"
"NASA.gov","Web","3259352","52933","3206419"
"NBA.com","Web","6811746","630661","6181085"
"National Football League (NFL.com)","Web","147954753","1705741","146249012"
"Nike.com","Web","53570332","8434096","45136236"
"NYTimes.com","Web","19763588","232940","19530648"
"PlayStation.com","Web","1632521","293419","1339102"
"Reuters.com","Web","11874923","364764","11510159"
"Reverso.net","Web","11249","1396","9853"
"Sky","Web","492250","34840","457410"
"SlideShare","Web","7450","1586","5864"
"Sports Illustrated","Web","892867","8215","884652"
"Sprint.com","Web","31121","3690","27431"
"SurveyMonkey.com","Web","1342666","146512","1196154"
"Vimeo","Web","105794500","2122802","103671698"
"Xbox","Gaming","7701527","278843","7422684"
"XNXX","Web","222007","63022","158985"
"Xvideos.com","Media","1713001","331340","1381661"
"Youm7.com","Web","4004885","113349","3891536"
"Sina.com.cn","Internet Instant Messaging","690070","613567","76503"
"OICQ","Internet Instant Messaging","191110","109403","81707"
"Sina Weibo","Web","11086","4368","6718"
"QQ WeiBo","Web","8949","5612","3337"
"Line","Internet Instant Messaging","36151281","7160398","28990883"
"Scribd.com","Web","20955","5663","15292"
"TuneIn","Real Time Audio/Video","229081","16839","212242"
"KakaoTalk","Internet Instant Messaging","966061","161787","804274"
"The Kyunghyang Shinmun","Web","6958325","234704","6723621"
"mt","Web","235177","9565","225612"
"Nate.com","Web","1062849","63131","999718"
"Tistory.com","Web","58422","17192","41230"
"163.com","Web","124235","60066","64169"
"Sohu.com","Web","135712","23978","111734"
"Ifeng.com","Web","132481","58901","73580"
"Hao123","Web","3012354","968669","2043685"
"Sogou.com","Web","1303245","278560","1024685"
"360.cn","Web","78615","29093","49522"
"Zynga.com","Gaming","3787744","1425276","2362468"
"KIK Messenger","Internet Instant Messaging","286930","102855","184075"
"WeChat","Internet Instant Messaging","1939067898","325109792","1613958106"
"MiTalk Messenger (Miliao)","Internet Instant Messaging","514564","68958","445606"
"Rakuten.co.jp","Web","4596030","803402","3792628"
"Goo.ne.jp","Web","9850","2211","7639"
"QQ Mail","Email","460545","395564","64981"
"QQ News","Web","32497768","6405127","26092641"
"Tencent.com","Internet Instant Messaging","705642","237563","468079"
"Pornhub","Web","12086","2379","9707"
"MeetMe.com","Social Networking","8842519","1050862","7791657"
"Microsoft Skype for Business (formerly Microsoft Lync Online) (Office 365)","Business Collaboration","765","436","329"
"iperf","File Sharing","1281206437","28509484","1252696953"
"Speedtest","File Sharing","159909679","11336471","148573208"
"MapQuest.com","Web","271781","11708","260073"
"BuzzFeed.com","Web","10376","5166","5210"
"Imgur.com","Storage and Backup","24561349","472517","24088832"
"ImageShack","File Sharing","46029","1787","44242"
"xHamster.com","Web","73743","42335","31408"
"JingDong","Web","13385776","685715","12700061"
"Bet365.com","Web","1031575","86041","945534"
"Issuu.com","Web","1597636","380990","1216646"
"LastPass.com","Web","254331","102563","151768"
"Mendeley.com","File Sharing","18094","897","17197"
"Saavn Bollywood Music","Media","313747","32781","280966"
"touch","Internet Instant Messaging","10468","3436","7032"
"Xbox Live Marketplace","Gaming","8898609","85744","8812865"
"Bitcoin client","Peer to Peer","1585","850","735"
"BBC","Web","37386466","1421631","35964835"
"Softonic.com","Web","75170","5926","69244"
"ElPais.com","Web","2277338","255039","2022299"
"T-Online.de","Web","24095","3874","20221"
"Marca.com","Web","188021","44519","143502"
"Kooora.com","Web","871341","240238","631103"
"MercadoLibre (aka MercadoLivre)","Web","44433","12450","31983"
"Olx","Web","1891525","307268","1584257"
"ESPNCricinfo.com","Web","3854476","177778","3676698"
"Goal.com","Web","5395","987","4408"
"Telegraf.rs","Web","614124","33177","580947"
"Sapo.mz - Sapo.pt","Web","1922510","129148","1793362"
"Jfranews.com","Web","143316","6494","136822"
"Apple HTTP Live Streaming","Real Time Audio/Video","219888785","2466708","217422077"
"Free","Web","728","518","210"
"Index.hr","Web","4743099","774545","3968554"
"Index.hu","Web","27605","908","26697"
"24h.com.vn","Web","223001","11131","211870"
"24sata.hr","Web","3252841","185320","3067521"
"Aktuality.sk","Web","24149331","1744829","22404502"
"Alfajertv.com","Web","850453","17990","832463"
"Azet.sk","Web","975637","490021","485616"
"craigslist","Web","627403","36887","590516"
"Indiatimes","Web","4244159","241738","4002421"
"ING Bank","Web","37633","3376","34257"
"Interia.pl","Web","1214434","209984","1004450"
"Lotterypost.com","Web","555571","32655","522916"
"Background Intelligent Transfer Service","File Sharing","66918555","4758742","62159813"
"Hotspot Shield","Tunneling and VPN","4800410257","339213609","4461196648"
"Conviva","Infrastructure","11202737","9087948","2114789"
"EdgeCast Networks CDN","Infrastructure","13217","1563","11654"
"20minutes","Web","527944","21967","505977"
"Dr.dk","Web","119709","2625","117084"
"Elcomercio.pe","Web","2252520","361388","1891132"
"Elmundo.es","Web","32237","8573","23664"
"Rt.com","Web","5449470","126423","5323047"
"Flipkart.com","Web","17335","1036","16299"
"Jutarnji.hr","Web","34965","5294","29671"
"Lanacion.com.ar","Web","27092","3351","23741"
"Maannews.net","Web","36932","4131","32801"
"Onet.pl","Web","610638","48909","561729"
"Trend.az","Web","778790","6439","772351"
"Perfect Dark","Peer to Peer","576424","39245","537179"
"Eltiempo","Web","214192","8929","205263"
"News","Web","3265","1750","1515"
"Vecernji","Web","5011649","546271","4465378"
"AddThis","Web","21863010","2023946","19839064"
"Yadro","Web","222560","114585","107975"
"uTorrent","Peer to Peer","6894","4116","2778"
"Huffington Post","Web","2007870","28056","1979814"
"Plants vs Zombies","Gaming","1766640","597957","1168683"
"Almasryalyoum","Web","8146856","610410","7536446"
"OpenStreetMap","Infrastructure","617763","28408","589355"
"Videoplaza","Web","743253","200305","542948"
"Crittercism","Business Application","15015","2389","12626"
"Naver Blog","Web","2538","1255","1283"
"Plenty Of Fish","Web","10164198","3852959","6311239"
"FreeWheel","Web","1782735","543582","1239153"
"Turner","Web","6947833","276827","6671006"
"Hihi2","Web","3011183","59231","2951952"
"Ukr","Web","765097","71834","693263"
"JAVA-RMI","Network Service","3591","2226","1365"
"Cedexis","Web","5051173","1299925","3751248"
"Amazon Cloud Drive","Web","5053243","4847281","205962"
"Gettyimages","Web","10031365","283564","9747801"
"Theladbible","Web","32714","2721","29993"
"Flipboard","Web","9569839","857454","8712385"
"Traffic Junky","Web","10462","1418","9044"
"quic","Network Service","46148212","12417349","33730863"
"I2P Invisible Internet Project","Tunneling and VPN","51022546","5574331","45448215"
"ADTECH","Web","1343386","76555","1266831"
"Constant Contact","Web","337210","20115","317095"
"GitHub","Web","1844911","191342","1653569"
"Skynewsarabia","Web","551505","28120","523385"
"Atlassian","Web","64875","51259","13616"
"Internet.org","Web","160199","43062","117137"
"Kakaocdn","Infrastructure","26621638","413700","26207938"
"My.com","Web","619992","189057","430935"
"Gmanetwork","Web","30486","2748","27738"
"CBS Video","Web","1603136","124777","1478359"
"Threema","Web","6145","879","5266"
"NBC","Web","19945610","247403","19698207"
"Microsoft Translator (Bing Translator)","Web","47610","20141","27469"
"Olark","Web","1089412","44877","1044535"
"Liveperson","Web","29137054","3317730","25819324"
"Zopim","Web","1793684","260399","1533285"
"Uptodown","Web","142836834","1331079","141505755"
"Google Code","Web","7420","968","6452"
"Rollout","Web","834692","293150","541542"
"Microsoft Excel Online (Office 365)","Web","18103811","5570694","12533117"
"LiveChat","Web","4006891","203265","3803626"
"Glympse","Web","5997","1108","4889"
"QINIU","Web","2575556","55359","2520197"
"LKQD","Web","1592968","483731","1109237"
"Lookout Mobile Security","Business Application","325151","253804","71347"
"TubeMogul","Web","1256941","221006","1035935"
"Rappler","Web","2455556","50382","2405174"
"Hola Web Proxy","Web","819330","244502","574828"
"funCaptcha","Web","37046","6921","30125"
"MobFox","Web","222849","53063","169786"
"Yandex Maps","Web","414942","13249","401693"
"Baidu Maps","Web","38099","7065","31034"
"QQVideo","Web","361107794","2734659","358373135"
"MQ Telemetry Transport","Network Service","29913","15976","13937"
"Middle East Broadcasting Center (MBC Group)","Web","628690","393408","235282"
"Thethao247","Web","4136618","60242","4076376"
"Clicktale","Web","9684412","5821577","3862835"
"Adk2","Web","899254","20600","878654"
"CDNetworks","Infrastructure","281011","16878","264133"
"Weborama","Web","509717","105905","403812"
"Constrained Application Protocol","Network Service","995","680","315"
"Myway","Web","473752","39617","434135"
"Wells Fargo","Web","5831471","2133741","3697730"
"StackExchange","Web","2054122","64781","1989341"
"StackOverflow","Web","2293654","46022","2247632"
"Wix","Web","21207653","3044474","18163179"
"Eskimi","Web","40368","7309","33059"
"Shutterstock","Web","331144","59659","271485"
"Heroku","Web","1990561","302418","1688143"
"Clash of Clans","Gaming","50476606","3312437","47164169"
"Supercell","Gaming","5636516","786246","4850270"
"Facebook Live","Media","1001807","978933","22874"
"Cheetah Mobile","Web","62239","23165","39074"
"Microsoft Word Online (Office 365)","Business Collaboration","26007556","1000059","25007497"
"Microsoft Powerpoint Online (Office 365)","Business Collaboration","7466279","141426","7324853"
"OPC Unified Architecture","Web","1888","1048","840"
"StreamRail","Media","95252","20973","74279"
"Vidyard","Web","64845","3005","61840"
"Nintendo","Gaming","891575","202517","689058"
"Rozetka","Web","312644","15619","297025"
"OpenRTB","Web","449418","407741","41677"
"Audible","Real Time Audio/Video","51632","32788","18844"
"Google Classroom","Web","44634","8964","35670"
"Samsung Update","Web","2508855987","62425418","2446430569"
"AnyDesk","Remote Desktop","802511","193732","608779"
"Livescore","Web","1138857","88676","1050181"
"Savefrom","Web","69150","7180","61970"
"MaxCDN","Web","79044","9680","69364"
"Zhihu","Web","1571395","48182","1523213"
"Yandex Music","Real Time Audio/Video","9776406","1582617","8193789"
"DocuSign","Web","4800001","357302","4442699"
"Automatic Data Processing (ADP)","Web","12218887","355980","11862907"
"Zippyshare","Web","352514","11532","340982"
"Microsoft Power BI (Office 365)","Web","12091060","500985","11590075"
"Optus","Web","1961978","81566","1880412"
"Gfycat","Web","3203761","43240","3160521"
"T-Mobile","Web","70092","9809","60283"
"Chunghwa Telecom","Web","216086","61664","154422"
"Sportradar","Web","1047825","101880","945945"
"ChinaNetCenter ","Web","151979","60100","91879"
"Meitu","Web","4567232","109815","4457417"
"Clash Royale","Gaming","622768539","9218985","613549554"
"Origin","Web","8082913","166629","7916284"
"Instructure","Web","8228048","349882","7878166"
"Mail.com","Email","990804","116977","873827"
"United Internet","Web","81588","29261","52327"
"shopee.tw","Web","29975688","1721882","28253806"
"Electronic Arts","Web","577870588","30529229","547341359"
"Facebook Lite","Social Networking","6028562","1124421","4904141"
"streamRoot","Web","4976","1245","3731"
"Kakao","Web","95382","25513","69869"
"Digioh","Web","1732251","103553","1628698"
"Apptimize","Web","110996","30830","80166"
"UC Browser","Web","159905","100177","59728"
"x_vpn","Tunneling and VPN","18521853","3909023","14612830"
"Mediascope","Web","808393","191475","616918"
"kafka","Network Service","3664707","268777","3395930"
"Opera turbo","Network Service","6987","2359","4628"
"Appnext","Web","1112382","77358","1035024"
"Fox Networks","Web","282245","2359","279886"
"9GAG","File Sharing","4466618","153031","4313587"
"Vonage Mobile","Media","29983","8504","21479"
"TunnelBear VPN","Tunneling and VPN","11209","1176","10033"
"Spring Tech VPN","Tunneling and VPN","20477388","2785701","17691687"
"Microsoft AD Right Management Service","Business Application","172706","110003","62703"
"RingCentral","Business Collaboration","583221","103452","479769"
"Google News","Web","3905319","576284","3329035"
"League of Legends","Gaming","24957310","3626205","21331105"
"Discourse","Web","54766","5677","49089"
"ExpressVPN","Tunneling and VPN","1036411","214775","821636"
"Account Kit","Web","836605","246350","590255"
"Inskin","Web","124877","16637","108240"
"Wish","Web","60912","19151","41761"
"Google Play Books","Web","3325793","958655","2367138"
"DICOM","Network Service","845","530","315"
"MAkeMyTrip","Web","706553","201130","505423"
"Prezi","Web","27910","19602","8308"
"Fandom","Web","4279328","95117","4184211"
"Tesla","Web","6657","1690","4967"
"Google GSuite","Web","1887580","579336","1308244"
"W3Schools","Web","36099","6978","29121"
"Codepen","Web","7265","1053","6212"
"Megaphone","Web","162617534","1916380","160701154"
"UDP Data Transfer protocol","File Sharing","76600334","1899844","74700490"
"TripAdvisor","Web","32453400","1539812","30913588"
"Moodle","Social Networking","14793","4111","10682"
"DAZN","Real Time Audio/Video","22341337","1481520","20859817"
"PubNub","Web","2368405","636061","1732344"
"Unknown virtual protocol","Unclassified","4386","846","3540"
"Unknown virtual protocol","Unclassified","76604","12802","63802"
"Unknown virtual protocol","Unclassified","638333","6126","632207"
"Unknown virtual protocol","Unclassified","488229","251873","236356"
"NetEase","Web","202792293","4341704","198450589"
"Unknown virtual protocol","Unclassified","1589168","968728","620440"
"Unknown virtual protocol","Unclassified","9563530","396686","9166844"
"Unknown virtual protocol","Unclassified","5175","884","4291"
"Unknown virtual protocol","Unclassified","3547035","617731","2929304"
"Unknown virtual protocol","Unclassified","197390624","2904549","194486075"
"Discovery Inc","Real Time Audio/Video","28087","2328","25759"
"Qwant","Web","4141968","210334","3931634"
"National Public Radio","Web","105778","7986","97792"
"Acast","Real Time Audio/Video","26372057","159520","26212537"
"Talkatone","Internet Instant Messaging","16716","5423","11293"
"Raknet","Gaming","85683377","39616712","46066665"
"Mario Kart Tour","Gaming","11539078","3738053","7801025"
"Firework","Internet Instant Messaging","1183268","131690","1051578"
"BAMTech","Real Time Audio/Video","31402981","19358476","12044505"
"Disney Plus","Real Time Audio/Video","4092349316","45016861","4047332455"
"Apple TV Plus","Real Time Audio/Video","468610","8584","460026"
"Kuwo","Real Time Audio/Video","340990","88121","252869"
"Toutiao","Web","48050","7384","40666"
"Tuchong","Web","2264225","2065062","199163"
"Zhenai","Web","2004","1109","895"
"MediaLab","Web","106780","78397","28383"
"Netease Games","Gaming","2905990","275059","2630931"
"Browsec VPN","Tunneling and VPN","4671","3315","1356"
"Workday","Business Application","2380949","307617","2073332"
"Service Now","Web","4376682","307880","4068802"
"StackPath","Web","626845","51673","575172"
"Uber Eats","Web","2899816","613722","2286094"
"Shahid","Real Time Audio/Video","2829626","110429","2719197"
"Roblox","Gaming","1571502248","126600785","1444901463"
"BridTV","Real Time Audio/Video","16120309","291475","15828834"
"Acronis Backup","File Sharing","149794","8633","141161"
"Citrix","Web","90586","26926","63660"
"Microsoft Dynamics","Business Application","283698","50024","233674"
"Digital Turbine","Web","41740393","1033488","40706905"
"Pluto TV","Real Time Audio/Video","1135607876","22257039","1113350837"
"Amber Weather","Web","1962","520","1442"
"adRise","Real Time Audio/Video","1789252","81113","1708139"
"Tubi TV","Real Time Audio/Video","175536036","2941593","172594443"
"iFunny","Web","7439","1724","5715"
"Yubo","Internet Instant Messaging","8093","1930","6163"
"Minute Media","Web","1395109","62066","1333043"
"UserReport","Web","2909983","179153","2730830"
"Xbox Cloud Gaming","Gaming","13287","4050","9237"
"2Checkout","Web","663405","40260","623145"
"Coursera","Web","261295646","3708784","257586862"
"The Blaze","Web","1898751","45648","1853103"
"E! Online","Web","87800","15548","72252"
"Hotels.com","Web","180087","60911","119176"
"NHL.com","Web","52687704","1580744","51106960"
"TIME","Web","41671","4776","36895"
"TMZ","Web","2822550","69316","2753234"
"United Airlines","Web","19240243","1374321","17865922"
"Nvidia","Web","3206777","459776","2747001"
"Geforce Now","Gaming","409113","180121","228992"
"Wired","Web","29067222","2380353","26686869"
"Kickstarter","Web","267849","10488","257361"
"FedEx","Web","6379971","348529","6031442"
"Eventbrite","Web","4973526","105558","4867968"
"Bilibili","Web","231087","74007","157080"
"vmware_horizon","Network Service","347878123","20451633","327426490"
"Unknown virtual protocol","Unclassified","376818","35368","341450"
"Unknown virtual protocol","Unclassified","69990","38507","31483"
"ShoreTel","Business Collaboration","9928","4458","5470"
"RingCentralApp","Business Collaboration","69624","27220","42404"
