"Application","Category","Total Bytes","Bytes Received","Bytes Sent"
"Domain Name Service","Network Service","2936014976","1422892127","1513122849"
"Google Mail","Email","7317065534","483254456","6833811078"
"Google Search","Web","1393222539","226071220","1167151319"
"HyperText Transfer Protocol","Web","6191756048","1071427275","5120328773"
"HyperText Transfer Protocol Secure","Web","23173303987","5190384699","17982919288"
"Internet Control Message Protocol","Network Service","4363470804","2613509822","1749960982"
"Internet Message Access Protocol version 4","Email","113777504","41590752","72186752"
"Internet Message Access Protocol Secure","Email","3840865632","126178061","3714687571"
"Internet Protocol","Network Service","0","0","0"
"Internet Security Association and Key Management Protocol","Tunneling and VPN","2511271297","386528395","2124742902"
"XMPP Protocol (Jabber)","Business Collaboration","10379987","3092640","7287347"
"McAfee Client update","Business Application","79237834","9825820","69412014"
"Network Time Protocol","Network Service","8168637","4891416","3277221"
"Real Time Control Protocol","Business Collaboration","641916929","73980741","567936188"
"Real Time Protocol","Business Collaboration","19234307517","3349277954","15885029563"
"Session Initiation Protocol","Business Application","1037111461","614269223","422842238"
"Skype and Teams","Business Collaboration","125751897","20605732","105146165"
"Simple Object Access Protocol","Network Service","695053163","478542071","216511092"
"Secure Shell","Tunneling and VPN","1069987525","254496062","815491463"
"Secure Socket Layer","Tunneling and VPN","43025700122","10846273841","32179426281"
"Session Traversal Utilities for NAT","Business Collaboration","57841710","35941578","21900132"
"Transmission Control Protocol","Other TCP/UDP","3148372683","784718765","2363653918"
"User Datagram Protocol","Other TCP/UDP","171608382717","19869819990","151738562727"
"Yahoo Mail v.2.0","Email","381380929","88323129","293057800"
"Youtube.com","Media","17227600531","1324392785","15903207746"
"Facebook","Social Networking","101487065614","6250396221","95236669393"
"Google Ads","Web","1885752571","296837222","1588915349"
"WordPress.com","Social Networking","41299330","1756170","39543160"
"LinkedIn","Social Networking","460059128","51915026","408144102"
"Apple Generic Services","Web","12974458860","828467880","12145990980"
"Online Certificate Status Protocol","Business Application","30850228","12188245","18661983"
"Steampowered.com","Gaming","88935870","5204323","83731547"
"Xbox Live","Gaming","34742447","2211161","32531286"
"Twitter","Social Networking","2836994041","150057748","2686936293"
"Yandex.ru","Web","15038222","8719567","6318655"
"iTunes","Media","2144049762","242005311","1902044451"
"Spotify","Media","2086053760","169551668","1916502092"
"Bing.com (formerly MSN Search)","Web","750575064","123395515","627179549"
"Teredo protocol","Tunneling and VPN","320639396","48788447","271850949"
"Windows Update","Web","11033390048","703164862","10330225186"
"Chrome Update","Web","414437906","20417121","394020785"
"Opera Update","Web","2170224","717717","1452507"
"Google Analytics,Google Marketing Platform","Web","843551274","235514205","608037069"
"Google GStatic","Web","3787840298","300344495","3487495803"
"Portal.TidalTV.com","Web","1814678","387026","1427652"
"Google Generic","Web","6372216366","1330401614","5041814752"
"AccuWeather","Web","24909953","3400469","21509484"
"Acer","Web","10777085","538625","10238460"
"Amazon Generic Services","Web","6020400279","2506863093","3513537186"
"Daum.net","Web","18273074","1756780","16516294"
"Weather.com","Web","46386874","4200939","42185935"
"WhatsApp Messenger","Internet Instant Messaging","31759827412","8385625296","23374202116"
"Apple App Store","Web","13103947389","566921156","12537026233"
"Windows Marketplace","Web","2593151124","152084622","2441066502"
"Apple Push Notification Service","Web","580387724","397730803","182656921"
"iOS over-the-air (OTA) update","Web","5984360048","277240524","5707119524"
"Samsung Apps","Web","140127280","13899596","126227684"
"Google Play Store","Media","5584208348","1073428962","4510779386"
"iCloud (Apple)","Storage and Backup","8470504259","2866740536","5603763723"
"Instagram","Web","89548893655","5308236327","84240657328"
"Amazon Web Services/Cloudfront CDN","Infrastructure","24897166295","16776736681","8120429614"
"KakaoTalk","Internet Instant Messaging","6376510","1529401","4847109"
"Coupang","Web","1181631","167608","1014023"
"Zum.com","Web","170521","18315","152206"
"Joongang Daily","Web","2878246","292945","2585301"
"Akamai Technologies CDN","Web","1542038105","64343091","1477695014"
"Datagram Transport Layer Security","Tunneling and VPN","1066944031","171162699","895781332"
"Yahoo.com","Web","1369319451","194199146","1175120305"
"CloudFlare CDN","Infrastructure","10454735981","624221473","9830514508"
"Microsoft Office 365","Business Collaboration","2154267746","244216960","1910050786"
"Zoho Corporation","Business Application","110900250","47770885","63129365"
"Pinterest","Web","249453810","24100386","225353424"
"Microsoft Outlook (Office 365)","Business Application","2185722732","645911175","1539811557"
"Apple SIRI","Web","130479864","83903872","46575992"
"Imgur.com","Storage and Backup","76145212","2094455","74050757"
"touch","Internet Instant Messaging","5231","1775","3456"
"Google Accounts","Web","385216101","170262444","214953657"
"Amazon Ad System","Web","266208174","57311476","208896698"
"Snapchat","Social Networking","13197258147","1083316943","12113941204"
"Yadro","Web","85950","32897","53053"
"Turn","Web","7119215","1638215","5481000"
"ScorecardResearch","Web","44262986","14451672","29811314"
"Quantcast","Web","20300056","4391458","15908598"
"Telegram","Internet Instant Messaging","1596145861","94300180","1501845681"
"Waze Social GPS Maps & Traffic","Web","228121747","24033424","204088323"
"Oracle","Web","23806515","3408104","20398411"
"Bitstrips","Social Networking","193572699","11924849","181647850"
"TRUSTe","Web","22414749","2033552","20381197"
"Criteo","Web","198394951","39061479","159333472"
"Adobe","Business Application","361342060","64957511","296384549"
"Google Safe Browsing","Web","58674420","16535355","42139065"
"Inneractive","Web","238964081","189328377","49635704"
"Flurry","Business Application","89065853","34673648","54392205"
"Samsung","Web","238952632","79592662","159359970"
"Facebook Messenger","Internet Instant Messaging","7837276289","2390896224","5446380065"
"InMobi","Web","82904150","36745645","46158505"
"AppsFlyer","Business Application","83956108","26523076","57433032"
"Gravatar","Business Collaboration","4914417","939324","3975093"
"Stickyads","Web","46275140","9279265","36995875"
"Mixpanel","Web","31000695","23772526","7228169"
"Smart AdServer","Web","70290556","24764034","45526522"
"Google Cloud Storage","Web","6784361209","5962968359","821392850"
"Google Cloud Messaging","Web","235648458","61033419","174615039"
"Google Calendar","Web","56538359","15711984","40826375"
"Apple Location","Web","10854754647","1182866104","9671888543"
"OpenX","Web","13824024","3902648","9921376"
"PubMatic","Web","123394912","62230083","61164829"
"Index Exchange (previously Casale Media)","Web","55319750","16963778","38355972"
"LOTAME","Web","11937731","2181044","9756687"
"Rubicon Project","Web","152344803","59227693","93117110"
"AppNexus","Web","323387588","180416656","142970932"
"Rlcdn","Web","19263524","3171125","16092399"
"HyperText Transfer Protocol version 2","Web","8845920200","2152129560","6693790640"
"Kakaocdn","Infrastructure","3036808","206498","2830310"
"Google Tag Manager","Web","412325945","32210242","380115703"
"Ad Safe Protected","Web","107781788","18221269","89560519"
"Scotiabank","Web","54432484","9260022","45172462"
"Urbanairship","Web","7365309","2395948","4969361"
"BootstrapCDN","Web","6451389","926860","5524529"
"Outbrain","Web","134470568","26489987","107980581"
"MoPub","Web","1281187","593427","687760"
"Applovin","Web","960495658","293300868","667194790"
"Android connectivity Manager","Network Service","26245073","13235462","13009611"
"Moat","Web","168333083","43851562","124481521"
"Heap","Web","189246793","99878913","89367880"
"Branch Metrics","Web","62021515","17342961","44678554"
"Optimizely","Web","24884453","6090865","18793588"
"Taboola","Web","293384858","51668853","241716005"
"Smaato","Web","11617506","4611485","7006021"
"MediaMath","Web","13519373","4646727","8872646"
"LKQD","Web","981684","347375","634309"
"jQuery","Web","18273610","1336291","16937319"
"Everest Technologies","Web","25326578","7300396","18026182"
"Microsoft OneDrive","Web","524726619","65727975","458998644"
"Microsoft","Web","4984217433","1194397365","3789820068"
"New Relic","Web","372185683","241230878","130954805"
"Google Photos (formerly Google Picasa)","Web","33327873","6728701","26599172"
"Uber (formerly UberCab)","Web","2073173044","1186928663","886244381"
"Conversant","Web","7339034","2495715","4843319"
"Teads","Web","22922801","5141289","17781512"
"Adform","Web","16194823","3824870","12369953"
"ZoomMeetings","Business Collaboration","1564464907","230574182","1333890725"
"Uptobox","Web","1036346","50736","985610"
"HyperText Transfer Protocol proxy","Network Service","24520929","10546215","13974714"
"GIPHY","Web","177326392","6781567","170544825"
"Firebase Cloud Messaging","Web","525401911","230716372","294685539"
"Heroku","Web","40797027","1277918","39519109"
"Bidswitch","Web","34150000","12101202","22048798"
"Cheetah Mobile","Web","15555","4326","11229"
"StreamRail","Media","9903572","355072","9548500"
"Sharethrough","Web","63205159","16862248","46342911"
"AdColony","Web","17504595","5809826","11694769"
"Yieldmo","Web","21505897","3853828","17652069"
"Huawei","Web","11550929","3506998","8043931"
"DoubleVerify","Web","93248635","17111839","76136796"
"Media Innovation Group","Web","2417387","607178","1810209"
"DocuSign","Web","2556501","345614","2210887"
"Okta","Web","139144594","23854483","115290111"
"PulsePoint","Web","9872220","3441946","6430274"
"Sonobi","Web","12421031","4717130","7703901"
"Google Secure User Plane Location","Web","2166748","302608","1864140"
"Amplitude","Web","369889394","294545221","75344173"
"Google Cloud Platform","Web","39220948","14051824","25169124"
"Microsoft teams","Internet Instant Messaging","4893795450","539002722","4354792728"
"Kakao","Web","311212","73811","237401"
"Mediascope","Web","115279","28236","87043"
"Tenor","Web","54817932","7132699","47685233"
"Cisco","Web","9392830","3158090","6234740"
"Disqus","Web","64643904","7220270","57423634"
"Simpli.fi","Web","4387020","860765","3526255"
"ByteDance","Web","456697810","107287186","349410624"
"TikTok (Musical.ly)","Social Networking","78934965149","5488640840","73446324309"
"Apple News","Web","509099333","34928522","474170811"
"Google APIs","Web","6656557100","2981492413","3675064687"
"Amazon Cognito","Web","29717340","9746395","19970945"
"Unknown virtual protocol","Unclassified","128477","24642","103835"
"Unknown virtual protocol","Unclassified","267119436","126537244","140582192"
"JWPLAYER","Web","408868142","12618650","396249492"
"KOCHAVA","Web","3463910","1069645","2394265"
"Geforce Now","Gaming","1811175","136755","1674420"
"Digicert","Web","29439961","5218680","24221281"
"Font Awesome","Web","28993229","4321189","24672040"
"Intercom","Web","296408260","107626084","188782176"
"SD-WAN Control","SD-WAN","31826849218","18115227349","13711621869"
"SD-WAN Management","SD-WAN","5690465584","2459707389","3230758195"
"TencentMeeting","Business Collaboration","311086346","105496731","205589615"
"Dailymotion.com","Media","509570664","19396355","490174309"
"Google Maps","Web","165837619","19714099","146123520"
"Real Time Streaming Protocol","Media","3801540","164659","3636881"
"Simple Mail Transfer Protocol","Email","16585719","15767415","818304"
"Yahoo Search","Web","4584547","521809","4062738"
"Windows Live Hotmail","Email","753202957","68533897","684669060"
"Secure AIM","Internet Instant Messaging","1134921","180431","954490"
"Expedia.fr","Web","8491247","1886527","6604720"
"Foursquare.com","Web","2932135","648305","2283830"
"TeamViewer","Remote Desktop","43577428","8174469","35402959"
"Baidu.com","Web","36786210","5547432","31238778"
"Apple Update","Web","6571023","540948","6030075"
"Viber","Real Time Audio/Video","436357008","58369731","377987277"
"Netflix.com","Media","36323629777","1705445930","34618183847"
"Psiphon","Web","142162","60194","81968"
"WebEx","Business Collaboration","45478852","5421311","40057541"
"Capital One","Web","6202591","847629","5354962"
"Comcast","Web","166650486","6817227","159833259"
"Mozilla.com - Mozilla.org","Web","56043397","9392714","46650683"
"Vimeo","Web","542671619","20601314","522070305"
"Xvideos.com","Media","150409","76075","74334"
"Google App Engine","Business Application","12605288","2460242","10145046"
"SoundCloud","Media","684618246","40060270","644557976"
"Amazon Prime Video","Media","791400624","39266479","752134145"
"iQiyi","Web","1416","853","563"
"Microsoft Azure (previously Windows Azure)","Infrastructure","1772448937","203894312","1568554625"
"KIK Messenger","Internet Instant Messaging","3089505","908154","2181351"
"MiTalk Messenger (Miliao)","Internet Instant Messaging","2128933","190598","1938335"
"Rakuten.co.jp","Web","2072249","306036","1766213"
"Google Talk (incl. Hangouts and Allo and Duo)","Real Time Audio/Video","504082778","147672733","356410045"
"Nokia Here API","Web","7255751","1950209","5305542"
"Microsoft SharePoint Online (Office 365)","Business Application","153479791","16206233","137273558"
"Reddit.com","Web","1860474890","101637779","1758837111"
"Google Documents (aka Google Drive)","Storage and Backup","111766299","43785682","67980617"
"Apple Maps","Web","15760770","690200","15070570"
"WebSocket","Network Service","1125044","435288","689756"
"Paypal.com","Web","64156006","10035261","54120745"
"Kijiji.ca","Web","125334173","8421675","116912498"
"Conviva","Infrastructure","4070490","1856613","2213877"
"Wp.pl","Web","570529","259225","311304"
"Onet.pl","Web","7742557","1292182","6450375"
"Aol","Web","4313262","927628","3385634"
"AddThis","Web","26295490","1999882","24295608"
"King Digital Entertainment","Gaming","5148336","447651","4700685"
"Symantec","Web","164120928","10259177","153861751"
"Videoplaza","Web","189051","60517","128534"
"Zendesk","Business Collaboration","48353388","8602978","39750410"
"Crashlytics","Web","53106165","8688448","44417717"
"Brightcove","Media","24747159","1852571","22894588"
"BoldChat Live Chat","Internet Instant Messaging","2372107","799026","1573081"
"FreeWheel","Web","3642799","1095371","2547428"
"Xiaomi","Web","35811039","13344106","22466933"
"Nielsen","Web","12021855","1763211","10258644"
"Cedexis","Web","54126025","10114394","44011631"
"CPMSTAR","Web","132323","22391","109932"
"Realestate","Web","292130","52232","239898"
"Advertising.com","Web","8421284","2766238","5655046"
"Facebook Embedded Video","Media","14492568921","491992326","14000576595"
"Adjust.com","Web","34702571","15873876","18828695"
"Atlas Solutions","Web","728694","201353","527341"
"Apple Music","Media","4330916127","200212623","4130703504"
"CBS Video","Web","91248085","5955372","85292713"
"Fastly","Web","14940783","1619995","13320788"
"Unruly","Web","7818401","3479311","4339090"
"Rogers TV","Web","405277893","25130828","380147065"
"UpLynk","Web","10604698","410683","10194015"
"Localytics","Web","11684960","2342011","9342949"
"Krux","Web","16080863","3419410","12661453"
"Microsoft Office OneNote (Office 365)","Business Application","36358291","25558669","10799622"
"Liveperson","Web","15403310","1410813","13992497"
"Zopim","Web","71640858","28465831","43175027"
"Mapbox","Web","8233000","619934","7613066"
"Rackspace","Web","1658726844","119411836","1539315008"
"Ensighten","Web","8059955","1421751","6638204"
"Braintree","Web","1906279","425787","1480492"
"Verizon","Web","8683317","6060355","2622962"
"SpotXchange","Web","8213862","2655754","5558108"
"Umeng","Web","2804575","1461896","1342679"
"Revcontent","Web","26607714","2441310","24166404"
"Liftoff","Web","4683789","1863546","2820243"
"Bazaarvoice","Web","22557499","2270741","20286758"
"hotjar","Web","35329396","12869844","22459552"
"Innovid","Web","154838567","6235612","148602955"
"IMO Video Calling Application","Media","28878250","9610863","19267387"
"Amazon Music","Media","1701867","709914","991953"
"Signal Private Messenger (Open Whisper Systems)","Internet Instant Messaging","6323969","2827649","3496320"
"Bugsnag","Web","11698742","8322630","3376112"
"Apple Game Center","Gaming","15790205","4554538","11235667"
"ADventori","Web","321211","63069","258142"
"Tealium","Web","39747665","26383188","13364477"
"Samsung Update","Web","1785266089","112110177","1673155912"
"MGID","Web","11919274","912879","11006395"
"ULP","Network Service","2997928","163845","2834083"
"AnyDesk","Remote Desktop","286908","120638","166270"
"Booking.com","Web","49404668","5945152","43459516"
"Avast","Web","60932964","4545309","56387655"
"eXelate","Web","5206428","756322","4450106"
"Cloudinary","Web","103376983","3557161","99819822"
"Sportradar","Web","4569745","499864","4069881"
"Workplace By Facebook","Social Networking","777383","473946","303437"
"Facebook Lite","Social Networking","16571833","2894042","13677791"
"Apptimize","Web","132657","45401","87256"
"Data Saver","Web","39966047","1755944","38210103"
"Adtelligent","Web","4742707","2028361","2714346"
"IronSource","Business Application","356124088","35363920","320760168"
"Epic_games","Gaming","14458593","1267015","13191578"
"Grammarly","Web","58826845","28491854","30334991"
"CyberGhost","Tunneling and VPN","2538902","821115","1717787"
"ProtonMail","Email","38644","5552","33092"
"Vungle","Web","420689675","22474470","398215205"
"TripAdvisor","Web","67340184","7205574","60134610"
"Unknown virtual protocol","Unclassified","4735953126","269516962","4466436164"
"Unknown virtual protocol","Unclassified","5548073","329178","5218895"
"Unknown virtual protocol","Unclassified","378780617","79484734","299295883"
"NetEase","Web","2931922","97973","2833949"
"Unknown virtual protocol","Unclassified","8275989","3346124","4929865"
"Unknown virtual protocol","Unclassified","110081406","3088501","106992905"
"Google Pay","Web","15551437","3268848","12282589"
"Wireguard","Tunneling and VPN","17344355978","1971621449","15372734529"
"Google Messages","Internet Instant Messaging","84909659","42794369","42115290"
"Quora","Social Networking","12640385","1523201","11117184"
"Shopify","Web","72219027","4451417","67767610"
"Uber Eats","Web","13697507","2692082","11005425"
"Likee","Internet Instant Messaging","11696309","2716036","8980273"
"Demandbase","Web","321694","34993","286701"
"Sift Science","Web","902384","253932","648452"
"Amazon Alexa Assistant","Business Collaboration","9293195","1292265","8000930"
"Spotify Audio","Real Time Audio/Video","2393135940","76955319","2316180621"
"Yubo","Internet Instant Messaging","1731776","92083","1639693"
"Pendo","Web","41162769","7827870","33334899"
"Go Daddy","Web","10828544","888048","9940496"
"Contentful","Web","354941636","42599304","312342332"
"The Blaze","Web","3164658","154619","3010039"
"Hotels.com","Web","10564289","5620226","4944063"
"Indeed","Web","55775056","15028572","40746484"
"Datadog","Web","1261943","1013704","248239"
"Border Gateway Protocol","Network Service","1770","720","1050"
"BitTorrent","Peer to Peer","492711","34048","458663"
"eBay.com","Web","42641483","4994900","37646583"
"Google Earth","Web","725535","79721","645814"
"Google Groups","Social Networking","151872","13528","138344"
"GPRS Tunneling Protocol","Tunneling and VPN","28486148","4832553","23653595"
"IPsec (AH and ESP)","Tunneling and VPN","699193232","150036608","549156624"
"Lighweight Directory Access Protocol","Authentication","796281","795535","746"
"Netbios Name Service","Network Service","3510","3510","0"
"Post Office Protocol (Version 3)","Email","396728","16878","379850"
"Secure POP3","Email","1977180","116168","1861012"
"QQ","Internet Instant Messaging","6174282","2985443","3188839"
"ShoutCast","Media","3637691","182974","3454717"
"Simple Mail Transfer Protocol Secure","Email","502951","384294","118657"
"Simple Network Management Protocol","Management","658993","658993","0"
"Tabular Data Stream","Business Application","967670","192490","775180"
"VMWare","Remote Desktop","4320874","569934","3750940"
"Wikipedia.com","Web","223971573","20477076","203494497"
"MPEG-Transport Stream","Real Time Audio/Video","20602607","542038","20060569"
"Ask.com","Web","790694","34916","755778"
"Tagged.com","Social Networking","4942145","1735370","3206775"
"Southwest.com","Web","1270666","86821","1183845"
"Travelocity.com","Web","32913","4514","28399"
"Realtor.com","Web","115440","16442","98998"
"Flickr","Social Networking","7258445","303038","6955407"
"RuneScape","Gaming","38841","2311","36530"
"Deezer","Web","7417174","246007","7171167"
"Mail.ru Webmail","Email","53232","14612","38620"
"Real Time Messaging Protocol","Network Service","10254939","339349","9915590"
"BabyCenter (My Baby Today)","Web","2687222","119634","2567588"
"Badoo.com","Internet Instant Messaging","4478321","806242","3672079"
"Bolt","Web","52068","3422","48646"
"FetLife.com","Web","46466","8449","38017"
"Flixster.com","Web","1537884","59118","1478766"
"Goodreads.com","Web","271022","42810","228212"
"Meetup","Web","88355","29197","59158"
"MocoSpace.com","Web","24134","1719","22415"
"Tumblr","Social Networking","42641183","2115539","40525644"
"Vk.com (Vkontakte)","Social Networking","9213","2494","6719"
"Vox.com","Web","128204","43311","84893"
"Yammer.com","Business Application","2974108","639234","2334874"
"Yelp.com","Web","5665332","275447","5389885"
"T.38","Network Service","28154","12374","15780"
"PPStream - P2P based Streamed Media","Business Collaboration","8444919","4760126","3684793"
"Adobe Flash Plugin Update","Web","299078","66797","232281"
"Firefox Update","Web","72021015","2039297","69981718"
"Java Update","Web","110495","6689","103806"
"Archive.org","Web","3310282","134731","3175551"
"icecast","Media","1498145","52862","1445283"
"QQLive Network Player","Media","27568","17418","10150"
"BitDefender Update","Web","19582054","14439900","5142154"
"Symantec Norton AntiVirus Updates","Web","86210506","1883865","84326641"
"Tango Video Calls","Real Time Audio/Video","15311327","971168","14340159"
"Playstation Network","Gaming","53912","9014","44898"
"BBC Player","Media","341606","20264","321342"
"Garena","Web","19636","3100","16536"
"Box","File Sharing","1497276","223452","1273824"
"Concur","Business Application","18810565","2810779","15999786"
"Dropbox","Storage and Backup","144997965","27706541","117291424"
"Google Cache","Web","29629","9324","20305"
"Google Translate","Web","26502346","18364150","8138196"
"iHeartRADIO","Media","796919","99584","697335"
"QQMusic","Peer to Peer","3326","758","2568"
"Salesforce","Business Application","37982464","13867384","24115080"
"Sky Go (formerly Sky Player)","Media","175793","44489","131304"
"Fixme.IT (Techinline)","Web","33141","9767","23374"
"Tokbox.com","Web","452805","15620","437185"
"SiriusXm.com","Media","8943563","1016260","7927303"
"YouKu","Media","1733849","1580966","152883"
"Zoho CRM","Business Application","47060","15156","31904"
"Zoho Chat","Business Collaboration","1073024","464996","608028"
"GoToMeeting Online Meeting","Business Collaboration","9956","5486","4470"
"Slingbox","Media","825327","30285","795042"
"GoToMyPC Remote Access","Remote Desktop","6666","550","6116"
"RSS","Web","276476","11172","265304"
"BlackBerry.com","Web","232225","100023","132202"
"Flash Media Playback","Media","3208920","123038","3085882"
"ABCNews","Web","1319427","57415","1262012"
"Adobe Acrobat DC (Document Cloud)","Web","22524754","1449687","21075067"
"Alexa","Web","223385","27751","195634"
"AmericanExpress","Web","708281","151712","556569"
"ATT.com (AT&T)","Web","1505894","1114758","391136"
"Blogger","Web","1449131","70851","1378280"
"Cnet.com","Web","350079","24087","325992"
"CNN (Cable News Network)","Web","15671477","1408610","14262867"
"China Network Television","Web","18198","1052","17146"
"Daily Mail","Web","62560134","2680433","59879701"
"DirecTV.com","Web","17874","2270","15604"
"Fox News","Web","24715714","3033162","21682552"
"Groupon","Web","7735378","1360839","6374539"
"IKEA.com","Web","11564871","1779852","9785019"
"Intuit.com","Business Application","7832375","5581058","2251317"
"Kaspersky.com","Web","173854","73954","99900"
"Monster.com","Web","133690","29005","104685"
"NASA.gov","Web","13911660","439306","13472354"
"Naver Corporation (formerly NHN Corporation)","Web","25045104","2331336","22713768"
"NBA.com","Web","959694","103009","856685"
"National Football League (NFL.com)","Web","177861","21944","155917"
"Nike.com","Web","29135234","5196175","23939059"
"NYTimes.com","Web","32678150","2016827","30661323"
"PlayStation.com","Web","16500992","1204174","15296818"
"Reuters.com","Web","3195711","142446","3053265"
"Sky","Web","821276","78585","742691"
"Sports Illustrated","Web","16486","1482","15004"
"SurveyMonkey.com","Web","44806","4814","39992"
"WashingtonPost.com","Web","3245232","287709","2957523"
"Xbox","Gaming","35509","5423","30086"
"XNXX","Web","227291","46422","180869"
"Youdao.com","Web","2890088","1181474","1708614"
"Sina.com.cn","Internet Instant Messaging","96851164","5128890","91722274"
"OICQ","Internet Instant Messaging","9576","5521","4055"
"Sophos update","Business Application","737128","43049","694079"
"Sina Weibo","Web","144507311","9579129","134928182"
"Taobao","Web","4752073","2329666","2422407"
"QQ WeiBo","Web","101650","26516","75134"
"Apple FaceTime","Real Time Audio/Video","4338315099","2152066111","2186248988"
"Line","Internet Instant Messaging","92911028","25204490","67706538"
"Scribd.com","Web","54165","2870","51295"
"Hulu","Media","166366","23414","142952"
"Shazam","Web","1110618","86548","1024070"
"TuneIn","Real Time Audio/Video","28400","2504","25896"
"Chosun services","Web","6309352","226082","6083270"
"Donga.com","Web","3278162","248061","3030101"
"Hankyung.com","Web","1481879","167691","1314188"
"NetMarble.com","Web","1588135","103636","1484499"
"Nexon.com","Web","58033","21163","36870"
"QQ.com","Web","189989322","15928302","174061020"
"163.com","Web","614169","292098","322071"
"Sohu.com","Web","3487953","126438","3361515"
"Ifeng.com","Web","580346","434384","145962"
"Alipay","Web","3012802","383580","2629222"
"Sogou.com","Web","315555","162397","153158"
"cnzz.com","Web","2902","1196","1706"
"360.cn","Web","716235","415643","300592"
"Alibaba.com","Web","9271568","1016565","8255003"
"51.la","Web","48769","7415","41354"
"Zynga.com","Gaming","30970270","12590963","18379307"
"Limelight Networks CDN","Web","815146680","39248588","775898092"
"ISO Base Media File Format","Real Time Audio/Video","547747791","19461312","528286479"
"WeChat","Internet Instant Messaging","3717267062","713642973","3003624089"
"MEGA","Peer to Peer","596","328","268"
"Chinatimes.com","Web","85160","7348","77812"
"cnYES.com","Web","340717","52917","287800"
"Ctrip.com","Web","7000862","523642","6477220"
"Eastmoney.com","Web","1178711","184540","994171"
"QQ Games","Gaming","216109","99130","116979"
"QQ Mail","Email","180542","120518","60024"
"QQ News","Web","5835262","904117","4931145"
"Sina finance","Web","697509","37402","660107"
"Sina News","Web","67025","4705","62320"
"Tencent.com","Internet Instant Messaging","5799903","1524520","4275383"
"Pornhub","Web","10743","6055","4688"
"MeetMe.com","Social Networking","1211673","135000","1076673"
"Sina Video","Media","214072","178176","35896"
"Speedtest","File Sharing","55051567","15745561","39306006"
"ESPN.go.com","Web","28986597","4443706","24542891"
"BuzzFeed.com","Web","9933842","1414668","8519174"
"Internet Movie Database","Web","1007664","113663","894001"
"ImageShack","File Sharing","13915","3478","10437"
"Evernote","Web","15345","5639","9706"
"JingDong","Web","1333901","288367","1045534"
"Bet365.com","Web","1861988","229575","1632413"
"Issuu.com","Web","60993","7880","53113"
"LastPass.com","Web","55034","14262","40772"
"Saavn Bollywood Music","Media","6788968","278766","6510202"
"Vsee","Real Time Audio/Video","813019","295886","517133"
"Orange.com","Web","13619","5352","8267"
"BBC","Web","59497690","3695199","55802491"
"AVG.com","Web","4170","805","3365"
"MercadoLibre (aka MercadoLivre)","Web","929977","230125","699852"
"Olx","Web","1125349","52022","1073327"
"ESPNCricinfo.com","Web","2984196","220232","2763964"
"Goal.com","Web","1001144","39289","961855"
"Apple HTTP Live Streaming","Real Time Audio/Video","96714327","2821420","93892907"
"B92.net","Web","403964","45510","358454"
"Dir.bg","Web","264587","12476","252111"
"Ekantipur.com","Web","168704","10340","158364"
"Gazeta.pl","Web","151459","15906","135553"
"Indiatimes","Web","3940333","327985","3612348"
"Background Intelligent Transfer Service","File Sharing","189652401","13848161","175804240"
"Seznam.cz","Web","312659","24911","287748"
"Hotspot Shield","Tunneling and VPN","11542","4250","7292"
"EdgeCast Networks CDN","Infrastructure","83471","6663","76808"
"20minutes","Web","658009","21625","636384"
"AliExpress.com","Web","28240704","1764580","26476124"
"Rt.com","Web","2044841","96777","1948064"
"Ynet.co.il","Web","813169","59693","753476"
"Flipkart.com","Web","371210","50411","320799"
"Haber7","Web","305783","37533","268250"
"Fox Business Network","Web","903307","63514","839793"
"News","Web","949627","49173","900454"
"Vecernji","Web","15864532","899397","14965135"
"Gameloft Games","Gaming","6256324","957093","5299231"
"Akinator the Genie","Gaming","68951","16164","52787"
"Tapatalk","Web","3664","1999","1665"
"Aastocks","Web","854405","196720","657685"
"Rovio Entertainment","Gaming","14153484","352689","13800795"
"Candy Crush Saga","Gaming","11582293","4530858","7051435"
"Huffington Post","Web","121611","4573","117038"
"OpenStreetMap","Infrastructure","562069","35498","526571"
"magicJack","Business Application","101224","58752","42472"
"Traffic Factory","Business Application","27115","1619","25496"
"Plenty Of Fish","Web","1552516","275623","1276893"
"Twitch","Media","257214239","14375991","242838248"
"OkCupid","Web","747135","297440","449695"
"Apsalar","Business Application","163593","35004","128589"
"Turner","Web","1954908","105584","1849324"
"Mapy","Web","17904","3967","13937"
"battlenet","Gaming","335933","14141","321792"
"Ukr","Web","171075","52565","118510"
"Vine","Media","313523","12120","301403"
"Taobao Ad Network and Exchange","Web","77283","9351","67932"
"Setopati","Web","2653208","74040","2579168"
"Biobiochile","Web","8362","2276","6086"
"Lazada","Web","745411","46348","699063"
"Gettyimages","Web","927885","60836","867049"
"Theladbible","Web","74393","6269","68124"
"Flipboard","Web","14496834","1597087","12899747"
"Traffic Junky","Web","25865","6818","19047"
"quic","Network Service","19795818","4962272","14833546"
"ADTECH","Web","2677519","214778","2462741"
"Sizmek (previously MediaMind)","Web","31147533","1571106","29576427"
"AOL One","Web","2243602","228766","2014836"
"Australian Broadcasting Corporation","Web","28776","3962","24814"
"Constant Contact","Web","2263306","138118","2125188"
"GitHub","Web","242073151","5835931","236237220"
"Atlassian","Web","3340106","795800","2544306"
"Internet.org","Web","139710","86074","53636"
"SourceForge","Web","644036","67259","576777"
"My.com","Web","93448","39903","53545"
"Bizographics","Web","12833","2673","10160"
"Helpshift","Web","977526","280529","696997"
"Gmanetwork","Web","954313","46468","907845"
"HideMyAss","Anonymizers and Proxies","375114175","25078069","350036106"
"LogMeIn","Remote Desktop","669212","67801","601411"
"Disney Channel","Web","4619528","238173","4381355"
"Heavy.com","Web","927621","29078","898543"
"NBC","Web","11455576","764811","10690765"
"Microsoft Translator (Bing Translator)","Web","26921","10778","16143"
"Perform","Web","5512601","195625","5316976"
"Periscope","Media","75595826","30220069","45375757"
"Microsoft Sway (Office 365)","Business Application","17955","2863","15092"
"Olark","Web","659143","46548","612595"
"ABS-CBN Entertainment","Web","9139","3875","5264"
"Liberty Times Net","Web","714321","54878","659443"
"Rollout","Web","161737","31410","130327"
"Microsoft Excel Online (Office 365)","Web","37167740","10261049","26906691"
"Signal","Web","917591","116955","800636"
"LiveChat","Web","1972864","154533","1818331"
"Riffsy (Tenor.co)","Web","14970581","863570","14107011"
"Tune","Web","255181","80169","175012"
"Lookout Mobile Security","Business Application","104309","16087","88222"
"TubeMogul","Web","867160","162104","705056"
"Bleacher Report","Web","10057761","509510","9548251"
"Hola Web Proxy","Web","296900","78006","218894"
"BitComet Peer Exchange (PEX)","Peer to Peer","17661","1495","16166"
"MobFox","Web","417681","100888","316793"
"Baidu Maps","Web","627339","116685","510654"
"Trippy","Web","5235","542","4693"
"QQVideo","Web","40810530","1845297","38965233"
"Slack","Web","46312216","13860234","32451982"
"ICY (I Can Yell)","Media","469058","15680","453378"
"Younow","Web","13952808","6603498","7349310"
"MQ Telemetry Transport","Network Service","295560","48069","247491"
"Clicktale","Web","22739263","14697758","8041505"
"Adk2","Web","28853","5033","23820"
"Pokemon GO","Gaming","272333443","16235935","256097508"
"CDNetworks","Infrastructure","3951331","177512","3773819"
"Weborama","Web","151927","27968","123959"
"Ratopati","Web","83660","4873","78787"
"Highwinds","Web","30366026","1220579","29145447"
"StackExchange","Web","2062819","77802","1985017"
"StackOverflow","Web","5372","455","4917"
"Wix","Web","40116260","4029952","36086308"
"Tinder","Web","169509978","11388757","158121221"
"Qatarairways","Web","13825692","1289930","12535762"
"Shutterstock","Web","47509","3815","43694"
"Ubuntu","Web","170135","16840","153295"
"Clash of Clans","Gaming","35673859","2175125","33498734"
"Supercell","Gaming","4517383","438857","4078526"
"Microsoft Word Online (Office 365)","Business Collaboration","42776516","17931076","24845440"
"Microsoft Powerpoint Online (Office 365)","Business Collaboration","10356707","816928","9539779"
"Vidyard","Web","48554920","1230346","47324574"
"Nintendo","Gaming","148217161","7334412","140882749"
"Prothom Alo","Web","1256848","68600","1188248"
"Daraz","Web","115105","9374","105731"
"OpenRTB","Web","576664","521606","55058"
"Audible","Real Time Audio/Video","1239868","157019","1082849"
"Oriental Daily News (on.cc)","Web","288212","12872","275340"
"Flashtalking","Web","19358320","2968784","16389536"
"QQ r2","Web","237288","113080","124208"
"Google Classroom","Web","299093","21376","277717"
"Huawei Update","Web","8334","1801","6533"
"Amazon Chime","Business Collaboration","798883","124498","674385"
"Livescore","Web","1739206","132089","1607117"
"MaxCDN","Web","14531","3431","11100"
"Zhihu","Web","5617376","2794424","2822952"
"Walmart","Web","7527865","5513238","2014627"
"Automatic Data Processing (ADP)","Web","64111260","4047343","60063917"
"WeTransfer","Web","2051853","81207","1970646"
"Microsoft Power BI (Office 365)","Web","70184","15192","54992"
"Autodesk Fusion 360","Tunneling and VPN","14996351","4063837","10932514"
"Optus","Web","345236","18406","326830"
"Gfycat","Web","11271298","374755","10896543"
"T-Mobile","Web","63009","15717","47292"
"Chunghwa Telecom","Web","15457","3195","12262"
"Vivox","Internet Instant Messaging","14305","2815","11490"
"Citrix Cloud","Web","20265","2899","17366"
"Kahoot!","Web","83074","6118","76956"
"Pornhub NETWORK","Web","574541","123824","450717"
"Wall Street Journal","Web","703137","82145","620992"
"ChinaNetCenter ","Web","54111","24059","30052"
"Niantic, Inc","Web","763862","127385","636477"
"Meitu","Web","1034969","547802","487167"
"Clash Royale","Gaming","123875","70643","53232"
"Origin","Web","440265","111297","328968"
"Canvas Student","Web","105324","6118","99206"
"Instructure","Web","684638","53572","631066"
"Mail.com","Email","36304345","30123673","6180672"
"United Internet","Web","2023810","544822","1478988"
"shopee.tw","Web","9744265","400313","9343952"
"Electronic Arts","Web","45608950","1765808","43843142"
"Digioh","Web","849242","46318","802924"
"UC Browser","Web","5646320","2273420","3372900"
"x_vpn","Tunneling and VPN","197751956","17553945","180198011"
"kafka","Network Service","271144","31662","239482"
"Domain Name Service Crypt","Network Service","293649","113323","180326"
"Symantec Endpoint Protection","Web","38828","10482","28346"
"Youtube Music","Media","3727648","1366751","2360897"
"Akamai Video","Media","4590209","570735","4019474"
"Appnext","Web","1057858","88487","969371"
"Splunk Cloud","Storage and Backup","342893","124593","218300"
"Fortnite","Gaming","4055665","758503","3297162"
"Fox Networks","Web","251477","16339","235138"
"9GAG","File Sharing","5695511","371182","5324329"
"Text Me","Internet Instant Messaging","77898","26783","51115"
"AnchorFree","Tunneling and VPN","90986","23514","67472"
"Unreal_engine","Gaming","9530748","2977271","6553477"
"vpn1.com","Anonymizers and Proxies","451096","413016","38080"
"IBM","Web","2304401","75760","2228641"
"Spring Tech VPN","Tunneling and VPN","43740","18818","24922"
"Ubisoft","Gaming","4210","351","3859"
"Microsoft AD Right Management Service","Business Application","214083","121375","92708"
"RingCentral","Business Collaboration","1270570","285508","985062"
"Google News","Web","4376934","209151","4167783"
"PlayerUnknown's BattleGrounds","Gaming","14410812","1162115","13248697"
"Visual IQ","Web","577591","142655","434936"
"Google One","Web","263279","17577","245702"
"Alibaba Group","Web","2544907","135228","2409679"
"Alibaba Cloud","Web","13503648","2264447","11239201"
"League of Legends","Gaming","2412193","1283948","1128245"
"Discord","Internet Instant Messaging","281608739","16664124","264944615"
"CarbonBlack website","Web","42452886","39671821","2781065"
"Discourse","Web","1064725","392853","671872"
"Mobile Legends","Gaming","125227104","9650970","115576134"
"ExpressVPN","Tunneling and VPN","3159534","929432","2230102"
"Redis","Business Application","144907","13974","130933"
"Future_plc","Web","5261986","292752","4969234"
"Wish","Web","46326804","4398357","41928447"
"Google Play Books","Web","123672","7466","116206"
"MAkeMyTrip","Web","2960728","554204","2406524"
"Minecraft","Gaming","25675","6507","19168"
"Ted Conferences","Web","727171","187459","539712"
"WorkspaceOne","Web","425024","174061","250963"
"Opera VPN","Tunneling and VPN","45104","16332","28772"
"Target","Web","91932","11752","80180"
"iBooks","Web","692799","107935","584864"
"Fandom","Web","14536361","953514","13582847"
"Tesla","Web","233099","57454","175645"
"Google GSuite","Web","1695892","310572","1385320"
"AnonyTun","Tunneling and VPN","69077","25941","43136"
"W3Schools","Web","2179727","83369","2096358"
"Didi","Web","13295","2679","10616"
"OpenSignal","Web","11790","3865","7925"
"Megaphone","Web","931039805","28078190","902961615"
"UDP Data Transfer protocol","File Sharing","5146050","63832","5082218"
"Moodle","Social Networking","7739141","633382","7105759"
"PubNub","Web","1914048","853332","1060716"
"Gaana","Real Time Audio/Video","39493290","2430804","37062486"
"Unknown virtual protocol","Unclassified","37059","9121","27938"
"Unknown virtual protocol","Unclassified","1511558","316213","1195345"
"Unknown virtual protocol","Unclassified","94335","34640","59695"
"Google Blog","Web","11998","2077","9921"
"Discovery Inc","Real Time Audio/Video","34704","12001","22703"
"Eurosport","Web","1173063","68977","1104086"
"Bumble","Web","54479277","4171061","50308216"
"Qwant","Web","57488","2411","55077"
"National Public Radio","Web","10099751","365144","9734607"
"Acast","Real Time Audio/Video","67131059","2667129","64463930"
"Firework","Internet Instant Messaging","2064115","364900","1699215"
"Banggood","Web","8871","936","7935"
"Bigo","Web","3522553","546038","2976515"
"BAMTech","Real Time Audio/Video","24208200","12845249","11362951"
"Disney Plus","Real Time Audio/Video","1572215659","42390679","1529824980"
"Engage Digital","Network Service","43538","3950","39588"
"Toutiao","Web","98795","8320","90475"
"Tuchong","Web","1014970","951931","63039"
"Airbnb","Web","123029362","14825813","108203549"
"MediaLab","Web","998122","724406","273716"
"Wangwang","Internet Instant Messaging","1086387","506286","580101"
"Browsec VPN","Tunneling and VPN","6758882","1443073","5315809"
"Workday","Business Application","7984445","1273886","6710559"
"StackPath","Web","4542518","338632","4203886"
"DoorDash","Web","15622262","3351807","12270455"
"Fifa","Gaming","175831","68678","107153"
"Houseparty","Real Time Audio/Video","159502","24977","134525"
"Roblox","Gaming","68325405","5549664","62775741"
"Acronis Backup","File Sharing","222437","15640","206797"
"Citrix","Web","169451","70388","99063"
"Microsoft Dynamics","Business Application","5016230","1245072","3771158"
"Digital Turbine","Web","56350","21116","35234"
"Amber Weather","Web","8167","2155","6012"
"adRise","Real Time Audio/Video","5243185","522987","4720198"
"Tubi TV","Real Time Audio/Video","1871587125","48942754","1822644371"
"ToTok Messenger","Internet Instant Messaging","154855","58069","96786"
"Connatix","Real Time Audio/Video","70448103","5191353","65256750"
"Minute Media","Web","75098346","2099280","72999066"
"UserReport","Web","1649973","425099","1224874"
"Xbox Cloud Gaming","Gaming","17194","5259","11935"
" Revolut","Web","1355479","166470","1189009"
"Coursera","Web","581959","32000","549959"
"European Union","Web","6613","994","5619"
"E! Online","Web","138280","7055","131225"
"NHL.com","Web","62795087","3937156","58857931"
"Priceline.com","Web","1326956","95854","1231102"
"Rotten Tomattoes","Web","3684107","376390","3307717"
"Slate Magazine","Web","59783","24878","34905"
"BambooHR","Web","7360","996","6364"
"The Daily Beast","Web","404678","106693","297985"
"TIME","Web","6258723","219667","6039056"
"TMZ","Web","788179","29014","759165"
"United Airlines","Web","7902342","2284343","5617999"
"Nvidia","Web","24904","7588","17316"
"Call of Duty Mobile","Gaming","81852914","5175734","76677180"
"The Walt Disney Company","Web","876055","215851","660204"
"Wired","Web","791304","40207","751097"
"Kickstarter","Web","13869878","455996","13413882"
"Indiegogo","Web","177326","10224","167102"
"FedEx","Web","11424719","1436558","9988161"
"Kayak","Web","9512065","314485","9197580"
"Eventbrite","Web","821108","32386","788722"
"WarnerMedia","Web","2292270","139889","2152381"
"Bilibili","Web","1881074888","64994517","1816080371"
"Unknown virtual protocol","Unclassified","293985","165486","128499"
"ICA Real Time","Remote Desktop","1440","1440","0"
"ShoreTel","Business Collaboration","22574","13670","8904"
"RingCentralApp","Business Collaboration","11655","3636","8019"
