"Application","Category","Total Bytes","Bytes Received","Bytes Sent"
"Domain Name Service","Network Service","1309145298","673461651","635683647"
"Google Mail","Email","649110073","114712389","534397684"
"Google Search","Web","398762768","82199944","316562824"
"HyperText Transfer Protocol","Web","3765313864","765326494","2999987370"
"HyperText Transfer Protocol Secure","Web","32705011075","3946055053","28758956022"
"Internet Control Message Protocol","Network Service","4658723295","2819935764","1838787531"
"Internet Message Access Protocol version 4","Email","113552157","41497840","72054317"
"Internet Protocol","Network Service","0","0","0"
"Skype and Teams","Business Collaboration","43312815","10364280","32948535"
"Simple Object Access Protocol","Network Service","1175301405","575820364","599481041"
"Secure Shell","Tunneling and VPN","127737319","68986662","58750657"
"Secure Socket Layer","Tunneling and VPN","17213942599","6098568389","11115374210"
"Session Traversal Utilities for NAT","Business Collaboration","28733897","1285080","27448817"
"Transmission Control Protocol","Other TCP/UDP","15912591990","7862434599","8050157391"
"User Datagram Protocol","Other TCP/UDP","56584177698","9124187999","47459989699"
"Yahoo Mail v.2.0","Email","83391266","10341905","73049361"
"Youtube.com","Media","4717439151","264641579","4452797572"
"Facebook","Social Networking","23448636682","1484735255","21963901427"
"Google Ads","Web","880327754","191707838","688619916"
"Apple Generic Services","Web","7942575110","766120661","7176454449"
"Online Certificate Status Protocol","Business Application","7576192","3007692","4568500"
"iTunes","Media","833631058","91529387","742101671"
"Spotify","Media","1851322835","170555127","1680767708"
"TeamViewer","Remote Desktop","1589105460","1303151476","285953984"
"Bing.com (formerly MSN Search)","Web","469960933","49458676","420502257"
"Windows Update","Web","13792643765","1650506262","12142137503"
"Chrome Update","Web","1354310601","67419350","1286891251"
"Google Analytics,Google Marketing Platform","Web","197570051","62514923","135055128"
"Google GStatic","Web","1434845945","97229965","1337615980"
"Google Generic","Web","1201470563","238752461","962718102"
"AccuWeather","Web","18306313","1541403","16764910"
"Amazon Generic Services","Web","3259506818","1494902865","1764603953"
"WhatsApp Messenger","Internet Instant Messaging","1795947618","389503775","1406443843"
"Apple App Store","Web","6924381834","403137765","6521244069"
"Windows Marketplace","Web","2521576023","334217206","2187358817"
"Apple Push Notification Service","Web","207023265","135739412","71283853"
"iOS over-the-air (OTA) update","Web","3281118948","168807909","3112311039"
"Samsung Apps","Web","59543028","6676357","52866671"
"Google Play Store","Media","3500098999","435817675","3064281324"
"iCloud (Apple)","Storage and Backup","2374577513","945261407","1429316106"
"Instagram","Web","6665537543","447203283","6218334260"
"Amazon Web Services/Cloudfront CDN","Infrastructure","38065496688","31234054581","6831442107"
"Amazon Prime Video","Media","288193184","23908767","264284417"
"Datagram Transport Layer Security","Tunneling and VPN","13931061","10601814","3329247"
"Yahoo.com","Web","500347754","49150194","451197560"
"CloudFlare CDN","Infrastructure","3643775567","720882686","2922892881"
"Microsoft Office 365","Business Collaboration","1184083600","131055436","1053028164"
"Zoho Corporation","Business Application","64487180","28278878","36208302"
"Microsoft Outlook (Office 365)","Business Application","1157468820","401251113","756217707"
"Apple SIRI","Web","52103930","37629307","14474623"
"Snapchat","Social Networking","4769808503","558167729","4211640774"
"Oracle","Web","3001490","823947","2177543"
"Bitstrips","Social Networking","213827991","11083593","202744398"
"OpenStreetMap","Infrastructure","96721","7317","89404"
"Criteo","Web","38591108","8776258","29814850"
"Adobe","Business Application","431114757","36878522","394236235"
"Samsung","Web","178133360","82593780","95539580"
"Crashlytics","Web","108245112","5715003","102530109"
"Facebook Messenger","Internet Instant Messaging","941952356","352676656","589275700"
"AppsFlyer","Business Application","322439192","23780919","298658273"
"Smart AdServer","Web","23893716","9572738","14320978"
"Google Cloud Storage","Web","686638528","551655812","134982716"
"Google Cloud Messaging","Web","70196228","15917933","54278295"
"Apple Location","Web","511799257","94911092","416888165"
"PubMatic","Web","52031803","26701780","25330023"
"Index Exchange (previously Casale Media)","Web","20433429","5913229","14520200"
"Rubicon Project","Web","56774922","22117708","34657214"
"AppNexus","Web","113371567","52804872","60566695"
"Rlcdn","Web","6399398","1117942","5281456"
"HyperText Transfer Protocol version 2","Web","3097434995","857504158","2239930837"
"Google Tag Manager","Web","184238692","16767911","167470781"
"Ad Safe Protected","Web","46345442","7635086","38710356"
"Adjust.com","Web","15236758","7529346","7707412"
"Urbanairship","Web","5150684","1575682","3575002"
"Outbrain","Web","35233405","6680952","28552453"
"Android connectivity Manager","Network Service","8620002","4499499","4120503"
"Heap","Web","227956622","161829370","66127252"
"Branch Metrics","Web","101945679","8840214","93105465"
"Optimizely","Web","107293318","35111399","72181919"
"Taboola","Web","266285027","45828611","220456416"
"Smaato","Web","12443406","5764540","6678866"
"LKQD","Web","1215295","338619","876676"
"Microsoft OneDrive","Web","941352026","191394844","749957182"
"Microsoft","Web","2673648265","662110619","2011537646"
"Revcontent","Web","1618970","224393","1394577"
"New Relic","Web","360127602","241127608","118999994"
"Teads","Web","20841046","3157793","17683253"
"ZoomMeetings","Business Collaboration","4255207291","1371031671","2884175620"
"HyperText Transfer Protocol proxy","Network Service","872399","514039","358360"
"Firebase Cloud Messaging","Web","241937182","79674614","162262568"
"Bidswitch","Web","12060532","4979391","7081141"
"Sharethrough","Web","23275175","8230312","15044863"
"AdColony","Web","10885671","3472610","7413061"
"Yieldmo","Web","8722277","1786586","6935691"
"Avast","Web","86467400","15098547","71368853"
"TikTok (Musical.ly)","Social Networking","20241787189","1133078170","19108709019"
"Discord","Internet Instant Messaging","901322524","67697430","833625094"
"Apple News","Web","185341146","19939736","165401410"
"Google APIs","Web","1992949395","627976052","1364973343"
"Amazon Cognito","Web","20277410","6516530","13760880"
"Google Messages","Internet Instant Messaging","33660405","14851848","18808557"
"Shopify","Web","66599460","4114034","62485426"
"KOCHAVA","Web","8575709","1824183","6751526"
"Amazon Alexa Assistant","Business Collaboration","160116825","89486397","70630428"
"Contentful","Web","259639704","28297148","231342556"
"NHL.com","Web","72456402","3767212","68689190"
"Digicert","Web","6128925","2613329","3515596"
"SD-WAN Control","SD-WAN","50961669517","27719773439","23241896078"
"SD-WAN Management","SD-WAN","4708490271","1997830916","2710659355"
"TencentMeeting","Business Collaboration","124119907","43550015","80569892"
"Google Maps","Web","35833977","2964426","32869551"
"Internet Message Access Protocol Secure","Email","10390646","1051550","9339096"
"XMPP Protocol (Jabber)","Business Collaboration","1166818","316062","850756"
"McAfee Client update","Business Application","2351283","586788","1764495"
"Network Time Protocol","Network Service","465737","268052","197685"
"Session Initiation Protocol","Business Application","195213","100070","95143"
"Server Message Block (Windows File Server)","File Sharing","27769","19462","8307"
"Wikipedia.com","Web","8758444","1024403","7734041"
"Yahoo Search","Web","2286203","135948","2150255"
"Windows Live Hotmail","Email","97102820","12323552","84779268"
"WordPress.com","Social Networking","14386455","686111","13700344"
"LinkedIn","Social Networking","14800669","1271640","13529029"
"Foursquare.com","Web","832309","304852","527457"
"Twitter","Social Networking","648587749","44697931","603889818"
"Baidu.com","Web","3872801","185310","3687491"
"Opera Update","Web","2065939","811698","1254241"
"Netflix.com","Media","5035849943","200799791","4835050152"
"YouKu","Media","111368","103762","7606"
"CNN (Cable News Network)","Web","28685079","3677422","25007657"
"Vimeo","Web","7521559","473618","7047941"
"Weather.com","Web","26624456","2666773","23957683"
"Taobao","Web","674242","340255","333987"
"Line","Internet Instant Messaging","1983542","1009920","973622"
"Akamai Technologies CDN","Web","1403324323","49446084","1353878239"
"Microsoft Azure (previously Windows Azure)","Infrastructure","53715686","6549347","47166339"
"Rakuten.co.jp","Web","233210","15162","218048"
"Microsoft SharePoint Online (Office 365)","Business Application","3312966","565377","2747589"
"Pinterest","Web","100049884","7869328","92180556"
"Reddit.com","Web","387723162","15234924","372488238"
"Kijiji.ca","Web","47979053","6342679","41636374"
"Conviva","Infrastructure","2210743","723052","1487691"
"Wp.pl","Web","12590","3114","9476"
"Google Accounts","Web","64392315","13957232","50435083"
"Amazon Ad System","Web","308312839","43502086","264810753"
"AddThis","Web","17001842","1910112","15091730"
"Turn","Web","2274145","557030","1717115"
"ScorecardResearch","Web","18365082","4645435","13719647"
"Quantcast","Web","21470453","1873801","19596652"
"King Digital Entertainment","Gaming","1125568","68622","1056946"
"TRUSTe","Web","5999286","582959","5416327"
"Inneractive","Web","73987609","50054516","23933093"
"Flurry","Business Application","15098611","3945068","11153543"
"Plenty Of Fish","Web","48717833","25526123","23191710"
"InMobi","Web","39012514","20157725","18854789"
"FreeWheel","Web","2454588","616591","1837997"
"Turner","Web","77639918","2425801","75214117"
"Stickyads","Web","19341134","5035791","14305343"
"Mixpanel","Web","23297160","20021124","3276036"
"Lazada","Web","1509916","99724","1410192"
"Google Calendar","Web","12795777","3817406","8978371"
"OpenX","Web","7231899","2315952","4915947"
"LOTAME","Web","5247020","966113","4280907"
"Sizmek (previously MediaMind)","Web","24242079","1181429","23060650"
"Advertising.com","Web","1206617","319477","887140"
"Facebook Embedded Video","Media","928895428","31443100","897452328"
"Helpshift","Web","1650373","400480","1249893"
"Scotiabank","Web","13483098","3049170","10433928"
"BootstrapCDN","Web","3074140","258467","2815673"
"Fastly","Web","709930","42483","667447"
"Unruly","Web","3912541","2101525","1811016"
"Rogers TV","Web","38391436","4116568","34274868"
"UpLynk","Web","126228","28366","97862"
"Applovin","Web","593459647","116454436","477005211"
"Moat","Web","52351169","12643863","39707306"
"Krux","Web","5921798","607518","5314280"
"Microsoft Office OneNote (Office 365)","Business Application","623706","115206","508500"
"Rackspace","Web","1718870663","199283098","1519587565"
"LiveChat","Web","1941713","270412","1671301"
"Riffsy (Tenor.co)","Web","1932487","77601","1854886"
"Verizon","Web","28820912","20153075","8667837"
"MediaMath","Web","3537265","1297754","2239511"
"jQuery","Web","5405346","403657","5001689"
"Everest Technologies","Web","5693102","1740599","3952503"
"SpotXchange","Web","5228962","2118398","3110564"
"Google Photos (formerly Google Picasa)","Web","47950580","17829076","30121504"
"Conversant","Web","3831522","1487689","2343833"
"Adform","Web","5261854","1148964","4112890"
"hotjar","Web","96755145","25560826","71194319"
"Tinder","Web","52837306","2591455","50245851"
"GIPHY","Web","65514182","3994037","61520145"
"Bugsnag","Web","4374351","2757169","1617182"
"Apple Game Center","Gaming","3241457","759559","2481898"
"Huawei","Web","1058951","401910","657041"
"MaxCDN","Web","553546","47214","506332"
"DoubleVerify","Web","30224229","5942804","24281425"
"Media Innovation Group","Web","1046596","288198","758398"
"Okta","Web","130152703","41046840","89105863"
"PulsePoint","Web","4855971","2023445","2832526"
"eXelate","Web","1084161","294851","789310"
"Sonobi","Web","6140142","2410954","3729188"
"Amplitude","Web","23487210","21374213","2112997"
"Google Cloud Platform","Web","35494029","3777085","31716944"
"Microsoft teams","Internet Instant Messaging","117253912","13637697","103616215"
"Adtelligent","Web","784309","396479","387830"
"Tenor","Web","66543563","6155474","60388089"
"Cisco","Web","4239151","2002910","2236241"
"IronSource","Business Application","207296857","24593696","182703161"
"Fox Networks","Web","398051","22786","375265"
"Disqus","Web","9179944","872382","8307562"
"Simpli.fi","Web","1745569","410834","1334735"
"ByteDance","Web","238227703","23543515","214684188"
"Vungle","Web","98299335","7734680","90564655"
"Megaphone","Web","17812358","374143","17438215"
"TripAdvisor","Web","13004684","1215375","11789309"
"Unknown virtual protocol","Unclassified","70321180","4457763","65863417"
"Unknown virtual protocol","Unclassified","11217957","422126","10795831"
"Unknown virtual protocol","Unclassified","68726676","9497780","59228896"
"Unknown virtual protocol","Unclassified","127209002","59957975","67251027"
"Google Pay","Web","8070189","1839071","6231118"
"Quora","Social Networking","40390402","2486995","37903407"
"Pluto TV","Real Time Audio/Video","3275679039","81784857","3193894182"
"Pendo","Web","48794770","13255963","35538807"
"TMZ","Web","3942211","133905","3808306"
"WarnerMedia","Web","149098064","4631574","144466490"
"Font Awesome","Web","8628720","969489","7659231"
"Advance Message Queuing Protocol","Network Service","950","530","420"
"BitTorrent","Peer to Peer","14958","1971","12987"
"Connection Oriented Transfer Protocol","Network Service","1748","1328","420"
"Dailymotion.com","Media","4454067","489783","3964284"
"eBay.com","Web","5491240","618909","4872331"
"File Transfer Protocol","File Sharing","48196","20378","27818"
"Google Groups","Social Networking","10373","2363","8010"
"Independant Computing Architecture (Citrix)","Remote Desktop","4756","2650","2106"
"IPsec (AH and ESP)","Tunneling and VPN","1984498","776201","1208297"
"Internet Security Association and Key Management Protocol","Tunneling and VPN","102027659","53515716","48511943"
"Kerberos","Authentication","1626","996","630"
"Lighweight Directory Access Protocol","Authentication","11489","7394","4095"
"Netbios Name Service","Network Service","472524","472524","0"
"Secure POP3","Email","70404","8178","62226"
"Port Mapper","Network Service","4659","3084","1575"
"PostgreSQL","Business Application","549","0","549"
"Point-to-Point Tunneling Protocol","Tunneling and VPN","542","332","210"
"QQ","Internet Instant Messaging","211125","150287","60838"
"Remote Desktop Protocol (Windows Terminal Server)","Remote Desktop","39869","28536","11333"
"Real Time Control Protocol","Business Collaboration","42097","19140","22957"
"Real Time Protocol","Business Collaboration","8983616","3866708","5116908"
"Simple Mail Transfer Protocol","Email","175047","68301","106746"
"Simple Mail Transfer Protocol Secure","Email","5329","3368","1961"
"SOCKet Secure v4","Tunneling and VPN","15954","11334","4620"
"Tabular Data Stream","Business Application","4834","2938","1896"
"X Window System","Business Application","11683","7798","3885"
"Secure AIM","Internet Instant Messaging","1283367","205039","1078328"
"Expedia.fr","Web","7222456","1805832","5416624"
"Southwest.com","Web","67808","3920","63888"
"Travelocity.com","Web","512035","284530","227505"
"Realtor.com","Web","1782891","136223","1646668"
"Flickr","Social Networking","128448","8225","120223"
"Deezer","Web","246983","11164","235819"
"Mail.ru Webmail","Email","3260","1371","1889"
"Steampowered.com","Gaming","135003","55500","79503"
"World of Warcraft","Gaming","176625","14616","162009"
"Xbox Live","Gaming","383319","77488","305831"
"Badoo.com","Internet Instant Messaging","7270698","1983873","5286825"
"Goodreads.com","Web","1435658","97514","1338144"
"Last.fm","Media","52161","20951","31210"
"Tumblr","Social Networking","7936651","297341","7639310"
"Vk.com (Vkontakte)","Social Networking","37977","2839","35138"
"Yammer.com","Business Application","96263","11140","85123"
"Yelp.com","Web","4600288","181780","4418508"
"Yandex.ru","Web","8721816","3437207","5284609"
"Adobe Flash Plugin Update","Web","45670","14672","30998"
"Firefox Update","Web","7769419","826770","6942649"
"Java Update","Web","1090620","140852","949768"
"icecast","Media","230389","5078","225311"
"BitDefender Update","Web","1459151","1048942","410209"
"Viber","Real Time Audio/Video","20409","3836","16573"
"BBC Player","Media","11496468","401496","11094972"
"Garena","Web","313153","29749","283404"
"Dropbox","Storage and Backup","7137117","4003414","3133703"
"Google Translate","Web","15187219","1578834","13608385"
"iHeartRADIO","Media","27200062","936544","26263518"
"Pandora Radio","Media","428341","24011","404330"
"Psiphon","Web","148457","76571","71886"
"Salesforce","Business Application","1681001","430905","1250096"
"Portal.TidalTV.com","Web","876361","201513","674848"
"Tokbox.com","Web","2919669","1887528","1032141"
"SiriusXm.com","Media","17084132","1374239","15709893"
"Internet Inter-ORB Protocol","Network Service","542","332","210"
"Netware Core Protocol","Management","4569","2784","1785"
"ABCNews","Web","268688","19417","249271"
"Acer","Web","25577","15112","10465"
"Adobe Acrobat DC (Document Cloud)","Web","10271","2691","7580"
"Alexa","Web","26623","3724","22899"
"ATT.com (AT&T)","Web","1045300","999741","45559"
"Blogger","Web","6835448","271335","6564113"
"Capital One","Web","7898317","889513","7008804"
"Comcast","Web","941439","546340","395099"
"Daily Mail","Web","15550963","928750","14622213"
"Daum.net","Web","18590","1441","17149"
"Fox News","Web","14549832","1718947","12830885"
"FoxSports.com","Web","428694","23283","405411"
"Intuit.com","Business Application","4036074","1408242","2627832"
"Kaspersky.com","Web","121284","43757","77527"
"Monster.com","Web","29291","5264","24027"
"Mozilla.com - Mozilla.org","Web","341555759","53899095","287656664"
"Naver Corporation (formerly NHN Corporation)","Web","5355999","361892","4994107"
"NBA.com","Web","707149","49075","658074"
"National Football League (NFL.com)","Web","8158311","542050","7616261"
"Nike.com","Web","160112","24798","135314"
"NYTimes.com","Web","1452322","95670","1356652"
"PlayStation.com","Web","40596","4480","36116"
"Sky","Web","16893","2962","13931"
"SurveyMonkey.com","Web","60523","8965","51558"
"Xbox","Gaming","21427","6102","15325"
"XNXX","Web","32585","22239","10346"
"Xvideos.com","Media","28511","8813","19698"
"Sina.com.cn","Internet Instant Messaging","10024","4173","5851"
"QQ WeiBo","Web","15873","2515","13358"
"Google App Engine","Business Application","692253","352674","339579"
"Apple FaceTime","Real Time Audio/Video","954317360","200863855","753453505"
"Shazam","Web","29623","5857","23766"
"SoundCloud","Media","4190885","676772","3514113"
"TuneIn","Real Time Audio/Video","1427672","77260","1350412"
"QQ.com","Web","965963","131698","834265"
"163.com","Web","750931","308600","442331"
"Ifeng.com","Web","86659","75348","11311"
"Alipay","Web","52563","30557","22006"
"Sogou.com","Web","86994","67036","19958"
"360.cn","Web","69205","26473","42732"
"Alibaba.com","Web","4175886","286129","3889757"
"Zynga.com","Gaming","175796919","24577848","151219071"
"Limelight Networks CDN","Web","893922658","72519629","821403029"
"ISO Base Media File Format","Real Time Audio/Video","21317764","766588","20551176"
"KIK Messenger","Internet Instant Messaging","306520","34700","271820"
"WeChat","Internet Instant Messaging","2012666","818731","1193935"
"Goo.ne.jp","Web","80190","5659","74531"
"QQ Games","Gaming","24428","15012","9416"
"QQ News","Web","20801","16743","4058"
"Pornhub","Web","55970","17914","38056"
"Google Talk (incl. Hangouts and Allo and Duo)","Real Time Audio/Video","5413883","1643626","3770257"
"Nokia Here API","Web","254152","160650","93502"
"MeetMe.com","Social Networking","23417062","1016305","22400757"
"iperf","File Sharing","6520","3397","3123"
"Speedtest","File Sharing","40095811","10817031","29278780"
"ESPN.go.com","Web","248667","36726","211941"
"MapQuest.com","Web","100149","7467","92682"
"BuzzFeed.com","Web","140676","13249","127427"
"Internet Movie Database","Web","31305560","835754","30469806"
"Imgur.com","Storage and Backup","2284923","78524","2206399"
"xHamster.com","Web","54199","27068","27131"
"Google Documents (aka Google Drive)","Storage and Backup","164003798","4481163","159522635"
"Apple Maps","Web","1490615","75361","1415254"
"WebSocket","Network Service","1000478","316050","684428"
"Bet365.com","Web","22927","5778","17149"
"Saavn Bollywood Music","Media","296429","18050","278379"
"Bitcoin client","Peer to Peer","950","530","420"
"Paypal.com","Web","191633046","27604715","164028331"
"BBC","Web","16545245","912052","15633193"
"Softonic.com","Web","62977","2495","60482"
"ElPais.com","Web","307958","11065","296893"
"Marca.com","Web","241436","63322","178114"
"ESPNCricinfo.com","Web","119786","5600","114186"
"Apple HTTP Live Streaming","Real Time Audio/Video","100481767","3062274","97419493"
"Free","Web","740","530","210"
"Banglanews24.com","Web","247581","13836","233745"
"craigslist","Web","210866","68854","142012"
"Dstv","Web","29364","2295","27069"
"Indiatimes","Web","2656278","158822","2497456"
"Internet Small Computer Systems Interface","Network Service","542","332","210"
"Background Intelligent Transfer Service","File Sharing","30970493","3870352","27100141"
"AliExpress.com","Web","8847447","424092","8423355"
"Elcomercio.pe","Web","497284","35299","461985"
"Repubblica.it","Web","334342","22183","312159"
"Rt.com","Web","27502","3747","23755"
"Fox Business Network","Web","5945","1157","4788"
"News","Web","817749","56020","761729"
"Aol","Web","576198","62185","514013"
"Yadro","Web","11223","4226","6997"
"Telegram","Internet Instant Messaging","142761918","8094624","134667294"
"Candy Crush Saga","Gaming","342218","168267","173951"
"Waze Social GPS Maps & Traffic","Web","35037188","1724711","33312477"
"Huffington Post","Web","592002","53333","538669"
"Symantec","Web","518060","205660","312400"
"Videoplaza","Web","13391","2302","11089"
"Zendesk","Business Collaboration","1903898","167784","1736114"
"Google Safe Browsing","Web","4285476","668927","3616549"
"Digital River","Web","443979","54194","389785"
"Brightcove","Media","13203381","778910","12424471"
"Twitch","Media","321628004","10468335","311159669"
"BoldChat Live Chat","Internet Instant Messaging","524726","169965","354761"
"Gravatar","Business Collaboration","603711","78931","524780"
"Xiaomi","Web","132421","68952","63469"
"Nielsen","Web","2114262","486304","1627958"
"zalo","Internet Instant Messaging","58693","15290","43403"
"battlenet","Gaming","124718","16063","108655"
"ANIMOTO","Web","59892","16413","43479"
"JAVA-RMI","Network Service","4464","2784","1680"
"Cedexis","Web","659994","224284","435710"
"Amazon Cloud Drive","Web","4695099","4323971","371128"
"Gettyimages","Web","528143","49516","478627"
"Theladbible","Web","938026","62101","875925"
"Flipboard","Web","1124139","124980","999159"
"Traffic Junky","Web","11258","1642","9616"
"CPMSTAR","Web","342974","68796","274178"
"ADTECH","Web","447537","59876","387661"
"AOL One","Web","1391960","223070","1168890"
"Realestate","Web","178234","36322","141912"
"Constant Contact","Web","571418","29176","542242"
"GitHub","Web","153040992","4299370","148741622"
"Bizographics","Web","36836","11199","25637"
"Atlas Solutions","Web","70575","21175","49400"
"Apple Music","Media","1177980755","47915593","1130065162"
"Disney Channel","Web","1449484","66055","1383429"
"NBC","Web","23192947","862108","22330839"
"Localytics","Web","1032145","334376","697769"
"MoPub","Web","255862","82174","173688"
"Periscope","Media","294186","13468","280718"
"Liveperson","Web","9158606","508970","8649636"
"Zopim","Web","646035","33655","612380"
"Mapbox","Web","2170233","161831","2008402"
"Microsoft Excel Online (Office 365)","Web","56050441","19835359","36215082"
"Signal","Web","180111","30536","149575"
"Ensighten","Web","1391996","211051","1180945"
"Tune","Web","10003926","7197353","2806573"
"Braintree","Web","200233","45101","155132"
"Lookout Mobile Security","Business Application","38544","3413","35131"
"Dai Ky Nguyen","Web","755835","32868","722967"
"TubeMogul","Web","155362","30806","124556"
"Bleacher Report","Web","72975","3036","69939"
"Google Web Light","Web","675942","32114","643828"
"Umeng","Web","196608","109700","86908"
"MobFox","Web","342912","71431","271481"
"Liftoff","Web","1391819","485073","906746"
"Baidu Maps","Web","8428","1344","7084"
"Uber (formerly UberCab)","Web","158619","61393","97226"
"QQVideo","Web","36937","8178","28759"
"Younow","Web","98960188","41886145","57074043"
"Bazaarvoice","Web","8901159","690426","8210733"
"Clicktale","Web","3622736","1939745","1682991"
"Adk2","Web","20499","2543","17956"
"Pokemon GO","Gaming","5280346","1899074","3381272"
"CDNetworks","Infrastructure","78599351","3768303","74831048"
"Weborama","Web","83668","16917","66751"
"Constrained Application Protocol","Network Service","1011","696","315"
"Highwinds","Web","6085662","185866","5899796"
"Innovid","Web","90351883","3497660","86854223"
"Wix","Web","15432309","1289904","14142405"
"Eskimi","Web","130260","9127","121133"
"Shutterstock","Web","45988","2709","43279"
"Heroku","Web","4785346","201582","4583764"
"IMO Video Calling Application","Media","42514","12751","29763"
"Hola","Web","74625","2533","72092"
"Clash of Clans","Gaming","1052903","105503","947400"
"Supercell","Gaming","71158","23223","47935"
"Amazon Music","Media","33692098","2541511","31150587"
"Cheetah Mobile","Web","1374","541","833"
"Microsoft Word Online (Office 365)","Business Collaboration","9072436","1021582","8050854"
"OPC Unified Architecture","Web","950","530","420"
"Signal Private Messenger (Open Whisper Systems)","Internet Instant Messaging","15502227","6208106","9294121"
"Tidal","Media","22327","8744","13583"
"StreamRail","Media","280120","85852","194268"
"Nintendo","Gaming","3064194","1978350","1085844"
"OpenRTB","Web","2502358","2209201","293157"
"ADventori","Web","115676","23036","92640"
"Tealium","Web","1646834","183765","1463069"
"Audible","Real Time Audio/Video","1481020","224995","1256025"
"Flashtalking","Web","2754456","439008","2315448"
"Samsung Update","Web","2396522452","251369858","2145152594"
"MGID","Web","822820","130289","692531"
"ULP","Network Service","511373","25730","485643"
"AnyDesk","Remote Desktop","31544769","30020664","1524105"
"Booking.com","Web","21076848","1798868","19277980"
"Walmart","Web","1571925","1390221","181704"
"DocuSign","Web","23150","3178","19972"
"Cloudinary","Web","368566","23735","344831"
"Optus","Web","347127","18443","328684"
"Google Secure User Plane Location","Web","1400065","199470","1200595"
"T-Mobile","Web","20573","8605","11968"
"Sportradar","Web","251667","26074","225593"
"Wall Street Journal","Web","26998","3576","23422"
"Niantic, Inc","Web","1825672","541205","1284467"
"Clash Royale","Gaming","53552","5099","48453"
"Origin","Web","54879","14497","40382"
"Instructure","Web","47748","6840","40908"
"Mail.com","Email","246448","41459","204989"
"United Internet","Web","12710","2370","10340"
"Electronic Arts","Web","281886","95133","186753"
"Facebook Lite","Social Networking","567433","109371","458062"
"Digioh","Web","1085069","47825","1037244"
"Apptimize","Web","267944","70154","197790"
"UC Browser","Web","70235","32673","37562"
"x_vpn","Tunneling and VPN","1311529","351902","959627"
"Data Saver","Web","6046795","365665","5681130"
"Symantec Endpoint Protection","Web","165928","83856","82072"
"Youtube Music","Media","3517326","253393","3263933"
"Akamai Video","Media","575046","153813","421233"
"Oracle Entreprise Manager","Business Application","3098","1664","1434"
"Fortnite","Gaming","2971466","690507","2280959"
"Text Me","Internet Instant Messaging","1942671","562222","1380449"
"AnchorFree","Tunneling and VPN","1406012","1212860","193152"
"Epic_games","Gaming","820164","487745","332419"
"Grammarly","Web","10071678","2755399","7316279"
"Ubisoft","Gaming","137562","47661","89901"
"Google News","Web","208858","44011","164847"
"Visual IQ","Web","123191","33085","90106"
"Alibaba Group","Web","142107","23136","118971"
"Alibaba Cloud","Web","12642680","930911","11711769"
"League of Legends","Gaming","443350","130366","312984"
"ExpressVPN","Tunneling and VPN","583344","149422","433922"
"Future_plc","Web","6592494","401760","6190734"
"Inskin","Web","19142","5556","13586"
"Wish","Web","204550","23666","180884"
"DICOM","Network Service","542","332","210"
"Fandom","Web","6537999","303639","6234360"
"Google GSuite","Web","2226595","332671","1893924"
"Codepen","Web","46816","2807","44009"
"DAZN","Real Time Audio/Video","2891724","197073","2694651"
"PubNub","Web","161432","43219","118213"
"Monero (XMR)","Web","1011","696","315"
"Unknown virtual protocol","Unclassified","279193","145503","133690"
"Unknown virtual protocol","Unclassified","414831","89234","325597"
"Unknown virtual protocol","Unclassified","14470122","12326835","2143287"
"Unknown virtual protocol","Unclassified","170880634","4099541","166781093"
"Eurosport","Web","73117","25009","48108"
"Bumble","Web","4449314","214085","4235229"
"National Public Radio","Web","502506","18546","483960"
"Acast","Real Time Audio/Video","16817328","438302","16379026"
"Wireguard","Tunneling and VPN","7904064","2434754","5469310"
"Firework","Internet Instant Messaging","616187","106612","509575"
"JWPLAYER","Web","68351327","4529904","63821423"
"Bigo","Web","4608794","116772","4492022"
"BAMTech","Real Time Audio/Video","3354893","1549449","1805444"
"Disney Plus","Real Time Audio/Video","97025878","3568775","93457103"
"Grand Theft Auto 5","Gaming","35220","12238","22982"
"Airbnb","Web","41266481","9800878","31465603"
"Wangwang","Internet Instant Messaging","122249","41457","80792"
"Browsec VPN","Tunneling and VPN","245629113","28141521","217487592"
"Workday","Business Application","4001586","181874","3819712"
"Uber Eats","Web","579710","104190","475520"
"DoorDash","Web","256695","27226","229469"
"Houseparty","Real Time Audio/Video","82260","13830","68430"
"Likee","Internet Instant Messaging","117270","20409","96861"
"Citrix","Web","26040","7260","18780"
"Microsoft Dynamics","Business Application","15003631","6479165","8524466"
"Digital Turbine","Web","21160177","283941","20876236"
"adRise","Real Time Audio/Video","2866830","464001","2402829"
"Tubi TV","Real Time Audio/Video","1391938855","31007860","1360930995"
"Demandbase","Web","59351","4507","54844"
"Sift Science","Web","156719","51309","105410"
"Spotify Audio","Real Time Audio/Video","2839315482","80523863","2758791619"
"Connatix","Real Time Audio/Video","10309463","916551","9392912"
"Minute Media","Web","168355","12280","156075"
"UserReport","Web","264547","31842","232705"
"Go Daddy","Web","2987578","277901","2709677"
"E! Online","Web","2121744","88225","2033519"
"Hotels.com","Web","5671833","2099149","3572684"
"Indeed","Web","27457608","5026099","22431509"
"Official Major League Baseball","Web","11009880","877274","10132606"
"The Daily Beast","Web","2187390","220438","1966952"
"OnlyFans","Web","11519","5837","5682"
"Nvidia","Web","170755144","19583264","151171880"
"Geforce Now","Gaming","9516268","1142644","8373624"
"The Walt Disney Company","Web","13230526","1092432","12138094"
"FedEx","Web","1391481","471009","920472"
"Kayak","Web","3913728","232231","3681497"
"Eventbrite","Web","42486","8410","34076"
"Datadog","Web","12248","7884","4364"
"Intercom","Web","14247086","4618120","9628966"
"Unknown virtual protocol","Unclassified","60139","32712","27427"
