"Application","Category","Total Bytes","Bytes Received","Bytes Sent"
"Dailymotion.com","Media","1562310805","35113599","1527197206"
"Domain Name Service","Network Service","1885237273","967952177","917285096"
"eBay.com","Web","39043354","2697805","36345549"
"Google Mail","Email","2003195001","334526559","1668668442"
"Google Search","Web","1506802332","180530737","1326271595"
"Google Maps","Web","151102434","37420106","113682328"
"HyperText Transfer Protocol","Web","4561934936","378069111","4183865825"
"HyperText Transfer Protocol Secure","Web","35031846882","1953794730","33078052152"
"Internet Control Message Protocol","Network Service","4258693901","2566572174","1692121727"
"Internet Message Access Protocol version 4","Email","277651813","42193701","235458112"
"Internet Message Access Protocol Secure","Email","83655621","5211463","78444158"
"Internet Protocol","Network Service","0","0","0"
"Internet Security Association and Key Management Protocol","Tunneling and VPN","211051994","27237962","183814032"
"XMPP Protocol (Jabber)","Business Collaboration","7985239","1517974","6467265"
"McAfee Client update","Business Application","260848331","20242871","240605460"
"Network Time Protocol","Network Service","1445935","814134","631801"
"Remote Desktop Protocol (Windows Terminal Server)","Remote Desktop","173864","92362","81502"
"Skype and Teams","Business Collaboration","187129940","82492951","104636989"
"Simple Object Access Protocol","Network Service","1611140583","814056976","797083607"
"Secure Shell","Tunneling and VPN","39258569","20356888","18901681"
"Secure Socket Layer","Tunneling and VPN","39180487448","4998882079","34181605369"
"Session Traversal Utilities for NAT","Business Collaboration","153346984","89066558","64280426"
"Transmission Control Protocol","Other TCP/UDP","4368326165","2325697688","2042628477"
"User Datagram Protocol","Other TCP/UDP","552858913525","27022884196","525836029329"
"Wikipedia.com","Web","59469522","1776993","57692529"
"Yahoo Search","Web","6302777","542444","5760333"
"Yahoo Mail v.2.0","Email","169767586","30283580","139484006"
"Youtube.com","Media","54449183777","1939709358","52509474419"
"Facebook","Social Networking","138614739442","4200097393","134414642049"
"Google Ads","Web","4886260963","285180215","4601080748"
"Windows Live Hotmail","Email","314479765","52339061","262140704"
"WordPress.com","Social Networking","65210919","2659503","62551416"
"Flickr","Social Networking","149021368","70360385","78660983"
"LinkedIn","Social Networking","659347088","38165677","621181411"
"Apple Generic Services","Web","25406847339","560655389","24846191950"
"Deezer","Web","62455121","824148","61630973"
"Online Certificate Status Protocol","Business Application","30267136","11463440","18803696"
"Xbox Live","Gaming","46873380","4644112","42229268"
"Odnoklassniki.ru","Social Networking","61755","4104","57651"
"Twitter","Social Networking","2744869950","106445204","2638424746"
"Yandex.ru","Web","6326862","1484127","4842735"
"iTunes","Media","1948080753","190295337","1757785416"
"Spotify","Media","2933140388","199772070","2733368318"
"TeamViewer","Remote Desktop","489030462","251626028","237404434"
"Bing.com (formerly MSN Search)","Web","1173374620","199438299","973936321"
"Baidu.com","Web","18438992","1928587","16510405"
"Adobe Flash Plugin Update","Web","379558","41713","337845"
"Java Update","Web","1347005","131377","1215628"
"Windows Update","Web","22444131050","809177794","21634953256"
"Apple Update","Web","41614421","928363","40686058"
"Chrome Update","Web","1243010599","34273876","1208736723"
"Opera Update","Web","2833541","978970","1854571"
"BitDefender Update","Web","22161413","9984076","12177337"
"Viber","Real Time Audio/Video","375213931","180284210","194929721"
"Netflix.com","Media","55752709647","927147638","54825562009"
"Google Analytics,Google Marketing Platform","Web","450677956","120248083","330429873"
"Google GStatic","Web","2864518196","180946278","2683571918"
"Dropbox","Storage and Backup","2343025411","1195780470","1147244941"
"Google Translate","Web","6559548","1445181","5114367"
"Jango.com","Web","25502","5209","20293"
"Salesforce","Business Application","10151785","2752908","7398877"
"Portal.TidalTV.com","Web","2145802","537461","1608341"
"YouKu","Media","2671540","2547793","123747"
"Google Generic","Web","7604060122","3065632326","4538427796"
"AccuWeather","Web","37322796","5654310","31668486"
"Amazon Generic Services","Web","8167237319","1665566813","6501670506"
"AmericanExpress","Web","2856660","291943","2564717"
"Blogger","Web","7141288","265944","6875344"
"CNN (Cable News Network)","Web","49530788","4056456","45474332"
"Daum.net","Web","2788894","321389","2467505"
"Mozilla.com - Mozilla.org","Web","18367831","3940549","14427282"
"SurveyMonkey.com","Web","52909","6783","46126"
"TF1.fr","Web","5190370","151290","5039080"
"Weather.com","Web","48342418","2557911","45784507"
"Xbox","Gaming","228820","34674","194146"
"WhatsApp Messenger","Internet Instant Messaging","28973417021","13528118745","15445298276"
"Sophos update","Business Application","1231453","166822","1064631"
"Taobao","Web","130997842","9084587","121913255"
"Google App Engine","Business Application","4728578","2915822","1812756"
"Apple App Store","Web","25105593720","502855403","24602738317"
"Windows Marketplace","Web","2022449913","118479902","1903970011"
"Apple FaceTime","Real Time Audio/Video","23852346340","10123364286","13728982054"
"Apple Push Notification Service","Web","661132309","445906097","215226212"
"iOS over-the-air (OTA) update","Web","8126709315","119699390","8007009925"
"Samsung Apps","Web","729527374","18651521","710875853"
"Google Play Store","Media","2884337084","756339765","2127997319"
"Line","Internet Instant Messaging","17032848","9731503","7301345"
"Google Plus","Web","302115","36933","265182"
"iCloud (Apple)","Storage and Backup","12428186636","4567093895","7861092741"
"Hulu","Media","3105392","92061","3013331"
"Instagram","Web","92401433083","3425809626","88975623457"
"SoundCloud","Media","1292886781","48449031","1244437750"
"Amazon Web Services/Cloudfront CDN","Infrastructure","27431167369","16219737794","11211429575"
"Amazon Prime Video","Media","2342641510","40897665","2301743845"
"QQ.com","Web","77387179","1511054","75876125"
"Akamai Technologies CDN","Web","5187271507","104646326","5082625181"
"Limelight Networks CDN","Web","1936881031","105876636","1831004395"
"Microsoft Azure (previously Windows Azure)","Infrastructure","919663659","18768950","900894709"
"Yahoo.com","Web","1368841163","122311677","1246529486"
"Rakuten.co.jp","Web","1859408","279363","1580045"
"Google Talk (incl. Hangouts and Allo and Duo)","Real Time Audio/Video","1736277999","1088730870","647547129"
"CloudFlare CDN","Infrastructure","10576114814","892453368","9683661446"
"Microsoft Office 365","Business Collaboration","3794078861","282576006","3511502855"
"Zoho Corporation","Business Application","48989215","25767840","23221375"
"Nokia Here API","Web","2533378","112993","2420385"
"Microsoft SharePoint Online (Office 365)","Business Application","1187164384","419493555","767670829"
"Pinterest","Web","859279365","77925427","781353938"
"Microsoft Outlook (Office 365)","Business Application","1111294170","344299877","766994293"
"Reddit.com","Web","1216440680","35289391","1181151289"
"Internet Movie Database","Web","3179209","88118","3091091"
"Apple SIRI","Web","204540016","149350834","55189182"
"Imgur.com","Storage and Backup","32641298","578167","32063131"
"Google Documents (aka Google Drive)","Storage and Backup","252809504","59994827","192814677"
"Apple Maps","Web","2999618","155750","2843868"
"WebSocket","Network Service","5055766","694795","4360971"
"Paypal.com","Web","23376786","3532243","19844543"
"Kijiji.ca","Web","110888988","3615158","107273830"
"Conviva","Infrastructure","634959","310564","324395"
"AliExpress.com","Web","71256243","1909244","69346999"
"Google Accounts","Web","299614698","130706887","168907811"
"Amazon Ad System","Web","231080742","55281625","175799117"
"Aol","Web","4644202","470345","4173857"
"Snapchat","Social Networking","14106731746","1027944487","13078787259"
"Gameloft Games","Gaming","1163006","265202","897804"
"AddThis","Web","13175758","1006487","12169271"
"Turn","Web","8280680","1377779","6902901"
"ScorecardResearch","Web","54116400","19143871","34972529"
"Quantcast","Web","29593348","4449300","25144048"
"Telegram","Internet Instant Messaging","1175127617","59313680","1115813937"
"Candy Crush Saga","Gaming","51133817","18981932","32151885"
"King Digital Entertainment","Gaming","7067315","2168572","4898743"
"Waze Social GPS Maps & Traffic","Web","64861050","5264270","59596780"
"Symantec","Web","20892448","2541370","18351078"
"Oracle","Web","9520773","2539641","6981132"
"Bitstrips","Social Networking","271982100","12208911","259773189"
"TRUSTe","Web","42022672","3387822","38634850"
"Criteo","Web","168202102","36585270","131616832"
"Adobe","Business Application","673178683","69641781","603536902"
"Zendesk","Business Collaboration","7209667","341015","6868652"
"Google Safe Browsing","Web","24504393","7363674","17140719"
"Inneractive","Web","45434175","31210030","14224145"
"Flurry","Business Application","20776126","9544315","11231811"
"Samsung","Web","189830268","54772282","135057986"
"Crashlytics","Web","70957642","6174039","64783603"
"Brightcove","Media","220360523","7646766","212713757"
"Twitch","Media","331117246","11002575","320114671"
"Facebook Messenger","Internet Instant Messaging","6430659147","2891087110","3539572037"
"InMobi","Web","35077547","14703974","20373573"
"AppsFlyer","Business Application","64273168","16861085","47412083"
"Gravatar","Business Collaboration","4736853","612426","4124427"
"FreeWheel","Web","2117896","485188","1632708"
"Nielsen","Web","6234173","1312696","4921477"
"Stickyads","Web","35086967","12036563","23050404"
"Mixpanel","Web","31968995","22693738","9275257"
"Smart AdServer","Web","117881612","38884002","78997610"
"Google Cloud Storage","Web","8089445112","7693510454","395934658"
"Google Cloud Messaging","Web","133634864","33321966","100312898"
"Google Calendar","Web","41739273","10386171","31353102"
"Apple Location","Web","4672664113","531498497","4141165616"
"Flipboard","Web","597894","75651","522243"
"OpenX","Web","22655251","6721122","15934129"
"PubMatic","Web","187132072","99890540","87241532"
"Index Exchange (previously Casale Media)","Web","60785567","21920933","38864634"
"LOTAME","Web","15162338","2598217","12564121"
"Rubicon Project","Web","255790909","101285144","154505765"
"CPMSTAR","Web","161548","35766","125782"
"ADTECH","Web","2096186","96453","1999733"
"Sizmek (previously MediaMind)","Web","28157612","6213212","21944400"
"AppNexus","Web","458096381","279533461","178562920"
"AOL One","Web","3812953","577222","3235731"
"Rlcdn","Web","20439974","3229796","17210178"
"Realestate","Web","207010","37166","169844"
"HyperText Transfer Protocol version 2","Web","10012345290","995615771","9016729519"
"Advertising.com","Web","4741627","1313951","3427676"
"Google Tag Manager","Web","310803760","14879009","295924751"
"Facebook Embedded Video","Media","8395511249","123408748","8272102501"
"Ad Safe Protected","Web","202226105","32177699","170048406"
"Adjust.com","Web","23359663","8707365","14652298"
"Scotiabank","Web","87862272","30116681","57745591"
"Atlas Solutions","Web","631451","178938","452513"
"Urbanairship","Web","6419404","2328918","4090486"
"BootstrapCDN","Web","5776133","345635","5430498"
"Apple Music","Media","4696784764","184772306","4512012458"
"Outbrain","Web","208306677","35218498","173088179"
"Fastly","Web","4007582","236692","3770890"
"Unruly","Web","19491197","11929723","7561474"
"Disney Channel","Web","2329081","64307","2264774"
"Rogers TV","Web","20627803","2148266","18479537"
"UpLynk","Web","92538299","2173416","90364883"
"NBC","Web","31202838","2156381","29046457"
"Localytics","Web","6125093","816307","5308786"
"Microsoft Translator (Bing Translator)","Web","1775232","928558","846674"
"Applovin","Web","829039367","213739628","615299739"
"Android connectivity Manager","Network Service","13649793","6624070","7025723"
"Moat","Web","237314112","61291847","176022265"
"Krux","Web","34348490","3354489","30994001"
"Perform","Web","9652975","663280","8989695"
"Microsoft Office OneNote (Office 365)","Business Application","329192735","178769975","150422760"
"Heap","Web","11499961","5295913","6204048"
"Olark","Web","2615775","99407","2516368"
"Branch Metrics","Web","96388200","11722893","84665307"
"Optimizely","Web","110370631","33347080","77023551"
"Liveperson","Web","13344646","1294699","12049947"
"Taboola","Web","778029503","104009375","674020128"
"Mapbox","Web","31526059","1752291","29773768"
"Rackspace","Web","2059604717","214923803","1844680914"
"Signal","Web","665322","120357","544965"
"LiveChat","Web","8707023","556163","8150860"
"Ensighten","Web","8083649","1151084","6932565"
"Smaato","Web","11163188","5473023","5690165"
"Braintree","Web","324428","30047","294381"
"Verizon","Web","1981787","837566","1144221"
"MediaMath","Web","118825796","11043552","107782244"
"LKQD","Web","503808","189265","314543"
"jQuery","Web","21122695","815299","20307396"
"Everest Technologies","Web","25246264","8363424","16882840"
"TubeMogul","Web","3299871","301883","2997988"
"SpotXchange","Web","11959431","4579846","7379585"
"Microsoft OneDrive","Web","1979774741","274005002","1705769739"
"Microsoft","Web","5307362736","871727996","4435634740"
"Umeng","Web","1152155","626278","525877"
"Revcontent","Web","30597923","4617282","25980641"
"New Relic","Web","301431669","192835956","108595713"
"MobFox","Web","163226","51214","112012"
"Liftoff","Web","1138334","413735","724599"
"Uber (formerly UberCab)","Web","4498119883","2862222621","1635897262"
"Conversant","Web","14837629","5416249","9421380"
"Bazaarvoice","Web","20039140","1636858","18402282"
"Teads","Web","20807217","4781842","16025375"
"Clicktale","Web","8670934","3659979","5010955"
"Adform","Web","49569248","7993959","41575289"
"hotjar","Web","35526920","6999653","28527267"
"ZoomMeetings","Business Collaboration","3280396909","881975948","2398420961"
"Weborama","Web","559819","129221","430598"
"HyperText Transfer Protocol proxy","Network Service","2457641","1100261","1357380"
"Highwinds","Web","23921732","544875","23376857"
"Innovid","Web","312058112","7104194","304953918"
"StackExchange","Web","7234965","326097","6908868"
"StackOverflow","Web","476886","28387","448499"
"Wix","Web","38294450","3060665","35233785"
"GIPHY","Web","881955319","13283884","868671435"
"Firebase Cloud Messaging","Web","557071085","266102937","290968148"
"Heroku","Web","3029778","234544","2795234"
"IMO Video Calling Application","Media","21283925","8171534","13112391"
"Bidswitch","Web","36630397","13691363","22939034"
"Tidal","Media","877659","29698","847961"
"Bugsnag","Web","3793454","1545161","2248293"
"Apple Game Center","Gaming","14415925","3315686","11100239"
"ADventori","Web","170927","35649","135278"
"Tealium","Web","9128563","1531435","7597128"
"Audible","Real Time Audio/Video","143449","75051","68398"
"Flashtalking","Web","25934292","4444610","21489682"
"Sharethrough","Web","68505097","17550219","50954878"
"AdColony","Web","15651459","5117079","10534380"
"Yieldmo","Web","35174915","5266350","29908565"
"Google Classroom","Web","8803489","656655","8146834"
"Huawei","Web","180815524","9564058","171251466"
"MGID","Web","6339199","445402","5893797"
"DoubleVerify","Web","204240093","42152793","162087300"
"Media Innovation Group","Web","2390129","650147","1739982"
"Avast","Web","63999739","7148880","56850859"
"PulsePoint","Web","9152500","3271009","5881491"
"eXelate","Web","3821003","884238","2936765"
"Sonobi","Web","33338998","13796226","19542772"
"Cloudinary","Web","35541519","611424","34930095"
"Google Secure User Plane Location","Web","411338","67054","344284"
"Gfycat","Web","143553","14805","128748"
"Amplitude","Web","698872319","658629175","40243144"
"T-Mobile","Web","5255103","1056515","4198588"
"Google Cloud Platform","Web","109241353","42167591","67073762"
"Canvas Student","Web","1410590","25444","1385146"
"Instructure","Web","2009541","169649","1839892"
"Mail.com","Email","3809242","295325","3513917"
"Microsoft teams","Internet Instant Messaging","1714811837","169676537","1545135300"
"Apptimize","Web","132430","51112","81318"
"Adtelligent","Web","10581297","3111770","7469527"
"Akamai Video","Media","2723589","277875","2445714"
"Cisco","Web","17098229","5702151","11396078"
"IronSource","Business Application","187553638","17841745","169711893"
"Disqus","Web","40995752","3132171","37863581"
"Grammarly","Web","95206553","34885867","60320686"
"Simpli.fi","Web","5551102","928278","4622824"
"ByteDance","Web","415995304","47511651","368483653"
"TikTok (Musical.ly)","Social Networking","109254743787","3152304978","106102438809"
"Visual IQ","Web","1001398","252046","749352"
"Alibaba Cloud","Web","27247629","1852768","25394861"
"Discord","Internet Instant Messaging","834106158","166211366","667894792"
"Future_plc","Web","47866100","1379549","46486551"
"WorkspaceOne","Web","409022","127735","281287"
"Apple News","Web","661237098","30969402","630267696"
"Tesla","Web","426736","43713","383023"
"Google GSuite","Web","57880597","2909800","54970797"
"Vungle","Web","334780224","10256790","324523434"
"W3Schools","Web","1478105","33900","1444205"
"Google APIs","Web","3952095439","1586995300","2365100139"
"Megaphone","Web","1847617890","23612090","1824005800"
"TripAdvisor","Web","56240380","3870997","52369383"
"Moodle","Social Networking","683233197","27840625","655392572"
"Amazon Cognito","Web","24639489","8531871","16107618"
"Unknown virtual protocol","Unclassified","17178714811","296832230","16881882581"
"Unknown virtual protocol","Unclassified","14036796","1448504","12588292"
"Unknown virtual protocol","Unclassified","5819565","337033","5482532"
"Unknown virtual protocol","Unclassified","8829052","975302","7853750"
"Unknown virtual protocol","Unclassified","203129952","102181468","100948484"
"Unknown virtual protocol","Unclassified","239094263","5319130","233775133"
"Discovery Inc","Real Time Audio/Video","25495","10593","14902"
"Google Pay","Web","10566176","2497736","8068440"
"Google Messages","Internet Instant Messaging","80052029","37592246","42459783"
"JWPLAYER","Web","600273770","11838525","588435245"
"BAMTech","Real Time Audio/Video","2919310","1223427","1695883"
"Disney Plus","Real Time Audio/Video","587790225","4961194","582829031"
"Quora","Social Networking","10552287","1504242","9048045"
"Rockstar Games","Gaming","107764","29104","78660"
"Shopify","Web","149789221","3357644","146431577"
"StackPath","Web","25178452","285029","24893423"
"DoorDash","Web","487088899","266595894","220493005"
"Houseparty","Real Time Audio/Video","134815","20240","114575"
"Likee","Internet Instant Messaging","25415158","6719887","18695271"
"Acronis Cloud","Web","631157","270763","360394"
"Acronis Backup","File Sharing","36623217","2188451","34434766"
"Demandbase","Web","208471","15106","193365"
"KOCHAVA","Web","4179694","1031957","3147737"
"Sift Science","Web","465311","124561","340750"
"Spotify Audio","Real Time Audio/Video","2030028316","28177986","2001850330"
"Connatix","Real Time Audio/Video","384418650","23867062","360551588"
"UserReport","Web","584488","98131","486357"
"Pendo","Web","5900567","961308","4939259"
"Go Daddy","Web","7237475","560105","6677370"
"Contentful","Web","382726301","10253348","372472953"
"Indeed","Web","133210510","31194790","102015720"
"NHL.com","Web","252880174","9855238","243024936"
"WarnerMedia","Web","185450202","5032030","180418172"
"Digicert","Web","40123250","5101097","35022153"
"Datadog","Web","1223856","999069","224787"
"Font Awesome","Web","16096013","1007858","15088155"
"Intercom","Web","11295111","3594462","7700649"
"SD-WAN Control","SD-WAN","23795052194","13367926453","10427125741"
"SD-WAN Management","SD-WAN","3878582591","1683177101","2195405490"
"TencentMeeting","Business Collaboration","844306060","64628338","779677722"
"QQ","Internet Instant Messaging","3328611","332831","2995780"
"Real Time Protocol","Business Collaboration","2902517924","1186338801","1716179123"
"Session Initiation Protocol","Business Application","724977","369992","354985"
"Foursquare.com","Web","1461673","394865","1066808"
"Playstation Network","Gaming","27490","5120","22370"
"PlayStation.com","Web","12982380","1677024","11305356"
"WeChat","Internet Instant Messaging","519553115","87487962","432065153"
"QQ Games","Gaming","671029","454806","216223"
"ESPN.go.com","Web","15996600","1110653","14885947"
"Bet365.com","Web","14990278","2157868","12832410"
"Xiaomi","Web","44918179","2466117","42452062"
"CBS Video","Web","2152591","155915","1996676"
"QQVideo","Web","4532716","130909","4401807"
"Tinder","Web","210424232","12088262","198335970"
"Autodesk Fusion 360","Tunneling and VPN","18520810","4781563","13739247"
"PlayerUnknown's BattleGrounds","Gaming","63385608","2172059","61213549"
"Unknown virtual protocol","Unclassified","139768","66291","73477"
"Advance Message Queuing Protocol","Network Service","998","554","444"
"BitTorrent","Peer to Peer","180573","1948","178625"
"Connection Oriented Transfer Protocol","Network Service","1836","1392","444"
"File Transfer Protocol","File Sharing","10050","5252","4798"
"Google Earth","Web","63585","16137","47448"
"Google Groups","Social Networking","9501","1009","8492"
"Independant Computing Architecture (Citrix)","Remote Desktop","1996","1108","888"
"IPsec (AH and ESP)","Tunneling and VPN","175653598","41537976","134115622"
"Kerberos","Authentication","3811","2596","1215"
"Lighweight Directory Access Protocol","Authentication","12690","7398","5292"
"Netbios Name Service","Network Service","101556","101556","0"
"Post Office Protocol (Version 3)","Email","4682","733","3949"
"Secure POP3","Email","54287","8868","45419"
"Port Mapper","Network Service","6844","4630","2214"
"Real Time Control Protocol","Business Collaboration","285886562","139105546","146781016"
"Real Time Streaming Protocol","Media","4107","2651","1456"
"Server Message Block (Windows File Server)","File Sharing","22380","15948","6432"
"Simple Mail Transfer Protocol","Email","659597","574919","84678"
"Simple Network Management Protocol","Management","472014","472014","0"
"SOCKet Secure v4","Tunneling and VPN","19743","13854","5889"
"SOCKet Secure v5","Tunneling and VPN","3879","2013","1866"
"Tabular Data Stream","Business Application","4239","2580","1659"
"Transparent Network Service (Oracle)","Business Application","1069","736","333"
"VMWare","Remote Desktop","15744","2538","13206"
"Wireless Transaction Protocol","Network Service","2210092","1024622","1185470"
"X Window System","Business Application","6856","4210","2646"
"MPEG-Transport Stream","Real Time Audio/Video","7472307364","72900565","7399406799"
"Secure AIM","Internet Instant Messaging","2606213","205778","2400435"
"Expedia.fr","Web","3480686","1149827","2330859"
"Travelocity.com","Web","47587","9628","37959"
"Realtor.com","Web","95845","16868","78977"
"Mail.ru Webmail","Email","680170431","7528598","672641833"
"Steampowered.com","Gaming","54816220","4942570","49873650"
"Badoo.com","Internet Instant Messaging","14027427","1372364","12655063"
"Goodreads.com","Web","344069","46109","297960"
"Italki.com","Web","1559211","29173","1530038"
"Meetup","Web","726962","226474","500488"
"ResearchGATE.net","Web","556363","18831","537532"
"Tumblr","Social Networking","815112","32574","782538"
"Vk.com (Vkontakte)","Social Networking","115600842","4311211","111289631"
"Vox.com","Web","1420198","65846","1354352"
"Yammer.com","Business Application","183012","40659","142353"
"Yelp.com","Web","13077388","339231","12738157"
"Adobe Update Manager","Web","329849","6380","323469"
"Teredo protocol","Tunneling and VPN","24678","9798","14880"
"Firefox Update","Web","577478002","7008290","570469712"
"Archive.org","Web","1377006","31347","1345659"
"icecast","Media","65612994","1927280","63685714"
"0zz0.com","Web","22958","1458","21500"
"Symantec Norton AntiVirus Updates","Web","23599415","514221","23085194"
"Trendmicro Update protocol","Web","779466","171994","607472"
"Box","File Sharing","72776","10395","62381"
"Web-ICQ","Internet Instant Messaging","34425","7128","27297"
"iHeartRADIO","Media","1952102","215104","1736998"
"Psiphon","Web","109627","11902","97725"
"QQMusic","Peer to Peer","1634","934","700"
"SiriusXm.com","Media","181915","19752","162163"
"WebEx","Business Collaboration","65434","3956","61478"
"Slingbox","Media","4478357","91691","4386666"
"Bloomberg.com","Web","2376408","121294","2255114"
"Internet Inter-ORB Protocol","Network Service","784","562","222"
"RSS","Web","285590","8268","277322"
"Netware Core Protocol","Management","3894","2422","1472"
"Acer","Web","194163","59555","134608"
"Adobe Acrobat DC (Document Cloud)","Web","9032168","1117077","7915091"
"Alexa","Web","40966","4802","36164"
"AlJazeera.net","Web","17160133","571235","16588898"
"Capital One","Web","1821510","417463","1404047"
"China.com","Web","3434706","82391","3352315"
"Cnet.com","Web","181488641","3171877","178316764"
"Comcast","Web","1657220","82771","1574449"
"Daily Mail","Web","13785921","1322403","12463518"
"Fox News","Web","107796649","4951683","102844966"
"FoxSports.com","Web","2465370","54391","2410979"
"Groupon","Web","111291","16792","94499"
"IKEA.com","Web","14398364","899188","13499176"
"Intuit.com","Business Application","60580876","35721536","24859340"
"Kaspersky.com","Web","6241844","3198073","3043771"
"Monster.com","Web","86004","20261","65743"
"NationalGeographic.com","Web","2794305","48642","2745663"
"Naver Corporation (formerly NHN Corporation)","Web","43034767","1586596","41448171"
"NBA.com","Web","19099","2643","16456"
"National Football League (NFL.com)","Web","25434858","1376433","24058425"
"Nike.com","Web","11213","907","10306"
"NYTimes.com","Web","2139049","78554","2060495"
"Reuters.com","Web","4972470","130536","4841934"
"Reverso.net","Web","8198421","922120","7276301"
"Ryanair.com","Web","18655","5017","13638"
"SFR.fr","Web","4025","1328","2697"
"Sports Illustrated","Web","31244","2485","28759"
"Vimeo","Web","645794300","12260493","633533807"
"WashingtonPost.com","Web","1886980","44664","1842316"
"Youdao.com","Web","7762","2054","5708"
"Youm7.com","Web","5006576","145029","4861547"
"Sina.com.cn","Internet Instant Messaging","26740","9826","16914"
"Sina Weibo","Web","7130","2080","5050"
"GMX webmail","Email","104594","7700","96894"
"Scribd.com","Web","1518792","145879","1372913"
"Shazam","Web","778354","61516","716838"
"KakaoTalk","Internet Instant Messaging","463857","128544","335313"
"163.com","Web","421583","98955","322628"
"Ifeng.com","Web","415910","84377","331533"
"Alipay","Web","195871","80729","115142"
"Sogou.com","Web","677434","345338","332096"
"360.cn","Web","884304","514250","370054"
"Alibaba.com","Web","41929007","1211048","40717959"
"Zynga.com","Gaming","46752","10010","36742"
"Datagram Transport Layer Security","Tunneling and VPN","2491023563","331863722","2159159841"
"ISO Base Media File Format","Real Time Audio/Video","665969055","10177330","655791725"
"KIK Messenger","Internet Instant Messaging","8979","3090","5889"
"MiTalk Messenger (Miliao)","Internet Instant Messaging","348417","13913","334504"
"Chinatimes.com","Web","18816","3743","15073"
"Ctrip.com","Web","6400","2292","4108"
"QQ Mail","Email","129327","20869","108458"
"Tencent.com","Internet Instant Messaging","32211","10597","21614"
"MeetMe.com","Social Networking","16767165","1012959","15754206"
"Baidu Player","Media","2587","712","1875"
"Speedtest","File Sharing","241569","180497","61072"
"MapQuest.com","Web","162938","20899","142039"
"BuzzFeed.com","Web","25439039","1753635","23685404"
"LastPass.com","Web","20468","5065","15403"
"Mendeley.com","File Sharing","147636","30587","117049"
"Saavn Bollywood Music","Media","813224","32926","780298"
"touch","Internet Instant Messaging","16605","5392","11213"
"Bitcoin client","Peer to Peer","1996","1108","888"
"BBC","Web","29101769","1425026","27676743"
"AVG.com","Web","25229","8992","16237"
"Softonic.com","Web","7679","702","6977"
"ElPais.com","Web","9925292","182627","9742665"
"Marca.com","Web","193134","52633","140501"
"ESPNCricinfo.com","Web","4208166","206645","4001521"
"Goal.com","Web","6173","1536","4637"
"Sapo.mz - Sapo.pt","Web","135085","5175","129910"
"Apple HTTP Live Streaming","Real Time Audio/Video","94340188","568221","93771967"
"Free","Web","1751","1226","525"
"Dubizzle.com","Web","35059523","27130534","7928989"
"craigslist","Web","980","498","482"
"Internet Small Computer Systems Interface","Network Service","570","348","222"
"System Center Configuration Manager","Management","86083","46881","39202"
"Background Intelligent Transfer Service","File Sharing","152032834","13222089","138810745"
"Seznam.cz","Web","64316","3020","61296"
"Walla.co.il","Web","42789","4275","38514"
"Repubblica.it","Web","170225","4706","165519"
"Wp.pl","Web","96945","27523","69422"
"Ynet.co.il","Web","12866","937","11929"
"Zing.vn","Web","21225","2805","18420"
"Fox Business Network","Web","649639","66353","583286"
"News","Web","978190","38144","940046"
"Aparat","Web","1475445","35810","1439635"
"Yadro","Web","22173","8650","13523"
"Huffington Post","Web","7099899","265619","6834280"
"Almasryalyoum","Web","590050","25621","564429"
"OpenStreetMap","Infrastructure","254631","8914","245717"
"Videoplaza","Web","27934","3714","24220"
"Naver Blog","Web","1420","778","642"
"Plenty Of Fish","Web","1892436","1414910","477526"
"BoldChat Live Chat","Internet Instant Messaging","1562648","550534","1012114"
"Turner","Web","2237625","141718","2095907"
"zalo","Internet Instant Messaging","6673568","691305","5982263"
"battlenet","Gaming","34137","10802","23335"
"ASANA","Web","14383549","2546350","11837199"
"JAVA-RMI","Network Service","3772","2224","1548"
"Taobao Ad Network and Exchange","Web","114986","41012","73974"
"Cedexis","Web","7344869","1925230","5419639"
"Amazon Cloud Drive","Web","13701","2294","11407"
"Lazada","Web","1579418","43123","1536295"
"Gettyimages","Web","3328324","109165","3219159"
"Elfagr","Web","404231","14076","390155"
"Traffic Junky","Web","107723","3890","103833"
"quic","Network Service","108797608","2326546","106471062"
"Constant Contact","Web","181519","18183","163336"
"GitHub","Web","5937255","613034","5324221"
"Skynewsarabia","Web","5947285","189628","5757657"
"Atlassian","Web","1187823","733408","454415"
"Internet.org","Web","14352","5302","9050"
"Kakaocdn","Infrastructure","302640","9239","293401"
"Bizographics","Web","4817","1251","3566"
"Helpshift","Web","259695","70057","189638"
"Yallakora","Web","5189340","674700","4514640"
"GoogleBot","Web","887","554","333"
"Microsoft SpyNet (aka Microsoft Active Protection Service)","Web","13411","8210","5201"
"LogMeIn","Remote Desktop","42141","1850","40291"
"Heavy.com","Web","454959","17601","437358"
"MoPub","Web","1360329","863432","496897"
"Viaplay","Media","39875964","463079","39412885"
"Periscope","Media","137667329","1932258","135735071"
"Zopim","Web","1092705","245191","847514"
"Rollout","Web","1596237","435540","1160697"
"Microsoft Excel Online (Office 365)","Web","16579198","8942857","7636341"
"Riffsy (Tenor.co)","Web","213875","25357","188518"
"Tune","Web","33300","7366","25934"
"Bleacher Report","Web","16362214","304144","16058070"
"Elbotola","Web","1240134","44592","1195542"
"pCloud","Web","17542799","798955","16743844"
"Hola Web Proxy","Web","242116","45374","196742"
"Google Photos (formerly Google Picasa)","Web","133335420","92821915","40513505"
"Baidu Maps","Web","87472","10169","77303"
"Slack","Web","101578124","14987795","86590329"
"ICY (I Can Yell)","Media","158991362","2661431","156329931"
"MQ Telemetry Transport","Network Service","16595","9391","7204"
"Middle East Broadcasting Center (MBC Group)","Web","790256","401456","388800"
"Pokemon GO","Gaming","125411407","2489788","122921619"
"CDNetworks","Infrastructure","2125985","179736","1946249"
"Constrained Application Protocol","Network Service","5237","3806","1431"
"Qatarairways","Web","7060450","852927","6207523"
"Shutterstock","Web","98480","5554","92926"
"Clash of Clans","Gaming","18090383","1344666","16745717"
"Supercell","Gaming","1757589","341484","1416105"
"Amazon Music","Media","1688872","487746","1201126"
"Cheetah Mobile","Web","153694","30279","123415"
"Microsoft Word Online (Office 365)","Business Collaboration","48047942","2028473","46019469"
"Microsoft Powerpoint Online (Office 365)","Business Collaboration","95423718","43241226","52182492"
"OPC Unified Architecture","Web","1996","1108","888"
"Signal Private Messenger (Open Whisper Systems)","Internet Instant Messaging","2045841","1068804","977037"
"StreamRail","Media","137438","22058","115380"
"Vidyard","Web","460907","16378","444529"
"Nintendo","Gaming","18152995","3266720","14886275"
"OpenRTB","Web","588120","483019","105101"
"Dianping","Web","7403","1292","6111"
"Aerserv","Web","76419","25833","50586"
"Samsung Update","Web","1103578687","8964432","1094614255"
"Mail.Ru Love","Web","13211","5103","8108"
"ULP","Network Service","5509894","189623","5320271"
"Amazon Chime","Business Collaboration","9446","1985","7461"
"AnyDesk","Remote Desktop","443451","182822","260629"
"Savefrom","Web","509432","43726","465706"
"MaxCDN","Web","165254","20996","144258"
"Zhihu","Web","20555","3131","17424"
"Booking.com","Web","38311907","2601045","35710862"
"Walmart","Web","781101","585217","195884"
"Daily Pakistan","Web","4659","522","4137"
"Yandex Music","Real Time Audio/Video","6478","2155","4323"
"DocuSign","Web","2520426","193726","2326700"
"Automatic Data Processing (ADP)","Web","75552","17137","58415"
"Okta","Web","22311016","2161044","20149972"
"Kahoot!","Web","6474206","297408","6176798"
"Sportradar","Web","4200235","407339","3792896"
"Wall Street Journal","Web","899487","145105","754382"
"ChinaNetCenter ","Web","66280","27110","39170"
"Niantic, Inc","Web","133737","25741","107996"
"Meitu","Web","27187","7722","19465"
"Clash Royale","Gaming","32266955","1174262","31092693"
"Origin","Web","62336","14834","47502"
"shopee.tw","Web","331208","7353","323855"
"Electronic Arts","Web","22053085","2008612","20044473"
"Facebook Lite","Social Networking","15175465","1906943","13268522"
"streamRoot","Web","3309","444","2865"
"Demonware","Web","178022","68230","109792"
"Kakao","Web","43057","7611","35446"
"Digioh","Web","1426439","72726","1353713"
"UC Browser","Web","1619346","1470114","149232"
"Mediascope","Web","68181","13559","54622"
"Data Saver","Web","7601301","525844","7075457"
"Domain Name Service Crypt","Network Service","176619","73911","102708"
"Youtube Music","Media","840878","325508","515370"
"Appnext","Web","67042","29494","37548"
"Tenor","Web","26341088","1446588","24894500"
"Splunk Cloud","Storage and Backup","178634","75123","103511"
"Fortnite","Gaming","6425609","923109","5502500"
"Fox Networks","Web","212758","8717","204041"
"9GAG","File Sharing","30232581","928169","29304412"
"Text Me","Internet Instant Messaging","1836200","650833","1185367"
"AnchorFree","Tunneling and VPN","192129","53177","138952"
"Epic_games","Gaming","10826915","3119617","7707298"
"Unreal_engine","Gaming","46681085","12977319","33703766"
"Voxer","Internet Instant Messaging","15451","4149","11302"
"IBM","Web","837189","223252","613937"
"TunnelBear VPN","Tunneling and VPN","11395","1108","10287"
"Call of Duty","Gaming","2006712","911032","1095680"
"Microsoft AD Right Management Service","Business Application","286328","155736","130592"
"RingCentral","Business Collaboration","2296373","283756","2012617"
"Google News","Web","899134","69284","829850"
"Alibaba Group","Web","564509","88740","475769"
"CyberGhost","Tunneling and VPN","14566","1709","12857"
"League of Legends","Gaming","3625520","377509","3248011"
"CarbonBlack website","Web","13084432","11910647","1173785"
"Discourse","Web","82133","7435","74698"
"ExpressVPN","Tunneling and VPN","289409","5625","283784"
"Wish","Web","1968391","138004","1830387"
"Google Play Books","Web","1984347","219408","1764939"
"DICOM","Network Service","1174","736","438"
"Ted Conferences","Web","63531013","1239835","62291178"
"Target","Web","8615","2064","6551"
"iBooks","Web","7495227","509585","6985642"
"Fandom","Web","27590654","528440","27062214"
"OpenSignal","Web","639496","575359","64137"
"UDP Data Transfer protocol","File Sharing","2099541","46269","2053272"
"DAZN","Real Time Audio/Video","2670188","129348","2540840"
"PubNub","Web","3979455","1503746","2475709"
"Unknown virtual protocol","Unclassified","703489","16700","686789"
"Unknown virtual protocol","Unclassified","42965","5179","37786"
"Unknown virtual protocol","Unclassified","164027","26080","137947"
"Unknown virtual protocol","Unclassified","2063806","999940","1063866"
"NetEase","Web","634784","72155","562629"
"Unknown virtual protocol","Unclassified","41375","24085","17290"
"Unknown virtual protocol","Unclassified","30148965","27339412","2809553"
"Unknown virtual protocol","Unclassified","7371","1363","6008"
"Bumble","Web","26425585","1632597","24792988"
"Qwant","Web","1115835","49389","1066446"
"National Public Radio","Web","978613","33567","945046"
"Acast","Real Time Audio/Video","1355536","69637","1285899"
"Wireguard","Tunneling and VPN","5034839317","290212089","4744627228"
"Firework","Internet Instant Messaging","515874","79232","436642"
"Bigo","Web","729399","143334","586065"
"Kuwo","Real Time Audio/Video","75454","66640","8814"
"Engage Digital","Network Service","830679","23220","807459"
"Moji Weather","Web","2461","156","2305"
"Toutiao","Web","95218","12900","82318"
"Airbnb","Web","118293539","4349084","113944455"
"Netease Games","Gaming","37997","25416","12581"
"Wangwang","Internet Instant Messaging","759072","329877","429195"
"Workday","Business Application","1645030","107617","1537413"
"Uber Eats","Web","5374767","1581360","3793407"
"Fifa","Gaming","19580678","854303","18726375"
"Shahid","Real Time Audio/Video","39747302","1030733","38716569"
"Roblox","Gaming","1084938419","111062970","973875449"
"BridTV","Real Time Audio/Video","200864","7935","192929"
"Citrix","Web","114814","39961","74853"
"Microsoft Dynamics","Business Application","7207","1344","5863"
"Amber Weather","Web","7954","1832","6122"
"adRise","Real Time Audio/Video","1159565","164249","995316"
"Tubi TV","Real Time Audio/Video","2226031987","23309471","2202722516"
"Amazon Alexa Assistant","Business Collaboration","3102627","459476","2643151"
"Yubo","Internet Instant Messaging","9418245","722926","8695319"
"Zerotier","Tunneling and VPN","222684","115078","107606"
"Minute Media","Web","503455460","9204701","494250759"
"Xbox Cloud Gaming","Gaming","14660","4081","10579"
"Jitsi","Real Time Audio/Video","56239","5307","50932"
"Coursera","Web","60841","32989","27852"
"The Blaze","Web","1810990","23245","1787745"
"E! Online","Web","903860","50545","853315"
"Hotels.com","Web","312579","15681","296898"
"Official Major League Baseball","Web","169927","9179","160748"
"Priceline.com","Web","10745872","1178172","9567700"
"United Airlines","Web","197569","13088","184481"
"Nvidia","Web","269975","11984","257991"
"Geforce Now","Gaming","1078293","52681","1025612"
"Call of Duty Mobile","Gaming","503206","119228","383978"
"The Walt Disney Company","Web","105971","34438","71533"
"Wired","Web","163288473","1880406","161408067"
"Indiegogo","Web","532859","6057","526802"
"Kayak","Web","2042843","148262","1894581"
"Akatsuki Inc","Gaming","525571","5599","519972"
"Eventbrite","Web","3621460","67622","3553838"
"G-Core Labs","Web","7085","1782","5303"
"Wargaming","Web","126249","65146","61103"
