"Application","Category","Total Bytes","Bytes Received","Bytes Sent"
"Domain Name Service","Network Service","2869813808","1417022143","1452791665"
"Google Mail","Email","3348953751","433395933","2915557818"
"Google Search","Web","1742101085","279190586","1462910499"
"HyperText Transfer Protocol","Web","5834573474","662857179","5171716295"
"HyperText Transfer Protocol Secure","Web","26753754510","2550822395","24202932115"
"Internet Control Message Protocol","Network Service","4451942332","2699050739","1752891593"
"Internet Message Access Protocol version 4","Email","118747537","40642501","78105036"
"Internet Message Access Protocol Secure","Email","34411995","10770500","23641495"
"Internet Protocol","Network Service","0","0","0"
"Internet Security Association and Key Management Protocol","Tunneling and VPN","14850074717","4361194543","10488880174"
"XMPP Protocol (Jabber)","Business Collaboration","12183047","3732768","8450279"
"McAfee Client update","Business Application","118015468","11759855","106255613"
"Network Time Protocol","Network Service","2598313","1471083","1127230"
"Remote Desktop Protocol (Windows Terminal Server)","Remote Desktop","210617","114666","95951"
"Real Time Control Protocol","Business Collaboration","64800317","9747829","55052488"
"Real Time Protocol","Business Collaboration","2628980004","1279085680","1349894324"
"Session Initiation Protocol","Business Application","6427949","3858256","2569693"
"Skype and Teams","Business Collaboration","72033636","32312715","39720921"
"Simple Object Access Protocol","Network Service","1806451059","1084904915","721546144"
"Secure Shell","Tunneling and VPN","41100782","22209735","18891047"
"Secure Socket Layer","Tunneling and VPN","48470925791","6305858841","42165066950"
"Session Traversal Utilities for NAT","Business Collaboration","35465833","26131704","9334129"
"Transmission Control Protocol","Other TCP/UDP","7531578361","2648242097","4883336264"
"User Datagram Protocol","Other TCP/UDP","324993342307","27717265525","297276076782"
"Youtube.com","Media","50043189220","4130377815","45912811405"
"Facebook","Social Networking","129398385885","4813387925","124584997960"
"Google Ads","Web","2281942949","401168112","1880774837"
"Windows Live Hotmail","Email","241118569","37019149","204099420"
"WordPress.com","Social Networking","23232559","1895024","21337535"
"LinkedIn","Social Networking","971544105","104799333","866744772"
"Apple Generic Services","Web","21638046684","948918454","20689128230"
"Online Certificate Status Protocol","Business Application","38431877","18488027","19943850"
"Xbox Live","Gaming","11968437","1529280","10439157"
"Twitter","Social Networking","4471205822","285802834","4185402988"
"iTunes","Media","2134757803","280147022","1854610781"
"TeamViewer","Remote Desktop","469157207","286050942","183106265"
"Bing.com (formerly MSN Search)","Web","1250921229","295355621","955565608"
"Teredo protocol","Tunneling and VPN","655368485","70900542","584467943"
"Windows Update","Web","4042261930","243975236","3798286694"
"Chrome Update","Web","1087570589","40996321","1046574268"
"Viber","Real Time Audio/Video","28703461","5890375","22813086"
"Netflix.com","Media","51111622576","1184251739","49927370837"
"Google Analytics,Google Marketing Platform","Web","666203098","174766905","491436193"
"Google GStatic","Web","3398494287","281900329","3116593958"
"Google Generic","Web","2618588246","553857879","2064730367"
"AccuWeather","Web","7358397","1958344","5400053"
"Amazon Generic Services","Web","5916045999","1742428150","4173617849"
"Weather.com","Web","35473715","4696491","30777224"
"Xbox","Gaming","5465932","296503","5169429"
"WhatsApp Messenger","Internet Instant Messaging","62962728242","24454635543","38508092699"
"Apple App Store","Web","36813198060","1091062414","35722135646"
"Windows Marketplace","Web","1904104398","130062909","1774041489"
"Apple Push Notification Service","Web","784063036","512470042","271592994"
"iOS over-the-air (OTA) update","Web","26061408480","753810797","25307597683"
"Samsung Apps","Web","343316579","24519469","318797110"
"Google Play Store","Media","6472255188","1462837977","5009417211"
"iCloud (Apple)","Storage and Backup","9003728366","1781904159","7221824207"
"Instagram","Web","277072613778","10589788125","266482825653"
"SoundCloud","Media","868430241","56804216","811626025"
"Amazon Web Services/Cloudfront CDN","Infrastructure","41328874199","6616548736","34712325463"
"Amazon Prime Video","Media","125905295","7665657","118239638"
"Akamai Technologies CDN","Web","1789106371","44592030","1744514341"
"Microsoft Azure (previously Windows Azure)","Infrastructure","4529028488","115364235","4413664253"
"Yahoo.com","Web","1878136148","244675137","1633461011"
"MiTalk Messenger (Miliao)","Internet Instant Messaging","18132046","772069","17359977"
"CloudFlare CDN","Infrastructure","19703757702","759389592","18944368110"
"Microsoft Office 365","Business Collaboration","1919998379","161547430","1758450949"
"Zoho Corporation","Business Application","44167220","26326967","17840253"
"Microsoft SharePoint Online (Office 365)","Business Application","158387009","63320905","95066104"
"Pinterest","Web","708605685","76646162","631959523"
"Microsoft Outlook (Office 365)","Business Application","1878464762","582375221","1296089541"
"Reddit.com","Web","2324727368","172258819","2152468549"
"Apple SIRI","Web","154487218","96461770","58025448"
"Google Accounts","Web","1277981471","873413114","404568357"
"Amazon Ad System","Web","469749819","81094260","388655559"
"Snapchat","Social Networking","35941488710","2424325029","33517163681"
"ScorecardResearch","Web","78587633","18640293","59947340"
"Quantcast","Web","11741274","2750596","8990678"
"Bitstrips","Social Networking","391155130","29322083","361833047"
"Adobe","Business Application","3059701131","280644686","2779056445"
"Google Safe Browsing","Web","30132460","9824994","20307466"
"Inneractive","Web","164751707","97130695","67621012"
"Samsung","Web","254024935","100837162","153187773"
"BoldChat Live Chat","Internet Instant Messaging","7140398","2082958","5057440"
"Facebook Messenger","Internet Instant Messaging","5744876869","2019023443","3725853426"
"InMobi","Web","207853573","106093721","101759852"
"AppsFlyer","Business Application","90838764","34098762","56740002"
"FreeWheel","Web","811743","269231","542512"
"Xiaomi","Web","452426965","46495854","405931111"
"Stickyads","Web","14294793","5551713","8743080"
"Mixpanel","Web","20209970","14151875","6058095"
"Smart AdServer","Web","82049858","34320687","47729171"
"Google Cloud Storage","Web","16238518901","14933743236","1304775665"
"Google Cloud Messaging","Web","273418209","88267479","185150730"
"Apple Location","Web","5518113368","596980267","4921133101"
"AppNexus","Web","273975798","157788148","116187650"
"HyperText Transfer Protocol version 2","Web","9499459363","1563930617","7935528746"
"GitHub","Web","32410262","1528932","30881330"
"Google Tag Manager","Web","381084379","27796606","353287773"
"Facebook Embedded Video","Media","24993909773","371955397","24621954376"
"Adjust.com","Web","66445527","25825738","40619789"
"Scotiabank","Web","93352486","19385203","73967283"
"Outbrain","Web","82540048","23910747","58629301"
"Rogers TV","Web","128520031","12699780","115820251"
"Applovin","Web","676821467","207127859","469693608"
"Android connectivity Manager","Network Service","228889701","38499362","190390339"
"Moat","Web","154588559","36579860","118008699"
"Microsoft Office OneNote (Office 365)","Business Application","7278662","599564","6679098"
"Heap","Web","171194834","98753073","72441761"
"Branch Metrics","Web","194255771","35790319","158465452"
"Optimizely","Web","27453056","7954109","19498947"
"Taboola","Web","266869255","34748425","232120830"
"Ensighten","Web","13851641","2864005","10987636"
"Everest Technologies","Web","26473416","9711983","16761433"
"Microsoft OneDrive","Web","1497052979","240614862","1256438117"
"Microsoft","Web","3401133679","831734014","2569399665"
"New Relic","Web","164423388","97070038","67353350"
"Uber (formerly UberCab)","Web","1736329539","1190260297","546069242"
"Bazaarvoice","Web","13818849","2018340","11800509"
"Clicktale","Web","19863321","13421348","6441973"
"ZoomMeetings","Business Collaboration","4149599687","1122532109","3027067578"
"Pokemon GO","Gaming","471953259","34194084","437759175"
"HyperText Transfer Protocol proxy","Network Service","709784112","96842187","612941925"
"Firebase Cloud Messaging","Web","995873504","577388541","418484963"
"Signal Private Messenger (Open Whisper Systems)","Internet Instant Messaging","2525091","877757","1647334"
"Bugsnag","Web","9177834","5241674","3936160"
"AdColony","Web","32873520","13213198","19660322"
"AnyDesk","Remote Desktop","76069577","70684268","5385309"
"DoubleVerify","Web","83312914","17918403","65394511"
"Avast","Web","125149778","5722055","119427723"
"Amplitude","Web","706887066","659442384","47444682"
"Google Cloud Platform","Web","77383501","13651340","63732161"
"Microsoft teams","Internet Instant Messaging","3026172733","926815957","2099356776"
"Tenor","Web","141163626","9749016","131414610"
"Cisco","Web","76292984","22239742","54053242"
"IronSource","Business Application","280981806","27099348","253882458"
"Grammarly","Web","91200646","40853715","50346931"
"Simpli.fi","Web","2889545","825975","2063570"
"ByteDance","Web","1479889106","128220427","1351668679"
"TikTok (Musical.ly)","Social Networking","159079797231","6789798798","152289998433"
"Apple News","Web","556723821","32109449","524614372"
"Vungle","Web","435669599","24764537","410905062"
"Google APIs","Web","10777940641","4071609755","6706330886"
"PubNub","Web","1940957","761861","1179096"
"Amazon Cognito","Web","35311846","12053993","23257853"
"Unknown virtual protocol","Unclassified","9954265657","351181441","9603084216"
"Unknown virtual protocol","Unclassified","265849460","60558855","205290605"
"Airbnb","Web","59583475","4434081","55149394"
"DoorDash","Web","40469948","3570435","36899513"
"KOCHAVA","Web","2351939","716445","1635494"
"Contentful","Web","1202864286","593376105","609488181"
"Digicert","Web","24101024","7770429","16330595"
"Font Awesome","Web","23574608","2548643","21025965"
"Intercom","Web","487945555","208979050","278966505"
"SD-WAN Control","SD-WAN","39722567955","22932316604","16790251351"
"SD-WAN Management","SD-WAN","4173987229","1820850765","2353136464"
"TencentMeeting","Business Collaboration","166011124","44182045","121829079"
"Advance Message Queuing Protocol","Network Service","3801","2136","1665"
"eBay.com","Web","25747472","2482779","23264693"
"Google Maps","Web","387509834","30982684","356527150"
"Lighweight Directory Access Protocol","Authentication","19902","12204","7698"
"QQ","Internet Instant Messaging","1180359","662053","518306"
"Server Message Block (Windows File Server)","File Sharing","37112","25826","11286"
"Tabular Data Stream","Business Application","6773","4226","2547"
"Wikipedia.com","Web","676306417","89146007","587160410"
"X Window System","Business Application","13198","8542","4656"
"Yahoo Search","Web","4029137","454087","3575050"
"Yahoo Mail v.2.0","Email","190396247","45384553","145011694"
"Secure AIM","Internet Instant Messaging","875316","190566","684750"
"Flickr","Social Networking","607179","42224","564955"
"Mail.ru Webmail","Email","146776","58783","87993"
"Tumblr","Social Networking","635108","71425","563683"
"Yandex.ru","Web","63651473","5191391","58460082"
"Spotify","Media","4879418906","235431923","4643986983"
"Baidu.com","Web","4811784","572092","4239692"
"Opera Update","Web","2028137","688778","1339359"
"Dropbox","Storage and Backup","377256735","111661069","265595666"
"Salesforce","Business Application","45657457","9649399","36008058"
"Portal.TidalTV.com","Web","886248","266572","619676"
"SiriusXm.com","Media","25394","6366","19028"
"Internet Inter-ORB Protocol","Network Service","5712","3672","2040"
"Netware Core Protocol","Management","7905","4914","2991"
"Alexa","Web","294059","15771","278288"
"Daum.net","Web","250255","34225","216030"
"Mozilla.com - Mozilla.org","Web","924486563","81630631","842855932"
"Vimeo","Web","6299028753","193819599","6105209154"
"Taobao","Web","114682783","29699171","84983612"
"Apple FaceTime","Real Time Audio/Video","15844396981","7709987403","8134409578"
"QQ.com","Web","16193365","1684812","14508553"
"Alibaba.com","Web","131815202","6682596","125132606"
"Rakuten.co.jp","Web","912565","192688","719877"
"Tencent.com","Internet Instant Messaging","576131","255065","321066"
"Google Talk (incl. Hangouts and Allo and Duo)","Real Time Audio/Video","792733584","370938351","421795233"
"Apple Maps","Web","8879842","567663","8312179"
"WebSocket","Network Service","2259","1438","821"
"Saavn Bollywood Music","Media","409080","32229","376851"
"Bitcoin client","Peer to Peer","3579","2136","1443"
"Paypal.com","Web","303548183","47677077","255871106"
"AliExpress.com","Web","64433072","3052199","61380873"
"Aol","Web","787003","210298","576705"
"Turn","Web","3776888","1126082","2650806"
"Telegram","Internet Instant Messaging","3244070201","100140531","3143929670"
"King Digital Entertainment","Gaming","2416558","436404","1980154"
"Symantec","Web","19636971","2741851","16895120"
"Oracle","Web","7197693","2289482","4908211"
"TRUSTe","Web","25807584","2108837","23698747"
"Criteo","Web","150960384","28488826","122471558"
"Flurry","Business Application","39760655","12467124","27293531"
"Crashlytics","Web","149943300","14905855","135037445"
"Brightcove","Media","123409442","2730074","120679368"
"Gravatar","Business Collaboration","2019312","466307","1553005"
"Nielsen","Web","8097192","2223646","5873546"
"JAVA-RMI","Network Service","7505","4736","2769"
"Cedexis","Web","19953313","6479142","13474171"
"Flipboard","Web","10819532","1720102","9099430"
"OpenX","Web","10322483","4143497","6178986"
"PubMatic","Web","98403655","53799903","44603752"
"Index Exchange (previously Casale Media)","Web","41929020","17853578","24075442"
"LOTAME","Web","7371396","1701789","5669607"
"Rubicon Project","Web","116660222","46360609","70299613"
"CPMSTAR","Web","242675","61367","181308"
"ADTECH","Web","573575","70819","502756"
"Sizmek (previously MediaMind)","Web","56429556","2119566","54309990"
"Rlcdn","Web","9365695","2281348","7084347"
"Advertising.com","Web","1666508","502494","1164014"
"Ad Safe Protected","Web","93001177","15971614","77029563"
"Atlas Solutions","Web","282038","75756","206282"
"Urbanairship","Web","13072890","4385942","8686948"
"BootstrapCDN","Web","6007072","636434","5370638"
"Apple Music","Media","1979965248","78177839","1901787409"
"Unruly","Web","4723112","2185220","2537892"
"UpLynk","Web","4269048187","87648025","4181400162"
"Localytics","Web","5657929","1357141","4300788"
"MoPub","Web","1281350","477703","803647"
"Krux","Web","10323245","1365601","8957644"
"Liveperson","Web","17182633","1894128","15288505"
"Mapbox","Web","10039104","901283","9137821"
"Rackspace","Web","1751512699","171817220","1579695479"
"Signal","Web","2238761","184975","2053786"
"Riffsy (Tenor.co)","Web","8800604","2487890","6312714"
"Tune","Web","350422","103919","246503"
"Smaato","Web","74300144","16054194","58245950"
"Braintree","Web","1261612","372577","889035"
"Verizon","Web","52227252","38292093","13935159"
"MediaMath","Web","5969116","2345900","3623216"
"jQuery","Web","23949097","2025250","21923847"
"SpotXchange","Web","2968846","1061820","1907026"
"Umeng","Web","581899","277307","304592"
"QQVideo","Web","625943","123133","502810"
"Younow","Web","91811659","45798306","46013353"
"Conversant","Web","3899199","1418186","2481013"
"Teads","Web","23630011","5473200","18156811"
"Adform","Web","22374199","10405291","11968908"
"hotjar","Web","49027038","26866774","22160264"
"Innovid","Web","164130541","13235190","150895351"
"GIPHY","Web","390205303","14535023","375670280"
"Heroku","Web","1011936","293682","718254"
"Bidswitch","Web","18672301","8335997","10336304"
"OPC Unified Architecture","Web","3813","2148","1665"
"Apple Game Center","Gaming","13191854","3127099","10064755"
"ADventori","Web","194264","54957","139307"
"Sharethrough","Web","34682593","11890860","22791733"
"Yieldmo","Web","9826230","2527370","7298860"
"MGID","Web","6158456","456622","5701834"
"Media Innovation Group","Web","2043751","652578","1391173"
"Okta","Web","150866493","27719188","123147305"
"PulsePoint","Web","4902471","1588884","3313587"
"eXelate","Web","1611620","540213","1071407"
"Sonobi","Web","16136710","6062454","10074256"
"Optus","Web","692583","57458","635125"
"Google Secure User Plane Location","Web","3151196","701291","2449905"
"UC Browser","Web","6582929","4225110","2357819"
"x_vpn","Tunneling and VPN","1435126441","244113348","1191013093"
"Akamai Video","Media","166606616","5943921","160662695"
"AnchorFree","Tunneling and VPN","3786698","2870649","916049"
"Disqus","Web","23836739","2275294","21561445"
"Alibaba Cloud","Web","93167869","6360466","86807403"
"Discord","Internet Instant Messaging","4125857758","371005605","3754852153"
"Wish","Web","7440505","438415","7002090"
"Unknown virtual protocol","Unclassified","1081531","203762","877769"
"Unknown virtual protocol","Unclassified","170187049","92523099","77663950"
"Google Pay","Web","14561801","3991918","10569883"
"Firework","Internet Instant Messaging","5341297","367103","4974194"
"Google Messages","Internet Instant Messaging","53126388","23296972","29829416"
"JWPLAYER","Web","165677259","11915723","153761536"
"Quora","Social Networking","25169991","2896678","22273313"
"Wangwang","Internet Instant Messaging","1067961","635531","432430"
"Workday","Business Application","45879871","2164261","43715610"
"Shopify","Web","174577388","4835556","169741832"
"Sift Science","Web","1613488","534597","1078891"
"Amazon Alexa Assistant","Business Collaboration","7101564","2905843","4195721"
"Spotify Audio","Real Time Audio/Video","1410177014","27381930","1382795084"
"Connatix","Real Time Audio/Video","44001191","2552202","41448989"
"UserReport","Web","206114","53474","152640"
"Pendo","Web","44352010","11212284","33139726"
"Go Daddy","Web","7712681","519214","7193467"
"Indeed","Web","264302471","83963045","180339426"
"Geforce Now","Gaming","154343","38005","116338"
"Datadog","Web","1027014","803670","223344"
"BitTorrent","Peer to Peer","36838","26008","10830"
"Connection Oriented Transfer Protocol","Network Service","2722","2056","666"
"Dailymotion.com","Media","1332849777","40086394","1292763383"
"File Transfer Protocol","File Sharing","307367463","57355392","250012071"
"Google Groups","Social Networking","9325","1581","7744"
"GPRS Tunneling Protocol","Tunneling and VPN","18554155","4739638","13814517"
"Independant Computing Architecture (Citrix)","Remote Desktop","5860","3418","2442"
"IPsec (AH and ESP)","Tunneling and VPN","700237301","106249228","593988073"
"HP Printer Job Language","Business Application","35256","17199","18057"
"Kerberos","Authentication","8720","6062","2658"
"Layer 2 Tunneling Protocol","Tunneling and VPN","19066573","3129450","15937123"
"Netbios Name Service","Network Service","51046","51046","0"
"Network News Transport Protocol","Network Service","1804","1022","782"
"PalTalk","Internet Instant Messaging","16389605","1803797","14585808"
"Post Office Protocol (Version 3)","Email","1953","1179","774"
"Secure POP3","Email","29267","5881","23386"
"Port Mapper","Network Service","9661","6576","3085"
"Point-to-Point Tunneling Protocol","Tunneling and VPN","1268","680","588"
"Remote Authentication Dial-In User Service","Authentication","1565401","69239","1496162"
"Real Time Streaming Protocol","Media","11212","7412","3800"
"Simple Mail Transfer Protocol","Email","1862326","1183926","678400"
"Simple Network Management Protocol","Management","41144","41144","0"
"SOCKet Secure v4","Tunneling and VPN","21361","14596","6765"
"Transparent Network Service (Oracle)","Business Application","1853","1298","555"
"Simple Network Paging Protocol","Network Service","2344","886","1458"
"4shared.com","Web","146481","33756","112725"
"Gmail Mobile","Email","103447","50685","52762"
"Ask.com","Web","175608","17749","157859"
"Tagged.com","Social Networking","613640","221821","391819"
"Expedia.fr","Web","1795253","840318","954935"
"Travelocity.com","Web","50043","10411","39632"
"Realtor.com","Web","86879","19768","67111"
"Deezer","Web","7628269","109364","7518905"
"Steampowered.com","Gaming","13499161","1773489","11725672"
"Badoo.com","Internet Instant Messaging","49884676","4999114","44885562"
"Flixster.com","Web","607730","23576","584154"
"Foursquare.com","Web","4954453","1854075","3100378"
"Goodreads.com","Web","48985","8155","40830"
"Last.fm","Media","103082","4752","98330"
"LibraryThing.com","Web","1242687","80632","1162055"
"LiveJournal.com","Social Networking","49817","7535","42282"
"ResearchGATE.net","Web","868680","46958","821722"
"Vk.com (Vkontakte)","Social Networking","58511","16322","42189"
"Yelp.com","Web","6790982","393747","6397235"
"Yandex webmail","Email","54486","19740","34746"
"Adobe Update Manager","Web","346266549","4762026","341504523"
"Adobe Flash Plugin Update","Web","197473","34446","163027"
"Firefox Update","Web","43025523","1473027","41552496"
"Java Update","Web","242914","18192","224722"
"Apple Update","Web","24969203","934006","24035197"
"Archive.org","Web","70750793","2611829","68138964"
"BitDefender Update","Web","5012243","1867833","3144410"
"Symantec Norton AntiVirus Updates","Web","46523152","1054676","45468476"
"Playstation Network","Gaming","2835123","433481","2401642"
"Avira Update","Web","16501","4098","12403"
"BBC Player","Media","38412186","613061","37799125"
"Box","File Sharing","1679810","331333","1348477"
"Google Translate","Web","20473180","13067575","7405605"
"MediaFire.com","File Sharing","37029","16330","20699"
"Psiphon","Web","604431","77498","526933"
"YouKu","Media","4306580","3864554","442026"
"Zoho CRM","Business Application","9815","1768","8047"
"GoToMeeting Online Meeting","Business Collaboration","4907912","195020","4712892"
"WebEx","Business Collaboration","242639085","120179861","122459224"
"Slingbox","Media","461783","39431","422352"
"Bloomberg.com","Web","6739211","1311857","5427354"
"GoToMyPC Remote Access","Remote Desktop","3586","458","3128"
"Tor","Anonymizers and Proxies","8667648","801909","7865739"
"BlackBerry.com","Web","36146","11798","24348"
"Acer","Web","33593650","331500","33262150"
"Adobe Acrobat DC (Document Cloud)","Web","39815833","1254535","38561298"
"AmericanExpress","Web","21369300","7974763","13394537"
"ATT.com (AT&T)","Web","9845","3067","6778"
"Blogger","Web","532001539","79554344","452447195"
"Capital One","Web","3738324","514052","3224272"
"CNN (Cable News Network)","Web","11742576","1078964","10663612"
"Comcast","Web","868667","526839","341828"
"Daily Mail","Web","7652104","376806","7275298"
"Fox News","Web","271291","11571","259720"
"IKEA.com","Web","18119614","4327375","13792239"
"Intuit.com","Business Application","2597421","1014250","1583171"
"Kaspersky.com","Web","378132","181755","196377"
"Mashable.com","Web","77850","10385","67465"
"Monster.com","Web","325598","79390","246208"
"NASA.gov","Web","4037","1060","2977"
"NationalGeographic.com","Web","4221572","65162","4156410"
"Naver Corporation (formerly NHN Corporation)","Web","157518070","2351149","155166921"
"NBA.com","Web","20697608","718456","19979152"
"National Football League (NFL.com)","Web","25699487","924245","24775242"
"Nike.com","Web","49569561","6928330","42641231"
"NYTimes.com","Web","15048877","512560","14536317"
"PlayStation.com","Web","45350248","4289897","41060351"
"Sky","Web","199369","29084","170285"
"SurveyMonkey.com","Web","76303","13816","62487"
"WashingtonPost.com","Web","2966686","133271","2833415"
"Xvideos.com","Media","146372","40036","106336"
"Youdao.com","Web","98737","85414","13323"
"OICQ","Internet Instant Messaging","6748","3178","3570"
"Sophos update","Business Application","68039","20941","47098"
"Sina Weibo","Web","24074","4854","19220"
"Google App Engine","Business Application","2143940","634091","1509849"
"Line","Internet Instant Messaging","111803","26931","84872"
"Google Plus","Web","9449","1706","7743"
"Scribd.com","Web","98942","19627","79315"
"Hulu","Media","56058","9580","46478"
"Shazam","Web","2721368","298293","2423075"
"TuneIn","Real Time Audio/Video","2787153","273189","2513964"
"Nexon.com","Web","52869","16883","35986"
"163.com","Web","41323","16181","25142"
"Sohu.com","Web","34427","7112","27315"
"Ifeng.com","Web","16191","5229","10962"
"Alipay","Web","324605","155451","169154"
"Sogou.com","Web","34468","7435","27033"
"360.cn","Web","9761","5897","3864"
"Limelight Networks CDN","Web","1463007387","45484624","1417522763"
"Datagram Transport Layer Security","Tunneling and VPN","1428328359","427683035","1000645324"
"ISO Base Media File Format","Real Time Audio/Video","15098321","371949","14726372"
"KIK Messenger","Internet Instant Messaging","582569","281522","301047"
"WeChat","Internet Instant Messaging","340774429","10605231","330169198"
"MEGA","Peer to Peer","2213","1304","909"
"Ctrip.com","Web","48015","3488","44527"
"QQ Games","Gaming","498739","305698","193041"
"Nokia Here API","Web","616258","69999","546259"
"MeetMe.com","Social Networking","12699893","974366","11725527"
"Speedtest","File Sharing","41675617","4955272","36720345"
"ESPN.go.com","Web","6691726","1994277","4697449"
"Internet Movie Database","Web","2212352","187715","2024637"
"Imgur.com","Storage and Backup","19739053","1037356","18701697"
"Google Documents (aka Google Drive)","Storage and Backup","215670001","72250632","143419369"
"Evernote","Web","6746","2843","3903"
"Bet365.com","Web","3152478","361598","2790880"
"Issuu.com","Web","336219","35478","300741"
"LastPass.com","Web","161322","41772","119550"
"touch","Internet Instant Messaging","1663","557","1106"
"BBC","Web","19336496","1423310","17913186"
"ESPNCricinfo.com","Web","1784344","137939","1646405"
"Goal.com","Web","3437","1924","1513"
"Free","Web","1850","1214","636"
"craigslist","Web","10304540","473505","9831035"
"Globo.com","Web","4583","1469","3114"
"Indiatimes","Web","10204394","864849","9339545"
"Kijiji.ca","Web","731687291","26982298","704704993"
"Internet Small Computer Systems Interface","Network Service","1959","1068","891"
"Background Intelligent Transfer Service","File Sharing","78377716","7910323","70467393"
"Seznam.cz","Web","418993","48942","370051"
"Hotspot Shield","Tunneling and VPN","754769","96502","658267"
"Conviva","Infrastructure","3267936","1814664","1453272"
"Clarin.com","Web","22088","8904","13184"
"Rt.com","Web","920616","47208","873408"
"Wp.pl","Web","48851","12849","36002"
"News","Web","2642479","153285","2489194"
"Gameloft Games","Gaming","3853079","753112","3099967"
"AddThis","Web","23104941","2122064","20982877"
"Yadro","Web","67281","27792","39489"
"uTorrent","Peer to Peer","76018","47566","28452"
"Rovio Entertainment","Gaming","20325889","2022457","18303432"
"Candy Crush Saga","Gaming","15658866","6767879","8890987"
"Waze Social GPS Maps & Traffic","Web","73692176","6541909","67150267"
"OpenStreetMap","Infrastructure","1816072","79079","1736993"
"Videoplaza","Web","49392","12483","36909"
"Zendesk","Business Collaboration","48247860","5717848","42530012"
"Plenty Of Fish","Web","266685705","118662689","148023016"
"Twitch","Media","3014763353","147094920","2867668433"
"Turner","Web","829138","41262","787876"
"zalo","Internet Instant Messaging","35473755","19969263","15504492"
"AAJTAK","Web","4263461","390008","3873453"
"ASANA","Web","2621862","507455","2114407"
"Lazada","Web","4907722","326453","4581269"
"Gettyimages","Web","47748","3283","44465"
"Google Calendar","Web","56725937","14930066","41795871"
"Traffic Junky","Web","6217","2148","4069"
"I2P Invisible Internet Project","Tunneling and VPN","249947","130702","119245"
"AOL One","Web","3246955","325590","2921365"
"Realestate","Web","347497","84654","262843"
"Atlassian","Web","435331","224813","210518"
"Pastebin","Web","16030","5424","10606"
"Internet.org","Web","93827","20480","73347"
"My.com","Web","240434","127660","112774"
"Bizographics","Web","23084","6222","16862"
"Aptoide","Web","768787","30866","737921"
"Helpshift","Web","1210669","371363","839306"
"Splunk","Web","2926062","771531","2154531"
"CBS Video","Web","88784","9671","79113"
"LogMeIn","Remote Desktop","244526","95068","149458"
"Fastly","Web","2088564","288035","1800529"
"Disney Channel","Web","1964534","156554","1807980"
"NBC","Web","5469255","437073","5032182"
"Periscope","Media","137536111","3683623","133852488"
"Microsoft Sway (Office 365)","Business Application","4430903","244423","4186480"
"Olark","Web","2859241","270257","2588984"
"Zopim","Web","4029221","965051","3064170"
"Rollout","Web","290010","120579","169431"
"Microsoft Excel Online (Office 365)","Web","97491771","61608536","35883235"
"LiveChat","Web","12256471","1213773","11042698"
"LKQD","Web","241248","83025","158223"
"Lookout Mobile Security","Business Application","84364","12830","71534"
"TubeMogul","Web","505163","119355","385808"
"Bleacher Report","Web","15371323","620835","14750488"
"Google Web Light","Web","223916","19972","203944"
"Kaieteur News Online","Web","350834","20361","330473"
"Revcontent","Web","5342730","1220899","4121831"
"funCaptcha","Web","571076","33855","537221"
"MobFox","Web","1908","1358","550"
"Yandex Maps","Web","8738","2627","6111"
"Google Photos (formerly Google Picasa)","Web","77637459","32272063","45365396"
"Liftoff","Web","2890225","1028270","1861955"
"Baidu Maps","Web","177607","54927","122680"
"Slack","Web","236592238","9683651","226908587"
"ICY (I Can Yell)","Media","97360673","5021581","92339092"
"MQ Telemetry Transport","Network Service","51090","23536","27554"
"Adk2","Web","24069","4462","19607"
"CDNetworks","Infrastructure","32973810","1587089","31386721"
"Weborama","Web","98694","24249","74445"
"Constrained Application Protocol","Network Service","3791","2576","1215"
"Highwinds","Web","13737592","203774","13533818"
"StackExchange","Web","688675","29654","659021"
"Wix","Web","73245876","13093047","60152829"
"Tinder","Web","174886715","8211198","166675517"
"Qatarairways","Web","148538","14060","134478"
"Shutterstock","Web","318897","6441","312456"
"IMO Video Calling Application","Media","4155745","1802418","2353327"
"Clash of Clans","Gaming","108290230","3310690","104979540"
"Supercell","Gaming","100975024","2151682","98823342"
"Amazon Music","Media","298226100","7710057","290516043"
"Facebook Live","Media","145946013","142910413","3035600"
"Cheetah Mobile","Web","64661","22340","42321"
"Microsoft Word Online (Office 365)","Business Collaboration","15040383","4902387","10137996"
"Microsoft Powerpoint Online (Office 365)","Business Collaboration","6207","669","5538"
"StreamRail","Media","81553","13867","67686"
"Vidyard","Web","53522729","1341610","52181119"
"Nintendo","Gaming","189225","24064","165161"
"State Bank of India (SBI)","Web","7570","1780","5790"
"Daraz","Web","128445","17576","110869"
"OpenRTB","Web","9684009","7071770","2612239"
"Tealium","Web","9024410","2066827","6957583"
"Audible","Real Time Audio/Video","20506","5529","14977"
"Flashtalking","Web","24660467","1838335","22822132"
"Google Classroom","Web","321703","87026","234677"
"Samsung Update","Web","8335915348","456995889","7878919459"
"Huawei","Web","74737139","4762629","69974510"
"ULP","Network Service","2830828","325762","2505066"
"Livescore","Web","973251","95807","877444"
"MaxCDN","Web","58060","12722","45338"
"Booking.com","Web","122800990","10191830","112609160"
"Walmart","Web","7670679","5732510","1938169"
"DocuSign","Web","115676666","27720957","87955709"
"Automatic Data Processing (ADP)","Web","21384518","1830615","19553903"
"WeTransfer","Web","11799367","858928","10940439"
"Microsoft Power BI (Office 365)","Web","20500","1639","18861"
"Autodesk Fusion 360","Tunneling and VPN","7108672","3536538","3572134"
"Cloudinary","Web","99132543","2551999","96580544"
"Gfycat","Web","5968698","109208","5859490"
"T-Mobile","Web","294620","26025","268595"
"Citrix Cloud","Web","11572","1989","9583"
"Kahoot!","Web","10428","1791","8637"
"Sportradar","Web","1023642","132848","890794"
"Wall Street Journal","Web","251302","14340","236962"
"ChinaNetCenter ","Web","4374","1954","2420"
"Niantic, Inc","Web","2540026","448443","2091583"
"Meitu","Web","6665700","515168","6150532"
"Snow","Internet Instant Messaging","41984416","5955800","36028616"
"Clash Royale","Gaming","8878680","503887","8374793"
"Canvas Student","Web","20317880","720172","19597708"
"Instructure","Web","2670124","853115","1817009"
"Workplace By Facebook","Social Networking","476611","252686","223925"
"Electronic Arts","Web","1752261","762138","990123"
"Facebook Lite","Social Networking","2517336","552281","1965055"
"Digioh","Web","1685813","121629","1564184"
"Apptimize","Web","64539","23057","41482"
"Mediascope","Web","214471","61415","153056"
"Data Saver","Web","15923325","1797324","14126001"
"Domain Name Service Crypt","Network Service","3753333","1725392","2027941"
"Adtelligent","Web","1002337","363343","638994"
"Opera turbo","Network Service","447678","114612","333066"
"Youtube Music","Media","1679757","388456","1291301"
"Appnext","Web","538244","160123","378121"
"Splunk Cloud","Storage and Backup","2242054","704933","1537121"
"Fox Networks","Web","179377","4603","174774"
"Text Me","Internet Instant Messaging","3418602","1436754","1981848"
"textPlus","Internet Instant Messaging","425033","157378","267655"
"Epic_games","Gaming","10131085","1131663","8999422"
"Unreal_engine","Gaming","18256283","7025838","11230445"
"Line2","Internet Instant Messaging","25977","6405","19572"
"Vonage Mobile","Media","14788","9016","5772"
"IBM","Web","238355","32064","206291"
"Spring Tech VPN","Tunneling and VPN","55923836","3643077","52280759"
"Ubisoft","Gaming","13900","2652","11248"
"Microsoft AD Right Management Service","Business Application","33401","15404","17997"
"RingCentral","Business Collaboration","250316","11669","238647"
"Google News","Web","147559","25833","121726"
"PlayerUnknown's BattleGrounds","Gaming","20431426","1430159","19001267"
"Visual IQ","Web","302092","89195","212897"
"Alibaba Group","Web","1261176","287960","973216"
"Moonton","Gaming","52541","37185","15356"
"Mobile Legends","Gaming","101584771","4769116","96815655"
"ExpressVPN","Tunneling and VPN","212168","82171","129997"
"Future_plc","Web","176773","3098","173675"
"Inskin","Web","19798","6574","13224"
"Monday.com","Web","62389","21706","40683"
"Google Play Books","Web","181915","21473","160442"
"DICOM","Network Service","2058","1076","982"
"ProtonMail","Email","1563374","453845","1109529"
"MAkeMyTrip","Web","8645598","1562194","7083404"
"Warner Bros. Interactive Entertainment","Gaming","3267499","216219","3051280"
"AWS Console","Business Application","279864","180948","98916"
"Prezi","Web","28303","7965","20338"
"WorkspaceOne","Web","277515","116817","160698"
"iBooks","Web","2733412","410284","2323128"
"Fandom","Web","1919394","116985","1802409"
"Tesla","Web","1268094","342194","925900"
"Google GSuite","Web","10526015","3501927","7024088"
"W3Schools","Web","610053","50616","559437"
"Didi","Web","10570","2802","7768"
"OpenSignal","Web","1477670","40927","1436743"
"UDP Data Transfer protocol","File Sharing","230590","129284","101306"
"TripAdvisor","Web","57476319","7730049","49746270"
"Moodle","Social Networking","11404340","862481","10541859"
"Crypto browser","Web","257477","16295","241182"
"Unknown virtual protocol","Unclassified","433168","200706","232462"
"Gaana","Real Time Audio/Video","8210206","232659","7977547"
"Unknown virtual protocol","Unclassified","8253450","566043","7687407"
"Unknown virtual protocol","Unclassified","2302465","219719","2082746"
"NetEase","Web","448571","24578","423993"
"Unknown virtual protocol","Unclassified","19735","11050","8685"
"Unknown virtual protocol","Unclassified","18246","4657","13589"
"Unknown virtual protocol","Unclassified","153690","25924","127766"
"Unknown virtual protocol","Unclassified","79861363","70630937","9230426"
"Unknown virtual protocol","Unclassified","58840788","2249323","56591465"
"Discovery Inc","Real Time Audio/Video","220851","16377","204474"
"Eurosport","Web","1736517","86675","1649842"
"Bumble","Web","65944758","6923272","59021486"
"Qwant","Web","62624","4952","57672"
"National Public Radio","Web","2472","861","1611"
"Acast","Real Time Audio/Video","402378","32288","370090"
"Raknet","Gaming","3543059","1303814","2239245"
"Wireguard","Tunneling and VPN","7253699","1624357","5629342"
"Bigo","Web","1050621786","44508759","1006113027"
"BAMTech","Real Time Audio/Video","51327016","31319273","20007743"
"Disney Plus","Real Time Audio/Video","10130408737","505712404","9624696333"
"Toutiao","Web","15867","2306","13561"
"Tuchong","Web","1083313","958463","124850"
"Activision-Blizzard","Web","1045284","19460","1025824"
"Rockstar Games","Gaming","116207","33014","83193"
"MediaLab","Web","2240149","978075","1262074"
"Code42","Web","4979332019","4747291538","232040481"
"Service Now","Web","4906891","442575","4464316"
"StackPath","Web","2756161","109132","2647029"
"Uber Eats","Web","1629972","539212","1090760"
"Fifa","Gaming","10084879","1103790","8981089"
"Houseparty","Real Time Audio/Video","191352","36660","154692"
"Roblox","Gaming","2534941704","324487425","2210454279"
"Likee","Internet Instant Messaging","353254941","20374088","332880853"
"Acronis Cloud","Web","17202","5326","11876"
"Acronis Backup","File Sharing","46449259","1087998","45361261"
"Citrix","Web","208507","70346","138161"
"Microsoft Dynamics","Business Application","61609","12444","49165"
"Digital Turbine","Web","970551824","39638619","930913205"
"Pluto TV","Real Time Audio/Video","169749609","7569598","162180011"
"Amber Weather","Web","21726","4047","17679"
"adRise","Real Time Audio/Video","465666","78868","386798"
"Tubi TV","Real Time Audio/Video","107129586","5013983","102115603"
"Demandbase","Web","682616","100700","581916"
"Yubo","Internet Instant Messaging","14919255","847701","14071554"
"Minute Media","Web","11446057","470717","10975340"
" Revolut","Web","293197","57612","235585"
"Jitsi","Real Time Audio/Video","106362","26906","79456"
"Coursera","Web","2052","1743","309"
"The Blaze","Web","2425358","122038","2303320"
"E! Online","Web","126384","12727","113657"
"Hotels.com","Web","68147","13407","54740"
"NHL.com","Web","18643597","707651","17935946"
"Priceline.com","Web","14702792","3038951","11663841"
"Rotten Tomattoes","Web","1334223","77058","1257165"
"BambooHR","Web","23971","2620","21351"
"The Daily Beast","Web","3049116","259957","2789159"
"OnlyFans","Web","232281","123197","109084"
"Nvidia","Web","23554","8853","14701"
"Call of Duty Mobile","Gaming","889010850","87311605","801699245"
"The Walt Disney Company","Web","348857","102777","246080"
"Wired","Web","91131730","1159862","89971868"
"Kickstarter","Web","5549188","194623","5354565"
"FedEx","Web","1199173","237536","961637"
"Kayak","Web","17733157","1039912","16693245"
"Eventbrite","Web","1883538","206093","1677445"
"WarnerMedia","Web","74859","20274","54585"
"Bilibili","Web","108723174","3588122","105135052"
"vmware_horizon","Network Service","1999403","514579","1484824"
"Unknown virtual protocol","Unclassified","16149","6833","9316"
"h323","Real Time Audio/Video","3777","1233","2544"
"ShoreTel","Business Collaboration","655770","300503","355267"
"ZoomPhone","Business Collaboration","72728","30522","42206"
