"Application","Category","Total Bytes","Bytes Received","Bytes Sent"
"Domain Name Service","Network Service","1688547807","848144987","840402820"
"Google Mail","Email","746642089","117887119","628754970"
"Google Search","Web","509456669","106908451","402548218"
"HyperText Transfer Protocol","Web","4853293194","660859670","4192433524"
"HyperText Transfer Protocol Secure","Web","22405309015","2482999444","19922309571"
"Internet Control Message Protocol","Network Service","4339642530","2614418756","1725223774"
"Internet Message Access Protocol version 4","Email","92063901","34055800","58008101"
"Internet Protocol","Network Service","0","0","0"
"XMPP Protocol (Jabber)","Business Collaboration","35181375","1544719","33636656"
"Skype and Teams","Business Collaboration","29002362","5675635","23326727"
"Simple Object Access Protocol","Network Service","1631503924","786565570","844938354"
"Secure Shell","Tunneling and VPN","128064461","69109105","58955356"
"Secure Socket Layer","Tunneling and VPN","30116602588","7462448125","22654154463"
"Session Traversal Utilities for NAT","Business Collaboration","40220427","32007210","8213217"
"Transmission Control Protocol","Other TCP/UDP","1508094492","193308006","1314786486"
"User Datagram Protocol","Other TCP/UDP","113653898114","15242815848","98411082266"
"Yahoo Mail v.2.0","Email","23230266","3941114","19289152"
"Youtube.com","Media","3788850128","260104070","3528746058"
"Facebook","Social Networking","56209317680","1906059532","54303258148"
"Google Ads","Web","909189064","120149557","789039507"
"LinkedIn","Social Networking","41345505","2626472","38719033"
"Apple Generic Services","Web","14890237669","317145727","14573091942"
"Online Certificate Status Protocol","Business Application","7949249","3187769","4761480"
"iTunes","Media","425817674","56627546","369190128"
"TeamViewer","Remote Desktop","538335221","260656611","277678610"
"Bing.com (formerly MSN Search)","Web","295814976","53051400","242763576"
"Windows Update","Web","3382026628","311670576","3070356052"
"Chrome Update","Web","197462340","19179417","178282923"
"Google Analytics,Google Marketing Platform","Web","336467512","91045628","245421884"
"Google GStatic","Web","1754637800","136729396","1617908404"
"Google Generic","Web","705080609","161627942","543452667"
"Amazon Generic Services","Web","12421596801","3051181898","9370414903"
"WhatsApp Messenger","Internet Instant Messaging","2164772254","477711778","1687060476"
"Apple App Store","Web","5175976983","129476944","5046500039"
"Apple Push Notification Service","Web","308153970","188297962","119856008"
"iOS over-the-air (OTA) update","Web","2330489875","45150476","2285339399"
"Google Play Store","Media","3025471689","349870749","2675600940"
"iCloud (Apple)","Storage and Backup","3600819144","1652634117","1948185027"
"Amazon Web Services/Cloudfront CDN","Infrastructure","15915903605","6776468114","9139435491"
"Microsoft Azure (previously Windows Azure)","Infrastructure","1879000342","243221124","1635779218"
"Yahoo.com","Web","426844202","41819522","385024680"
"CloudFlare CDN","Infrastructure","3018646240","206432801","2812213439"
"Microsoft Office 365","Business Collaboration","1323335422","114413232","1208922190"
"Microsoft Outlook (Office 365)","Business Application","1013335492","210428458","802907034"
"Apple SIRI","Web","65006024","45833497","19172527"
"Google Accounts","Web","139872127","68242381","71629746"
"Snapchat","Social Networking","13349297686","1262553377","12086744309"
"TRUSTe","Web","7943482","697209","7246273"
"Samsung","Web","170583647","56950928","113632719"
"Facebook Messenger","Internet Instant Messaging","4010579880","1897333213","2113246667"
"AppsFlyer","Business Application","101480645","18301962","83178683"
"FreeWheel","Web","4179917","1369627","2810290"
"Google Cloud Storage","Web","4366408147","3751840112","614568035"
"Google Cloud Messaging","Web","185703075","65909496","119793579"
"Apple Location","Web","954748136","127185479","827562657"
"HyperText Transfer Protocol version 2","Web","4469240826","1257123390","3212117436"
"Google Tag Manager","Web","155318099","11033151","144284948"
"Facebook Embedded Video","Media","4921705657","61562563","4860143094"
"Android connectivity Manager","Network Service","15146768","7832860","7313908"
"Moat","Web","95599863","25265936","70333927"
"Heap","Web","116176143","62435410","53740733"
"Microsoft OneDrive","Web","349719306","62259851","287459455"
"Microsoft","Web","3838631498","871876107","2966755391"
"New Relic","Web","1002648398","660747753","341900645"
"ZoomMeetings","Business Collaboration","5415655671","302922783","5112732888"
"HyperText Transfer Protocol proxy","Network Service","143298","60025","83273"
"Firebase Cloud Messaging","Web","194927938","59713013","135214925"
"Cisco","Web","4934179","2168301","2765878"
"TikTok (Musical.ly)","Social Networking","57071787986","3195362073","53876425913"
"Wish","Web","15180660","2185485","12995175"
"Google APIs","Web","2281182835","854160357","1427022478"
"Amazon Cognito","Web","23420612","7490694","15929918"
"Pluto TV","Real Time Audio/Video","13077994797","275619039","12802375758"
"Digicert","Web","16073864","2025856","14048008"
"Intercom","Web","604472418","128822294","475650124"
"SD-WAN Control","SD-WAN","36944385308","20146547590","16797837718"
"SD-WAN Management","SD-WAN","1086376443","493128136","593248307"
"TencentMeeting","Business Collaboration","85936543","21923628","64012915"
"BitTorrent","Peer to Peer","530509","56","530453"
"Dailymotion.com","Media","497708","66548","431160"
"Google Maps","Web","301414028","10442485","290971543"
"Internet Message Access Protocol Secure","Email","103337175","28572054","74765121"
"IPsec (AH and ESP)","Tunneling and VPN","400598454","42416400","358182054"
"Internet Security Association and Key Management Protocol","Tunneling and VPN","14830138","7870026","6960112"
"McAfee Client update","Business Application","111567667","3788791","107778876"
"Network Time Protocol","Network Service","1746186","1014698","731488"
"Real Time Protocol","Business Collaboration","4115396777","1249212628","2866184149"
"Session Initiation Protocol","Business Application","870737","486971","383766"
"Simple Mail Transfer Protocol","Email","18002059","17145882","856177"
"Wikipedia.com","Web","96395491","9902094","86493397"
"Windows Live Hotmail","Email","188528253","36189209","152339044"
"Secure AIM","Internet Instant Messaging","457871","46424","411447"
"WordPress.com","Social Networking","29586541","810343","28776198"
"Xbox Live","Gaming","5949034","1152445","4796589"
"Foursquare.com","Web","6374508","2135604","4238904"
"Twitter","Social Networking","1209676803","99161194","1110515609"
"Yandex.ru","Web","1390686","423870","966816"
"Spotify","Media","1816270805","150347563","1665923242"
"Opera Update","Web","571298","160410","410888"
"Netflix.com","Media","22960803994","433647380","22527156614"
"Google Translate","Web","1278787","110343","1168444"
"Salesforce","Business Application","12066271","1565649","10500622"
"Portal.TidalTV.com","Web","760722","192694","568028"
"AccuWeather","Web","10956435","1578457","9377978"
"Acer","Web","55572","15498","40074"
"Fox News","Web","47645115","1201717","46443398"
"Mozilla.com - Mozilla.org","Web","332231179","45678070","286553109"
"Weather.com","Web","56166788","3595938","52570850"
"Xbox","Gaming","19187","5008","14179"
"Google App Engine","Business Application","1956507","216743","1739764"
"Windows Marketplace","Web","950349428","65408707","884940721"
"Apple FaceTime","Real Time Audio/Video","401547039","189700251","211846788"
"Samsung Apps","Web","92002315","8539580","83462735"
"Instagram","Web","16577063635","617839968","15959223667"
"SoundCloud","Media","387222511","12984634","374237877"
"Amazon Prime Video","Media","167657492","16683583","150973909"
"Akamai Technologies CDN","Web","1013103536","24165800","988937736"
"ISO Base Media File Format","Real Time Audio/Video","310633815","6284195","304349620"
"KIK Messenger","Internet Instant Messaging","11242349","1577859","9664490"
"Google Talk (incl. Hangouts and Allo and Duo)","Real Time Audio/Video","39296001","19496243","19799758"
"Microsoft SharePoint Online (Office 365)","Business Application","9055242","703630","8351612"
"ESPN.go.com","Web","120223479","2608573","117614906"
"Pinterest","Web","181218076","12713602","168504474"
"Reddit.com","Web","464112647","22601060","441511587"
"Internet Movie Database","Web","5665952","256247","5409705"
"Google Documents (aka Google Drive)","Storage and Backup","161681442","21936258","139745184"
"Apple Maps","Web","355712","32862","322850"
"Paypal.com","Web","367232795","59372880","307859915"
"BBC","Web","16964587","651812","16312775"
"Amazon Ad System","Web","194652364","39099448","155552916"
"Aol","Web","1099469","102960","996509"
"AddThis","Web","4089968","336829","3753139"
"Turn","Web","2826149","743081","2083068"
"ScorecardResearch","Web","66025619","6127384","59898235"
"Quantcast","Web","9366011","1525428","7840583"
"Telegram","Internet Instant Messaging","913645703","27178900","886466803"
"King Digital Entertainment","Gaming","268268","97178","171090"
"Symantec","Web","3040513","434358","2606155"
"Oracle","Web","3715821","952495","2763326"
"Bitstrips","Social Networking","362224275","16971657","345252618"
"Criteo","Web","52560137","12682074","39878063"
"Adobe","Business Application","487774079","65316576","422457503"
"Google Safe Browsing","Web","77527636","18413318","59114318"
"Inneractive","Web","33009211","19580891","13428320"
"Crashlytics","Web","64646872","4979022","59667850"
"BoldChat Live Chat","Internet Instant Messaging","592622","147703","444919"
"InMobi","Web","28687068","12482164","16204904"
"Gravatar","Business Collaboration","816903","170700","646203"
"Nielsen","Web","2905339","540602","2364737"
"Stickyads","Web","18346593","5682584","12664009"
"Mixpanel","Web","6747319","4763809","1983510"
"Smart AdServer","Web","30802640","12349834","18452806"
"Google Calendar","Web","264334834","169395387","94939447"
"OpenX","Web","5491095","1491013","4000082"
"PubMatic","Web","87797783","47377274","40420509"
"Index Exchange (previously Casale Media)","Web","24747895","8419387","16328508"
"LOTAME","Web","5724320","1110459","4613861"
"Rubicon Project","Web","88128542","29592328","58536214"
"CPMSTAR","Web","204653","39044","165609"
"Sizmek (previously MediaMind)","Web","54564865","1875626","52689239"
"AppNexus","Web","198532109","118330395","80201714"
"Rlcdn","Web","6209098","1105441","5103657"
"Realestate","Web","201188","33210","167978"
"Atlassian","Web","189313","8786","180527"
"Advertising.com","Web","3125734","1234410","1891324"
"Ad Safe Protected","Web","91427927","15681768","75746159"
"Helpshift","Web","837039","219052","617987"
"Adjust.com","Web","10994750","4691432","6303318"
"Atlas Solutions","Web","131662","33002","98660"
"Urbanairship","Web","5715885","1508311","4207574"
"Apple Music","Media","453950246","13160651","440789595"
"Outbrain","Web","36324594","6433470","29891124"
"Unruly","Web","6424288","4068882","2355406"
"Disney Channel","Web","2472567","55333","2417234"
"Applovin","Web","741291067","141920822","599370245"
"Krux","Web","4982211","784667","4197544"
"Microsoft Office OneNote (Office 365)","Business Application","264172","29461","234711"
"Branch Metrics","Web","45552880","13331605","32221275"
"Optimizely","Web","12853346","1572231","11281115"
"Taboola","Web","155731218","25480998","130250220"
"Rackspace","Web","1694837394","191335803","1503501591"
"Riffsy (Tenor.co)","Web","1699231","79355","1619876"
"Ensighten","Web","1864039","288593","1575446"
"Smaato","Web","4561330","1765036","2796294"
"MediaMath","Web","4739123","1798988","2940135"
"LKQD","Web","194914","55114","139800"
"jQuery","Web","7231630","473181","6758449"
"Everest Technologies","Web","6170846","1799503","4371343"
"TubeMogul","Web","431851","50894","380957"
"SpotXchange","Web","7972176","2311904","5660272"
"Conversant","Web","3487503","1093058","2394445"
"Bazaarvoice","Web","4539057","535413","4003644"
"Teads","Web","14933079","2989104","11943975"
"Adform","Web","12923856","1876704","11047152"
"hotjar","Web","126241884","7974954","118266930"
"Pokemon GO","Gaming","120118463","11144520","108973943"
"Weborama","Web","74440","14287","60153"
"Bidswitch","Web","14422497","6017275","8405222"
"Clash of Clans","Gaming","138721252","3447428","135273824"
"Bugsnag","Web","5330665","3512056","1818609"
"Apple Game Center","Gaming","67063974","2105933","64958041"
"Tealium","Web","2157611","307811","1849800"
"Sharethrough","Web","67234391","26574655","40659736"
"AdColony","Web","10609582","3030177","7579405"
"Yieldmo","Web","15004796","3205141","11799655"
"Huawei","Web","3812477","1369025","2443452"
"MGID","Web","3276195","166426","3109769"
"DoubleVerify","Web","62601812","11725949","50875863"
"Media Innovation Group","Web","1106935","289668","817267"
"Avast","Web","8852027","413360","8438667"
"Okta","Web","88408366","29589689","58818677"
"PulsePoint","Web","3864740","1366409","2498331"
"eXelate","Web","1481068","426894","1054174"
"Sonobi","Web","9934118","3889970","6044148"
"Google Secure User Plane Location","Web","1190059","164578","1025481"
"Amplitude","Web","15474444","12894207","2580237"
"Google Cloud Platform","Web","50249782","3819668","46430114"
"Niantic, Inc","Web","594757","118728","476029"
"Microsoft teams","Internet Instant Messaging","458930866","61173567","397757299"
"Apptimize","Web","151430","45147","106283"
"Akamai Video","Media","83644378","1726813","81917565"
"Tenor","Web","95064369","6259897","88804472"
"IronSource","Business Application","94177274","7638031","86539243"
"Disqus","Web","3319076","387242","2931834"
"Grammarly","Web","958197","212229","745968"
"Simpli.fi","Web","4494680","478275","4016405"
"ByteDance","Web","257400546","14960257","242440289"
"Visual IQ","Web","74808","19858","54950"
"Discord","Internet Instant Messaging","2119242188","772273810","1346968378"
"Apple News","Web","97119963","4095464","93024499"
"Vungle","Web","163712333","8027125","155685208"
"Megaphone","Web","7420526788","86210376","7334316412"
"Unknown virtual protocol","Unclassified","584052853","16232269","567820584"
"Unknown virtual protocol","Unclassified","141496339","20121548","121374791"
"Unknown virtual protocol","Unclassified","103408664","39963478","63445186"
"Unknown virtual protocol","Unclassified","5158575","3012642","2145933"
"Google Pay","Web","9487806","1882588","7605218"
"Google Messages","Internet Instant Messaging","48834907","17619963","31214944"
"JWPLAYER","Web","428954794","15805351","413149443"
"KOCHAVA","Web","1218431","390143","828288"
"Amazon Alexa Assistant","Business Collaboration","4192718","953048","3239670"
"Spotify Audio","Real Time Audio/Video","4052923771","77162941","3975760830"
"Connatix","Real Time Audio/Video","46854495","1806649","45047846"
"Minute Media","Web","52561244","1050311","51510933"
"UserReport","Web","480878","65665","415213"
"Pendo","Web","16001518","6133108","9868410"
"Go Daddy","Web","11784704","317680","11467024"
"Contentful","Web","460604384","22263384","438341000"
"Indeed","Web","35197422","10137230","25060192"
"Datadog","Web","367268","274523","92745"
"Font Awesome","Web","6359889","741899","5617990"
"eBay.com","Web","7461830","986769","6475061"
"File Transfer Protocol","File Sharing","8582","5252","3330"
"Post Office Protocol (Version 3)","Email","721217","78406","642811"
"Secure POP3","Email","6763540","308561","6454979"
"QQ","Internet Instant Messaging","112462","11119","101343"
"Remote Authentication Dial-In User Service","Authentication","85483","40597","44886"
"Real Time Control Protocol","Business Collaboration","683671494","217495523","466175971"
"Simple Mail Transfer Protocol Secure","Email","155918","134062","21856"
"Simple Network Management Protocol","Management","40398","40398","0"
"Yahoo Search","Web","1369658","110742","1258916"
"Ask.com","Web","49240","1444","47796"
"Expedia.fr","Web","2759342","604516","2154826"
"Travelocity.com","Web","15358","2090","13268"
"Realtor.com","Web","19053","4523","14530"
"Flickr","Social Networking","2557678","182452","2375226"
"Pogo.com","Web","183783875","12172433","171611442"
"Mail.ru Webmail","Email","70701","23059","47642"
"Real Time Messaging Protocol","Network Service","10995146","10650644","344502"
"Steampowered.com","Gaming","822212763","17204674","805008089"
"Badoo.com","Internet Instant Messaging","367936","50504","317432"
"Goodreads.com","Web","123289","28712","94577"
"Last.fm","Media","78615","3999","74616"
"Tumblr","Social Networking","3218369","219489","2998880"
"Vk.com (Vkontakte)","Social Networking","42058","3259","38799"
"Vox.com","Web","205815","13984","191831"
"Yelp.com","Web","15017156","882546","14134610"
"Baidu.com","Web","3012313","120511","2891802"
"Adobe Flash Plugin Update","Web","23611","6002","17609"
"Firefox Update","Web","25325","5286","20039"
"Apple Update","Web","2998573","37847","2960726"
"icecast","Media","107650","3144","104506"
"BitDefender Update","Web","343323","102574","240749"
"Viber","Real Time Audio/Video","602272","181974","420298"
"Playstation Network","Gaming","17749","1320","16429"
"Garena","Web","42534","3836","38698"
"Dropbox","Storage and Backup","3467811","2245803","1222008"
"iHeartRADIO","Media","322424","13915","308509"
"Livestream (formerly Mogulus)","Media","6864","1788","5076"
"Psiphon","Web","552211","289178","263033"
"Shutterfly.com","Web","8282329","730143","7552186"
"SiriusXm.com","Media","160454","21021","139433"
"YouKu","Media","108798","100032","8766"
"GoToMyPC Remote Access","Remote Desktop","10137","2237","7900"
"ABCNews","Web","293909","53943","239966"
"Adobe Acrobat DC (Document Cloud)","Web","60415","13850","46565"
"Alexa","Web","9589","1768","7821"
"AmericanExpress","Web","34066","8268","25798"
"ATT.com (AT&T)","Web","7722862","208008","7514854"
"Blogger","Web","3549963","115374","3434589"
"Capital One","Web","12938896","1080304","11858592"
"Cnet.com","Web","20374","1225","19149"
"CNN (Cable News Network)","Web","11348412","1515492","9832920"
"Comcast","Web","5096251","119172","4977079"
"Daily Mail","Web","429925","38431","391494"
"Daum.net","Web","155135","13815","141320"
"Groupon","Web","150386","11284","139102"
"IKEA.com","Web","148134","30574","117560"
"Intuit.com","Business Application","694568","250910","443658"
"Kaspersky.com","Web","7272","2501","4771"
"Match.com","Web","10246","7046","3200"
"Monster.com","Web","20061","3642","16419"
"NASA.gov","Web","119183","3215","115968"
"NationalGeographic.com","Web","8873","2801","6072"
"Naver Corporation (formerly NHN Corporation)","Web","644016","44532","599484"
"NBA.com","Web","714629","137933","576696"
"Nike.com","Web","134665397","5799678","128865719"
"NYTimes.com","Web","328367","107043","221324"
"PlayStation.com","Web","4322597","217208","4105389"
"Reuters.com","Web","2463698","93334","2370364"
"SurveyMonkey.com","Web","222472","66416","156056"
"Vimeo","Web","1721825","116784","1605041"
"XNXX","Web","12016","2431","9585"
"Youdao.com","Web","94925","44207","50718"
"Taobao","Web","669262","375425","293837"
"Line","Internet Instant Messaging","1339934","130890","1209044"
"Hulu","Media","9872","2021","7851"
"Shazam","Web","3662781","692979","2969802"
"TuneIn","Real Time Audio/Video","2110331","139576","1970755"
"KakaoTalk","Internet Instant Messaging","192740","27078","165662"
"NetMarble.com","Web","4244796932","85383397","4159413535"
"QQ.com","Web","382309412","13621964","368687448"
"Ifeng.com","Web","11515","888","10627"
"Alipay","Web","29597","14886","14711"
"Sogou.com","Web","40355","14864","25491"
"360.cn","Web","1462","1036","426"
"Alibaba.com","Web","456155","81778","374377"
"51.la","Web","19774","1367","18407"
"Zynga.com","Gaming","20077815","8419704","11658111"
"Limelight Networks CDN","Web","1286126602","31308106","1254818496"
"Datagram Transport Layer Security","Tunneling and VPN","3271627","815582","2456045"
"WeChat","Internet Instant Messaging","1165958129","109096243","1056861886"
"Rakuten.co.jp","Web","221552","18346","203206"
"QQ Games","Gaming","247396","115857","131539"
"QQ News","Web","975254","41875","933379"
"Zoho Corporation","Business Application","118220","11226","106994"
"Nokia Here API","Web","5928653","1333197","4595456"
"Microsoft Skype for Business (formerly Microsoft Lync Online) (Office 365)","Business Collaboration","329796","121250","208546"
"Speedtest","File Sharing","8515809","7720528","795281"
"MapQuest.com","Web","306861","16254","290607"
"BuzzFeed.com","Web","224391","42260","182131"
"Imgur.com","Storage and Backup","767563","31761","735802"
"Evernote","Web","3674120","1627640","2046480"
"WebSocket","Network Service","865213","363453","501760"
"LastPass.com","Web","125578","46809","78769"
"AVG.com","Web","7093","959","6134"
"ElPais.com","Web","20174","11110","9064"
"Marca.com","Web","23356","5600","17756"
"craigslist","Web","3791621","429136","3362485"
"Indiatimes","Web","330226","13924","316302"
"Kijiji.ca","Web","86905412","6200042","80705370"
"Background Intelligent Transfer Service","File Sharing","130842534","15312712","115529822"
"Seznam.cz","Web","63348","2656","60692"
"Hotspot Shield","Tunneling and VPN","10584637","2781486","7803151"
"Conviva","Infrastructure","205786","67822","137964"
"AliExpress.com","Web","6767113","162813","6604300"
"Clarin.com","Web","59373","10656","48717"
"Elcomercio.pe","Web","234247","5054","229193"
"Wp.pl","Web","11785","2562","9223"
"The Simpsons: Tapped Out","Gaming","4008982","1839000","2169982"
"News","Web","417326","24549","392777"
"Gameloft Games","Gaming","40091","11021","29070"
"Digikala","Web","25903091","921559","24981532"
"Yadro","Web","14380","995","13385"
"Candy Crush Saga","Gaming","10117798","3171455","6946343"
"Waze Social GPS Maps & Traffic","Web","17976668","1589848","16386820"
"OpenStreetMap","Infrastructure","129763","8307","121456"
"Zendesk","Business Collaboration","5595977","302144","5293833"
"Flurry","Business Application","9400386","5692417","3707969"
"Brightcove","Media","17453723","422607","17031116"
"Plenty Of Fish","Web","96822826","59755109","37067717"
"Twitch","Media","6493028","746546","5746482"
"Xiaomi","Web","670155","64780","605375"
"Turner","Web","3249588","56472","3193116"
"battlenet","Gaming","1560882317","40272402","1520609915"
"Jamaica Gleaner","Web","156377","36290","120087"
"Cedexis","Web","1799562","418523","1381039"
"Amazon Cloud Drive","Web","85555","11878","73677"
"Lazada","Web","24882","3001","21881"
"Gettyimages","Web","172881","6661","166220"
"Theladbible","Web","1643","376","1267"
"Flipboard","Web","11616780","1319814","10296966"
"Traffic Junky","Web","19838","8860","10978"
"ADTECH","Web","438473","24099","414374"
"AOL One","Web","4478437","506683","3971754"
"Constant Contact","Web","4446550","161461","4285089"
"GitHub","Web","5850","1035","4815"
"Internet.org","Web","3388","1399","1989"
"Bizographics","Web","25667","5554","20113"
"Scotiabank","Web","7075371","2340058","4735313"
"Xbox Video (Microsoft Movies and Tv)","Web","4109941381","141999107","3967942274"
"Diply","Web","462660","74760","387900"
"BootstrapCDN","Web","2130465","172343","1958122"
"CBS Video","Web","6347604","284406","6063198"
"Fastly","Web","4169776","365645","3804131"
"Rogers TV","Web","29085416","1465909","27619507"
"UpLynk","Web","15024643","312853","14711790"
"NBC","Web","3928116","228468","3699648"
"Localytics","Web","1040507","372175","668332"
"MoPub","Web","386875","89330","297545"
"Microsoft Translator (Bing Translator)","Web","151901","71935","79966"
"Periscope","Media","1033336","43751","989585"
"Microsoft Sway (Office 365)","Business Application","10803","2504","8299"
"Liveperson","Web","4287781","398564","3889217"
"Zopim","Web","85757","17041","68716"
"Mapbox","Web","12344539","650502","11694037"
"Rollout","Web","102774","10191","92583"
"Microsoft Excel Online (Office 365)","Web","6540950","4728225","1812725"
"Signal","Web","362630","53110","309520"
"LiveChat","Web","1372513","70152","1302361"
"Glympse","Web","54230","10264","43966"
"Braintree","Web","123195","22782","100413"
"Verizon","Web","8980370","6452277","2528093"
"Umeng","Web","549444","310029","239415"
"Revcontent","Web","2559792","425892","2133900"
"MobFox","Web","11183","4806","6377"
"Google Photos (formerly Google Picasa)","Web","5315027","788222","4526805"
"Liftoff","Web","890765","374598","516167"
"Baidu Maps","Web","27898","4243","23655"
"Trippy","Web","5476","542","4934"
"Uber (formerly UberCab)","Web","2467931","402972","2064959"
"QQVideo","Web","170594","18304","152290"
"Slack","Web","4427614","967457","3460157"
"ICY (I Can Yell)","Media","1397287","44268","1353019"
"Younow","Web","2177030","1031248","1145782"
"MQ Telemetry Transport","Network Service","1388","699","689"
"Clicktale","Web","1381447","937674","443773"
"Highwinds","Web","4166506","156529","4009977"
"Innovid","Web","321473552","7529619","313943933"
"StackOverflow","Web","676367","25784","650583"
"Wix","Web","41228229","1571224","39657005"
"Tinder","Web","67707798","2947932","64759866"
"GIPHY","Web","76165822","2005624","74160198"
"Heroku","Web","3516614","401823","3114791"
"IMO Video Calling Application","Media","180777","78741","102036"
"Supercell","Gaming","1531213","136598","1394615"
"Amazon Music","Media","143451","53411","90040"
"Cheetah Mobile","Web","59907","15834","44073"
"Microsoft Word Online (Office 365)","Business Collaboration","758661","49446","709215"
"Signal Private Messenger (Open Whisper Systems)","Internet Instant Messaging","8992555","1065130","7927425"
"Tidal","Media","14731","2106","12625"
"StreamRail","Media","794360","175780","618580"
"Vidyard","Web","30223","1243","28980"
"Nintendo","Gaming","23535465","2023084","21512381"
"OpenRTB","Web","68260","47461","20799"
"ADventori","Web","157805","39055","118750"
"Audible","Real Time Audio/Video","183684","49648","134036"
"Flashtalking","Web","38506754","1533477","36973277"
"Samsung Update","Web","4847115577","87832634","4759282943"
"Huawei Update","Web","5817","812","5005"
"ULP","Network Service","1773689","75205","1698484"
"AnyDesk","Remote Desktop","8714","3858","4856"
"MaxCDN","Web","71473","7777","63696"
"Booking.com","Web","16992703","1777360","15215343"
"Walmart","Web","7380939","5342970","2037969"
"Automatic Data Processing (ADP)","Web","548016","7520","540496"
"Microsoft Power BI (Office 365)","Web","19299","1425","17874"
"Autodesk Fusion 360","Tunneling and VPN","26567009","3623669","22943340"
"Cloudinary","Web","17429491","363657","17065834"
"Optus","Web","2184041","61569","2122472"
"Gfycat","Web","123780","4996","118784"
"Vivox","Internet Instant Messaging","157834","49025","108809"
"Sportradar","Web","93226","5679","87547"
"Wall Street Journal","Web","47274","2546","44728"
"Origin","Web","119587","23333","96254"
"Instructure","Web","153122","6230","146892"
"shopee.tw","Web","138801","38837","99964"
"Electronic Arts","Web","34493958","2757350","31736608"
"Facebook Lite","Social Networking","10132572","1270994","8861578"
"Kakao","Web","5170","1209","3961"
"Digioh","Web","1329068","62815","1266253"
"UC Browser","Web","267242","252411","14831"
"Mediascope","Web","7318","1608","5710"
"Data Saver","Web","2571861","205491","2366370"
"kafka","Network Service","135958","26082","109876"
"Adtelligent","Web","337679","77173","260506"
"Youtube Music","Media","7734042","434237","7299805"
"Splunk Cloud","Storage and Backup","13197","3535","9662"
"Fox Networks","Web","1642285","59946","1582339"
"9GAG","File Sharing","381662","16613","365049"
"Text Me","Internet Instant Messaging","1770841","35638","1735203"
"AnchorFree","Tunneling and VPN","470792","231391","239401"
"textPlus","Internet Instant Messaging","120046","34845","85201"
"IBM","Web","169780","18334","151446"
"RingCentral","Business Collaboration","159248","14147","145101"
"Google News","Web","853762","65021","788741"
"Alibaba Group","Web","137211","22722","114489"
"Alibaba Cloud","Web","3370008","398355","2971653"
"League of Legends","Gaming","23402795","15028819","8373976"
"Future_plc","Web","7580144","349385","7230759"
"ProtonMail","Email","287709","23294","264415"
"MAkeMyTrip","Web","144778","21460","123318"
"Minecraft","Gaming","6554164","1152788","5401376"
"Ted Conferences","Web","2888","1117","1771"
"Fandom","Web","4294344","208518","4085826"
"Tesla","Web","60586","27884","32702"
"Google GSuite","Web","8429785","3565600","4864185"
"W3Schools","Web","6556","1071","5485"
"Codepen","Web","2063","610","1453"
"OpenSignal","Web","10117","5458","4659"
"TripAdvisor","Web","40940494","3266326","37674168"
"DAZN","Real Time Audio/Video","139503","3486","136017"
"PubNub","Web","1075086","518750","556336"
"Unknown virtual protocol","Unclassified","167332","38105","129227"
"Unknown virtual protocol","Unclassified","29709470","1073909","28635561"
"NetEase","Web","1071860","400902","670958"
"Unknown virtual protocol","Unclassified","16685","8236","8449"
"Unknown virtual protocol","Unclassified","9554684","314884","9239800"
"Unknown virtual protocol","Unclassified","4908688","195515","4713173"
"Unknown virtual protocol","Unclassified","428018","16258","411760"
"Bumble","Web","11035384","813884","10221500"
"Qwant","Web","57727","2515","55212"
"National Public Radio","Web","104437","3555","100882"
"Acast","Real Time Audio/Video","112394167","981667","111412500"
"Talkatone","Internet Instant Messaging","297131","86060","211071"
"Raknet","Gaming","46158814","8576272","37582542"
"Wireguard","Tunneling and VPN","104533864","37664322","66869542"
"Firework","Internet Instant Messaging","310506","27365","283141"
"Bigo","Web","6559","2410","4149"
"BAMTech","Real Time Audio/Video","11171034","5472753","5698281"
"Disney Plus","Real Time Audio/Video","996512876","27162311","969350565"
"Quora","Social Networking","5716422","467654","5248768"
"Toutiao","Web","12814","1307","11507"
"Tuchong","Web","2001041","1875780","125261"
"Airbnb","Web","2831200","867169","1964031"
"Activision-Blizzard","Web","1238652","31794","1206858"
"Netease Games","Gaming","9503","2072","7431"
"Wangwang","Internet Instant Messaging","21960","12851","9109"
"Workday","Business Application","4147014","564455","3582559"
"Shopify","Web","28429055","2490777","25938278"
"StackPath","Web","797330","14006","783324"
"Uber Eats","Web","148744","28134","120610"
"DoorDash","Web","514389","113651","400738"
"Houseparty","Real Time Audio/Video","56853","8139","48714"
"Roblox","Gaming","684513770","50376519","634137251"
"BridTV","Real Time Audio/Video","139237","6153","133084"
"Likee","Internet Instant Messaging","46190","11807","34383"
"Citrix","Web","29009","9428","19581"
"Cafe Bazaar","Network Service","47827","15384","32443"
"Digital Turbine","Web","106860","48103","58757"
"Amber Weather","Web","8884","2208","6676"
"adRise","Real Time Audio/Video","916815","255639","661176"
"Tubi TV","Real Time Audio/Video","1349789848","26972197","1322817651"
"iFunny","Web","483749","17936","465813"
"Demandbase","Web","57854","2583","55271"
"Sift Science","Web","252779","34207","218572"
"Yubo","Internet Instant Messaging","1705379","150527","1554852"
"Xbox Cloud Gaming","Gaming","14843","4366","10477"
"WordReference.com","Web","504671","22027","482644"
"Hotels.com","Web","21279","2319","18960"
"NHL.com","Web","203099","14846","188253"
"The Daily Beast","Web","1363569","81209","1282360"
"TMZ","Web","1840037","54227","1785810"
"United Airlines","Web","27686764","2670323","25016441"
"Geforce Now","Gaming","4067354","106879","3960475"
"Call of Duty Mobile","Gaming","39868508","1123456","38745052"
"The Walt Disney Company","Web","1208949","84018","1124931"
"Wired","Web","162355651","2691551","159664100"
"Kickstarter","Web","246431218","5657126","240774092"
"Indiegogo","Web","10070","1489","8581"
"FedEx","Web","3012598","268916","2743682"
"Kayak","Web","2406164","167652","2238512"
"WarnerMedia","Web","16011745","244606","15767139"
"Unknown virtual protocol","Unclassified","43786","2437","41349"
"Unknown virtual protocol","Unclassified","13045","5058","7987"
