"Application","Category","Total Bytes","Bytes Received","Bytes Sent"
"Domain Name Service","Network Service","1759469212","892076427","867392785"
"Google Mail","Email","852455405","70501379","781954026"
"Google Search","Web","536692328","103746323","432946005"
"Google Maps","Web","29758100","2366428","27391672"
"HyperText Transfer Protocol","Web","4500828056","624978513","3875849543"
"HyperText Transfer Protocol Secure","Web","32139336202","4210390630","27928945572"
"Internet Control Message Protocol","Network Service","3743908598","2282954880","1460953718"
"Internet Message Access Protocol version 4","Email","114636618","42522611","72114007"
"Internet Protocol","Network Service","0","0","0"
"Remote Desktop Protocol (Windows Terminal Server)","Remote Desktop","121336","84062","37274"
"Skype and Teams","Business Collaboration","33511893","8479706","25032187"
"Simple Object Access Protocol","Network Service","712944385","410983307","301961078"
"Secure Shell","Tunneling and VPN","139616567","74948571","64667996"
"Secure Socket Layer","Tunneling and VPN","26199614445","4929311309","21270303136"
"Session Traversal Utilities for NAT","Business Collaboration","1053461","520414","533047"
"Transmission Control Protocol","Other TCP/UDP","2303668807","630866813","1672801994"
"User Datagram Protocol","Other TCP/UDP","43059410667","7546093266","35513317401"
"Yahoo Search","Web","1140295","90179","1050116"
"Youtube.com","Media","10784092995","613896958","10170196037"
"Facebook","Social Networking","32671513406","1936982808","30734530598"
"Google Ads","Web","803677712","119481674","684196038"
"LinkedIn","Social Networking","59120337","7599264","51521073"
"Apple Generic Services","Web","8496601937","747799334","7748802603"
"Online Certificate Status Protocol","Business Application","13667585","5330466","8337119"
"Yandex.ru","Web","3622319","843685","2778634"
"iTunes","Media","1036537820","99806416","936731404"
"TeamViewer","Remote Desktop","559289445","258830266","300459179"
"Bing.com (formerly MSN Search)","Web","316880862","48509088","268371774"
"Baidu.com","Web","33569639","2787057","30782582"
"Windows Update","Web","12058382391","1163481212","10894901179"
"Chrome Update","Web","724794849","41286143","683508706"
"Google Analytics,Google Marketing Platform","Web","608237077","273555859","334681218"
"Google GStatic","Web","988011712","113580378","874431334"
"Salesforce","Business Application","6643475","1392827","5250648"
"Google Generic","Web","652814723","104976834","547837889"
"Amazon Generic Services","Web","2871328099","1046133640","1825194459"
"WhatsApp Messenger","Internet Instant Messaging","1573842901","574363148","999479753"
"Apple App Store","Web","4357499672","214199856","4143299816"
"Windows Marketplace","Web","2581873806","297359424","2284514382"
"Apple Push Notification Service","Web","286472478","175362140","111110338"
"iOS over-the-air (OTA) update","Web","2022536096","153770432","1868765664"
"Samsung Apps","Web","18849608","3591398","15258210"
"Google Play Store","Media","1080810519","195957328","884853191"
"iCloud (Apple)","Storage and Backup","2756267286","977135963","1779131323"
"Instagram","Web","10713159456","973425687","9739733769"
"Amazon Web Services/Cloudfront CDN","Infrastructure","18595426491","13287540018","5307886473"
"Yahoo.com","Web","971389268","71894125","899495143"
"Google Talk (incl. Hangouts and Allo and Duo)","Real Time Audio/Video","37771882","12803945","24967937"
"CloudFlare CDN","Infrastructure","2195836979","197693006","1998143973"
"Microsoft Office 365","Business Collaboration","1497405032","131372850","1366032182"
"Pinterest","Web","350769750","25629895","325139855"
"Microsoft Outlook (Office 365)","Business Application","717068850","233277482","483791368"
"Apple SIRI","Web","49773982","32670261","17103721"
"Google Accounts","Web","83678012","23149325","60528687"
"Amazon Ad System","Web","139422654","27365187","112057467"
"Snapchat","Social Networking","5954347350","697836389","5256510961"
"Quantcast","Web","6006626","1232993","4773633"
"Bitstrips","Social Networking","164732011","8721549","156010462"
"Adobe","Business Application","355811364","42214441","313596923"
"Samsung","Web","88466300","20929467","67536833"
"Facebook Messenger","Internet Instant Messaging","698600048","215383296","483216752"
"AppsFlyer","Business Application","33503185","10041679","23461506"
"Smart AdServer","Web","24321053","7824272","16496781"
"Google Cloud Storage","Web","1241572743","1077952660","163620083"
"Google Cloud Messaging","Web","135053125","40922320","94130805"
"Google Calendar","Web","25497433","4463961","21033472"
"Apple Location","Web","960260721","138896934","821363787"
"OpenX","Web","6579048","1991154","4587894"
"Index Exchange (previously Casale Media)","Web","21622608","7051750","14570858"
"HyperText Transfer Protocol version 2","Web","11266565206","1348553105","9918012101"
"Google Tag Manager","Web","146634062","11100722","135533340"
"Ad Safe Protected","Web","49556450","7464193","42092257"
"Scotiabank","Web","22552487","3876087","18676400"
"BootstrapCDN","Web","2876756","259148","2617608"
"Outbrain","Web","32482438","5574804","26907634"
"Android connectivity Manager","Network Service","10055393","5046278","5009115"
"Moat","Web","62152487","16034685","46117802"
"Heap","Web","8199296235","7389991136","809305099"
"Branch Metrics","Web","20469629","6607399","13862230"
"LiveChat","Web","4026756","433265","3593491"
"Microsoft OneDrive","Web","764090469","76239699","687850770"
"Microsoft","Web","2728248446","933495065","1794753381"
"New Relic","Web","1503736162","1024758462","478977700"
"Adform","Web","3845781","843260","3002521"
"HyperText Transfer Protocol proxy","Network Service","147260317","25723458","121536859"
"Firebase Cloud Messaging","Web","138831004","28680338","110150666"
"Bidswitch","Web","11401129","4136550","7264579"
"Apple Game Center","Gaming","14141610","4126135","10015475"
"Amplitude","Web","37231732","34259748","2971984"
"Google Cloud Platform","Web","36839857","13846518","22993339"
"Cisco","Web","1811347","515443","1295904"
"Simpli.fi","Web","974106","245254","728852"
"TikTok (Musical.ly)","Social Networking","19289455177","1217711037","18071744140"
"Apple News","Web","105460113","7295920","98164193"
"Google APIs","Web","2026047445","781362982","1244684463"
"Amazon Cognito","Web","26366587","9805352","16561235"
"Unknown virtual protocol","Unclassified","20215003","942326","19272677"
"Google Pay","Web","10944133","3205848","7738285"
"Quora","Social Networking","10997021","1223882","9773139"
"Shopify","Web","45149980","2476362","42673618"
"Pendo","Web","802265583","105795979","696469604"
"Contentful","Web","110354921","15645459","94709462"
"Indeed","Web","89983305","44676863","45306442"
"Digicert","Web","5992263","2215676","3776587"
"Font Awesome","Web","6350389","499500","5850889"
"Intercom","Web","52594544","22614008","29980536"
"SD-WAN Control","SD-WAN","52369643507","29208922373","23160721134"
"SD-WAN Management","SD-WAN","5198720639","2224904761","2973815878"
"TencentMeeting","Business Collaboration","129567046","69074621","60492425"
"Dailymotion.com","Media","40354009","1781405","38572604"
"Internet Message Access Protocol Secure","Email","71516951","12045561","59471390"
"Internet Security Association and Key Management Protocol","Tunneling and VPN","217905502","55459104","162446398"
"XMPP Protocol (Jabber)","Business Collaboration","452348","266395","185953"
"Netbios Name Service","Network Service","56862","56862","0"
"Network Time Protocol","Network Service","837452","501890","335562"
"Secure POP3","Email","2286739","270497","2016242"
"Session Initiation Protocol","Business Application","108853","58998","49855"
"SOCKet Secure v4","Tunneling and VPN","22374","15966","6408"
"Yahoo Mail v.2.0","Email","533353246","373610967","159742279"
"Windows Live Hotmail","Email","364319599","60727736","303591863"
"Secure AIM","Internet Instant Messaging","261665","46501","215164"
"WordPress.com","Social Networking","16932663","582969","16349694"
"Flickr","Social Networking","33107","3834","29273"
"Mail.ru Webmail","Email","2628328","586666","2041662"
"Twitter","Social Networking","577981903","30562729","547419174"
"Spotify","Media","2110208401","169611767","1940596634"
"Firefox Update","Web","25919988","532896","25387092"
"Java Update","Web","4569202","420506","4148696"
"Trendmicro Update protocol","Web","4341796","2178186","2163610"
"Netflix.com","Media","1918802911","92916350","1825886561"
"Concur","Business Application","190959","39458","151501"
"WebEx","Business Collaboration","22362","1960","20402"
"AccuWeather","Web","5817887","844301","4973586"
"Mozilla.com - Mozilla.org","Web","28136311","17717552","10418759"
"Vimeo","Web","72530365","4489436","68040929"
"Weather.com","Web","14359242","1749124","12610118"
"Amazon Prime Video","Media","8322760186","273895403","8048864783"
"Akamai Technologies CDN","Web","1987399480","66342654","1921056826"
"Microsoft Azure (previously Windows Azure)","Infrastructure","53851431","4379538","49471893"
"Datagram Transport Layer Security","Tunneling and VPN","23583891","5856319","17727572"
"Zoho Corporation","Business Application","56203090","36650553","19552537"
"Microsoft SharePoint Online (Office 365)","Business Application","173941386","101895015","72046371"
"Reddit.com","Web","304087303","16494789","287592514"
"Google Documents (aka Google Drive)","Storage and Backup","131842922","22261929","109580993"
"Paypal.com","Web","35231954","12315486","22916468"
"Kijiji.ca","Web","106814302","9400009","97414293"
"Aol","Web","4028549","1045738","2982811"
"AddThis","Web","4600581","339925","4260656"
"Turn","Web","2168329","521462","1646867"
"ScorecardResearch","Web","16617531","5239685","11377846"
"King Digital Entertainment","Gaming","314527","11827","302700"
"Symantec","Web","5617258","1342134","4275124"
"Oracle","Web","2976114","716141","2259973"
"TRUSTe","Web","7816924","668809","7148115"
"Criteo","Web","63402117","11196461","52205656"
"Zendesk","Business Collaboration","6626478","374560","6251918"
"Google Safe Browsing","Web","30335310","19262293","11073017"
"Inneractive","Web","39919255","26320556","13598699"
"Flurry","Business Application","4060997","1598116","2462881"
"Twitch","Media","173282746","5258407","168024339"
"BoldChat Live Chat","Internet Instant Messaging","1195595","444086","751509"
"InMobi","Web","27105661","12638335","14467326"
"Gravatar","Business Collaboration","371559","68138","303421"
"Stickyads","Web","7070870","2363507","4707363"
"Mixpanel","Web","6842662","5716443","1126219"
"Flipboard","Web","509115","94480","414635"
"PubMatic","Web","49203274","21512569","27690705"
"LOTAME","Web","5078949","883005","4195944"
"Rubicon Project","Web","58128203","18720276","39407927"
"ADTECH","Web","235974","24682","211292"
"AppNexus","Web","93483175","45966479","47516696"
"Rlcdn","Web","6803269","1328405","5474864"
"GitHub","Web","10688040","340852","10347188"
"Advertising.com","Web","1357856","348737","1009119"
"Facebook Embedded Video","Media","1348866716","40021043","1308845673"
"Adjust.com","Web","9921179","4177985","5743194"
"Atlas Solutions","Web","146572","39326","107246"
"Urbanairship","Web","3240500","987734","2252766"
"LogMeIn","Remote Desktop","343263","35049","308214"
"Unruly","Web","2373595","848044","1525551"
"Rogers TV","Web","20072899","1603858","18469041"
"Threema","Web","193230","28281","164949"
"Localytics","Web","1422141","451050","971091"
"MoPub","Web","833215","517358","315857"
"Applovin","Web","509190760","121594791","387595969"
"Krux","Web","2674055","404309","2269746"
"Microsoft Office OneNote (Office 365)","Business Application","855241","131820","723421"
"Optimizely","Web","8593029","1294690","7298339"
"Liveperson","Web","10644126","1429279","9214847"
"Taboola","Web","81544830","11046881","70497949"
"Zopim","Web","1557820","340993","1216827"
"Rackspace","Web","1801557736","170899594","1630658142"
"Signal","Web","289760","48610","241150"
"Ensighten","Web","1905579","267552","1638027"
"Smaato","Web","6851780","3151803","3699977"
"Verizon","Web","6898217","4935955","1962262"
"MediaMath","Web","2800826","968001","1832825"
"LKQD","Web","127458","34311","93147"
"jQuery","Web","7225381","509967","6715414"
"Everest Technologies","Web","5597086","1676900","3920186"
"SpotXchange","Web","1981173","699999","1281174"
"Uber (formerly UberCab)","Web","2375376","524150","1851226"
"Slack","Web","17234980","4486454","12748526"
"Younow","Web","1043671","416149","627522"
"Conversant","Web","3977340","1555868","2421472"
"Bazaarvoice","Web","9407792","923692","8484100"
"Teads","Web","7343190","1339357","6003833"
"hotjar","Web","10621789","3221282","7400507"
"ZoomMeetings","Business Collaboration","552404825","16022946","536381879"
"Pokemon GO","Gaming","21156734","2025402","19131332"
"GIPHY","Web","159074109","5427487","153646622"
"Clash of Clans","Gaming","19760168","2824466","16935702"
"Supercell","Gaming","10037903","540056","9497847"
"Microsoft Word Online (Office 365)","Business Collaboration","9730853","1919533","7811320"
"Signal Private Messenger (Open Whisper Systems)","Internet Instant Messaging","2152375","902282","1250093"
"StreamRail","Media","1139851","153736","986115"
"Bugsnag","Web","2825893","1739963","1085930"
"Sharethrough","Web","22055249","8608969","13446280"
"AdColony","Web","5894603","1720894","4173709"
"Yieldmo","Web","9813233","1865012","7948221"
"Samsung Update","Web","493486102","12963484","480522618"
"Huawei","Web","1166116","398269","767847"
"MGID","Web","2977521","217364","2760157"
"ULP","Network Service","167006","14091","152915"
"DoubleVerify","Web","27874523","5238381","22636142"
"Media Innovation Group","Web","1156319","314601","841718"
"Okta","Web","129181437","31434058","97747379"
"PulsePoint","Web","3060781","976634","2084147"
"eXelate","Web","780957","191107","589850"
"Sonobi","Web","5123600","1793114","3330486"
"Google Secure User Plane Location","Web","1647943","222196","1425747"
"Workplace By Facebook","Social Networking","10497957","7294382","3203575"
"Microsoft teams","Internet Instant Messaging","202301053","32057025","170244028"
"IronSource","Business Application","143640720","10779098","132861622"
"Grammarly","Web","6312456","1543712","4768744"
"Microsoft AD Right Management Service","Business Application","39633","22523","17110"
"ByteDance","Web","202468501","10799670","191668831"
"Discord","Internet Instant Messaging","765628305","103031651","662596654"
"Wish","Web","5694427","567735","5126692"
"Vungle","Web","253168019","11670508","241497511"
"Unknown virtual protocol","Unclassified","646930956","36890297","610040659"
"Unknown virtual protocol","Unclassified","25537454","2250346","23287108"
"Unknown virtual protocol","Unclassified","105623027","39277286","66345741"
"Unknown virtual protocol","Unclassified","13911276","11431781","2479495"
"Google Messages","Internet Instant Messaging","25549818","8296186","17253632"
"KOCHAVA","Web","2103088","425139","1677949"
"Sift Science","Web","314537","77038","237499"
"Spotify Audio","Real Time Audio/Video","1067582912","28318166","1039264746"
"Go Daddy","Web","6212975","242329","5970646"
"Advance Message Queuing Protocol","Network Service","2982","1650","1332"
"BitTorrent","Peer to Peer","1530522","85106","1445416"
"Connection Oriented Transfer Protocol","Network Service","2731","1954","777"
"eBay.com","Web","1631026","392654","1238372"
"File Transfer Protocol","File Sharing","37055","16284","20771"
"Independant Computing Architecture (Citrix)","Remote Desktop","4348","2350","1998"
"IPsec (AH and ESP)","Tunneling and VPN","422146400","117758704","304387696"
"HP Printer Job Language","Business Application","2480942","2234192","246750"
"Kerberos","Authentication","8136","5484","2652"
"Lighweight Directory Access Protocol","Authentication","20688","12377","8311"
"Lighweight Directory Access Protocol Secure","Authentication","1117","696","421"
"McAfee Client update","Business Application","16395567","1971090","14424477"
"Port Mapper","Network Service","9441","6450","2991"
"Point-to-Point Tunneling Protocol","Tunneling and VPN","1966","1084","882"
"QQ","Internet Instant Messaging","360954","87386","273568"
"Real Time Control Protocol","Business Collaboration","90672","41326","49346"
"Real Time Protocol","Business Collaboration","186133442","75263683","110869759"
"Server Message Block (Windows File Server)","File Sharing","35403","24864","10539"
"Simple Mail Transfer Protocol","Email","1176601","1090411","86190"
"Simple Network Management Protocol","Management","93475","93475","0"
"Tabular Data Stream","Business Application","7919","4914","3005"
"Transparent Network Service (Oracle)","Business Application","2099","1298","801"
"Wikipedia.com","Web","128145941","14938343","113207598"
"X Window System","Business Application","12851","8294","4557"
"MPEG-Transport Stream","Real Time Audio/Video","1513029","74897","1438132"
"Xunlei/Thunder protocol","Peer to Peer","380","224","156"
"Gmail Mobile","Email","119390","65872","53518"
"Expedia.fr","Web","712917","29676","683241"
"Yahoo webmail for mobile","Email","16403","5213","11190"
"Steampowered.com","Gaming","13677631","626024","13051607"
"Xbox Live","Gaming","929259","71223","858036"
"Foursquare.com","Web","618915","261036","357879"
"Goodreads.com","Web","525522","73003","452519"
"Last.fm","Media","1537742","57268","1480474"
"Meetup","Web","7677580","2061324","5616256"
"Odnoklassniki.ru","Social Networking","55427734","3731316","51696418"
"Tumblr","Social Networking","22631208","805330","21825878"
"Vk.com (Vkontakte)","Social Networking","1189466631","48984218","1140482413"
"Vox.com","Web","7171","1343","5828"
"Yelp.com","Web","10208382","335601","9872781"
"Adobe Flash Plugin Update","Web","22926","5333","17593"
"Apple Update","Web","794309","77002","717307"
"Archive.org","Web","868355","27814","840541"
"Opera Update","Web","411296","104973","306323"
"BitDefender Update","Web","3373207","1395321","1977886"
"Viber","Real Time Audio/Video","781614","83103","698511"
"Playstation Network","Gaming","139630","14957","124673"
"Kaspersky Update","Web","62632","4424","58208"
"Garena","Web","15043","2512","12531"
"Microsoft SharePoint","Business Application","191616","4732","186884"
"Box","File Sharing","17337","1363","15974"
"Dropbox","Storage and Backup","8147741","2455031","5692710"
"Fotki.com","Web","105437","4499","100938"
"Google Translate","Web","795974","110542","685432"
"iHeartRADIO","Media","24446595","2349857","22096738"
"Psiphon","Web","271384","28324","243060"
"Portal.TidalTV.com","Web","565782","121860","443922"
"SiriusXm.com","Media","840124","125039","715085"
"YouKu","Media","681368","599530","81838"
"GoToMeeting Online Meeting","Business Collaboration","52657545","3120410","49537135"
"Bloomberg.com","Web","4263","318","3945"
"Internet Inter-ORB Protocol","Network Service","2902","1804","1098"
"BlackBerry.com","Web","1009039","547594","461445"
"Netware Core Protocol","Management","6448","4012","2436"
"Acer","Web","15537","3061","12476"
"Adobe Acrobat DC (Document Cloud)","Web","255806","67860","187946"
"AmericanExpress","Web","86324","28154","58170"
"Blogger","Web","169827","18921","150906"
"Capital One","Web","529828","52055","477773"
"Cnet.com","Web","11401479","1528520","9872959"
"CNN (Cable News Network)","Web","1041096","249505","791591"
"Comcast","Web","689236","29984","659252"
"Daily Mail","Web","38437","11364","27073"
"Fox News","Web","27183819","3491726","23692093"
"Groupon","Web","1674647","105557","1569090"
"Kaspersky.com","Web","467648","235869","231779"
"MTV","Web","331866","14615","317251"
"Naver Corporation (formerly NHN Corporation)","Web","172640395","8444695","164195700"
"NYTimes.com","Web","2927197","229174","2698023"
"PlayStation.com","Web","21565810","2537906","19027904"
"Sports Illustrated","Web","81614","3650","77964"
"WashingtonPost.com","Web","1624098","60762","1563336"
"Xbox","Gaming","23864","3174","20690"
"XNXX","Web","41179","8391","32788"
"Youdao.com","Web","607728","242507","365221"
"Sina.com.cn","Internet Instant Messaging","9329423","391828","8937595"
"Sophos update","Business Application","68026","11108","56918"
"Sina Weibo","Web","4593512","432941","4160571"
"Taobao","Web","5196006","3305477","1890529"
"Google App Engine","Business Application","2163150","754028","1409122"
"Apple FaceTime","Real Time Audio/Video","480227289","141733156","338494133"
"Line","Internet Instant Messaging","19482460","3570850","15911610"
"Shazam","Web","1033937","81834","952103"
"SoundCloud","Media","15288723","814525","14474198"
"QQ.com","Web","6961698","357927","6603771"
"163.com","Web","64676005","32165577","32510428"
"Sohu.com","Web","2071920","49226","2022694"
"Ifeng.com","Web","124373","12498","111875"
"Alipay","Web","38675","17492","21183"
"Sogou.com","Web","440054","367039","73015"
"360.cn","Web","1402","976","426"
"Alibaba.com","Web","2238799","458212","1780587"
"Zynga.com","Gaming","538277","97000","441277"
"Limelight Networks CDN","Web","1108174425","29312251","1078862174"
"ISO Base Media File Format","Real Time Audio/Video","128716975","4252552","124464423"
"KIK Messenger","Internet Instant Messaging","238090","176176","61914"
"WeChat","Internet Instant Messaging","91965154","7933490","84031664"
"MiTalk Messenger (Miliao)","Internet Instant Messaging","63094","9131","53963"
"Rakuten.co.jp","Web","180953","20422","160531"
"Mail189.cn","Email","8916","5626","3290"
"QQ Games","Gaming","26042","13182","12860"
"Sina finance","Web","90608","6437","84171"
"Tencent.com","Internet Instant Messaging","146358","4283","142075"
"Nokia Here API","Web","66667","37353","29314"
"MeetMe.com","Social Networking","616470","134575","481895"
"Radiko.jp","Web","43100","8843","34257"
"Nend.net","Web","3722","1084","2638"
"Speedtest","File Sharing","77035","47365","29670"
"ESPN.go.com","Web","1344832","166098","1178734"
"BuzzFeed.com","Web","45630","25897","19733"
"Internet Movie Database","Web","3503985","185641","3318344"
"Imgur.com","Storage and Backup","55796284","1529668","54266616"
"JingDong","Web","4681","677","4004"
"Apple Maps","Web","1215410","62437","1152973"
"WebSocket","Network Service","5843888","2025710","3818178"
"LastPass.com","Web","10990","2094","8896"
"ITV Player","Real Time Audio/Video","6963","478","6485"
"BlackBerry OS Updates","Web","911404","157676","753728"
"Bitcoin client","Peer to Peer","2986","1654","1332"
"BBC","Web","3154439","239597","2914842"
"ElPais.com","Web","3404692","115106","3289586"
"Marca.com","Web","317419","74248","243171"
"Free","Web","542","332","210"
"craigslist","Web","864","498","366"
"Internet Small Computer Systems Interface","Network Service","1111","562","549"
"Background Intelligent Transfer Service","File Sharing","75468134","10015980","65452154"
"Seznam.cz","Web","8429","982","7447"
"Hotspot Shield","Tunneling and VPN","4785001","1686255","3098746"
"AllMusic.com","Media","824497","42135","782362"
"Conviva","Infrastructure","1800994","935544","865450"
"EdgeCast Networks CDN","Infrastructure","7230","1036","6194"
"AliExpress.com","Web","7018015","321759","6696256"
"Wp.pl","Web","29516","7424","22092"
"Ask.fm","Social Networking","91613","15439","76174"
"Fox Business Network","Web","23148","4384","18764"
"Yadro","Web","66898","29775","37123"
"Telegram","Internet Instant Messaging","497167264","55462423","441704841"
"Candy Crush Saga","Gaming","366466","109090","257376"
"Waze Social GPS Maps & Traffic","Web","14679201","936907","13742294"
"OpenStreetMap","Infrastructure","75655","6726","68929"
"Videoplaza","Web","15187","2030","13157"
"Crashlytics","Web","14373724","3070302","11303422"
"Brightcove","Media","7280474","405726","6874748"
"Plenty Of Fish","Web","8069621","1963006","6106615"
"FreeWheel","Web","1211282","234473","976809"
"Xiaomi","Web","385982563","12141693","373840870"
"Turner","Web","37411","7543","29868"
"Nielsen","Web","2350429","416768","1933661"
"ASANA","Web","12002336","2190497","9811839"
"Mubi","Media","79508","10822","68686"
"JAVA-RMI","Network Service","6163","3838","2325"
"Taobao Ad Network and Exchange","Web","43913","9954","33959"
"Cedexis","Web","2929985","842262","2087723"
"Hootsuite","Web","32893","1788","31105"
"Amazon Cloud Drive","Web","216452","11923","204529"
"Talabat","Web","116687","35901","80786"
"Lazada","Web","17450538","504935","16945603"
"Gettyimages","Web","109999","6618","103381"
"Theladbible","Web","1684268","110557","1573711"
"quic","Network Service","8875546","2211199","6664347"
"CPMSTAR","Web","66695","10421","56274"
"Sizmek (previously MediaMind)","Web","8604076","440634","8163442"
"AOL One","Web","2138841","105979","2032862"
"Realestate","Web","159384","31550","127834"
"Constant Contact","Web","287406","32401","255005"
"My.com","Web","9283","2350","6933"
"Helpshift","Web","508022","130208","377814"
"Apple Music","Media","1314032880","35558958","1278473922"
"HideMyAss","Anonymizers and Proxies","6685733","1012691","5673042"
"CBS Video","Web","1284686","110257","1174429"
"Fastly","Web","3074198","314251","2759947"
"Disney Channel","Web","2730886","156169","2574717"
"UpLynk","Web","183959","36544","147415"
"NBC","Web","5935113","672963","5262150"
"Periscope","Media","7410","1937","5473"
"Microsoft Planner (Office 365)","Business Application","2605029","1434573","1170456"
"Olark","Web","136337","23780","112557"
"Rovi corporation","Web","146090","13517","132573"
"Mapbox","Web","8732798","833074","7899724"
"Uptodown","Web","18617","3348","15269"
"Microsoft Excel Online (Office 365)","Web","136650958","90505162","46145796"
"Riffsy (Tenor.co)","Web","88659368","2984978","85674390"
"Tune","Web","28115","6105","22010"
"Manorama Online","Web","7472","2568","4904"
"TubeMogul","Web","300439","48089","252350"
"Umeng","Web","1485121","810857","674264"
"Revcontent","Web","3264822","567666","2697156"
"MobFox","Web","64779","15422","49357"
"Google Photos (formerly Google Picasa)","Web","91601673","86227461","5374212"
"Liftoff","Web","2279951","722228","1557723"
"Baidu Maps","Web","65638","11939","53699"
"QQVideo","Web","2184147","108673","2075474"
"ICY (I Can Yell)","Media","94232","4901","89331"
"Ethernet/IP","Network Service","2322620","2217746","104874"
"MQ Telemetry Transport","Network Service","18407","8043","10364"
"Clicktale","Web","1805480","585084","1220396"
"CDNetworks","Infrastructure","106963","14408","92555"
"Weborama","Web","69554","16663","52891"
"Constrained Application Protocol","Network Service","4526","2984","1542"
"Highwinds","Web","12245587","732467","11513120"
"Innovid","Web","53582351","1853594","51728757"
"Wix","Web","3032656","282667","2749989"
"Tinder","Web","107608709","5838444","101770265"
"Eskimi","Web","162683","14750","147933"
"Heroku","Web","1071670","89149","982521"
"IMO Video Calling Application","Media","52321","22869","29452"
"Amazon Music","Media","165256008","18249470","147006538"
"Microsoft Powerpoint Online (Office 365)","Business Collaboration","18647487","2807504","15839983"
"OPC Unified Architecture","Web","2994","1662","1332"
"OpenRTB","Web","110126","81061","29065"
"ADventori","Web","74591","16855","57736"
"Tealium","Web","4198670","731646","3467024"
"Audible","Real Time Audio/Video","1303197","778457","524740"
"Flashtalking","Web","3624768","425281","3199487"
"Yandex Disk","Web","312072","17514","294558"
"Zhihu","Web","1216406","53763","1162643"
"Booking.com","Web","3669","480","3189"
"Walmart","Web","1301007","557454","743553"
"Avast","Web","1006727","143012","863715"
"DocuSign","Web","400630","13969","386661"
"Autodesk Fusion 360","Tunneling and VPN","4377635","237515","4140120"
"Cloudinary","Web","8178559","977787","7200772"
"Gfycat","Web","20317","2076","18241"
"Mongodb Protocol","Business Application","825","538","287"
"Kahoot!","Web","1024820","106869","917951"
"Niantic, Inc","Web","381040","63538","317502"
"Clash Royale","Gaming","45213","19002","26211"
"Instructure","Web","128696","5549","123147"
"shopee.tw","Web","3578825","127707","3451118"
"Electronic Arts","Web","411409","269420","141989"
"Digioh","Web","740894","38161","702733"
"Apptimize","Web","17463","8914","8549"
"UC Browser","Web","55492","15809","39683"
"x_vpn","Tunneling and VPN","13875146","467062","13408084"
"Mediascope","Web","10243","2597","7646"
"Data Saver","Web","3219078","205207","3013871"
"Adtelligent","Web","453926","96260","357666"
"Youtube Music","Media","2437641","770582","1667059"
"Akamai Video","Media","96410368","2650072","93760296"
"Appnext","Web","46523","4301","42222"
"Tenor","Web","26232912","3291369","22941543"
"Splunk Cloud","Storage and Backup","9188","3338","5850"
"Fox Networks","Web","203512","9520","193992"
"9GAG","File Sharing","308792330","10002717","298789613"
"Text Me","Internet Instant Messaging","2037283","836546","1200737"
"AnchorFree","Tunneling and VPN","25179","5274","19905"
"Epic_games","Gaming","660764","250053","410711"
"Disqus","Web","8939797","735490","8204307"
"IBM","Web","248730","39506","209224"
"RingCentral","Business Collaboration","595695","35159","560536"
"Google News","Web","417710","26086","391624"
"Visual IQ","Web","272719","84587","188132"
"Alibaba Group","Web","959333","56875","902458"
"Alibaba Cloud","Web","24283420","2023343","22260077"
"CyberGhost","Tunneling and VPN","67223","9399","57824"
"Discourse","Web","3770836","170187","3600649"
"Dragon Ball","Gaming","43593836","3418667","40175169"
"ExpressVPN","Tunneling and VPN","1660945","403346","1257599"
"Future_plc","Web","5205319","313567","4891752"
"Monday.com","Web","92146131","7775599","84370532"
"Google Play Books","Web","73196","4184","69012"
"DICOM","Network Service","1744","1084","660"
"Minecraft","Gaming","3357","998","2359"
"iBooks","Web","9759768","1646621","8113147"
"Fandom","Web","2201048","123133","2077915"
"Tesla","Web","617226","271530","345696"
"Google GSuite","Web","52353044","27662384","24690660"
"OpenSignal","Web","13162","6148","7014"
"Megaphone","Web","33516099","865626","32650473"
"TripAdvisor","Web","2510292","141228","2369064"
"PubNub","Web","700878","253881","446997"
"Unknown virtual protocol","Unclassified","1061989","27438","1034551"
"NetEase","Web","141548475","4909866","136638609"
"Unknown virtual protocol","Unclassified","20941","11069","9872"
"Unknown virtual protocol","Unclassified","24788","4026","20762"
"Discovery Inc","Real Time Audio/Video","65939","13692","52247"
"Bumble","Web","2034530","197678","1836852"
"Qwant","Web","74856","10348","64508"
"National Public Radio","Web","585","214","371"
"Acast","Real Time Audio/Video","12367427","280796","12086631"
"Wireguard","Tunneling and VPN","3734564155","421046479","3313517676"
"Banggood","Web","1349787","111568","1238219"
"JWPLAYER","Web","223696648","8143472","215553176"
"Bigo","Web","4424260","228988","4195272"
"BAMTech","Real Time Audio/Video","32050983","17390614","14660369"
"Disney Plus","Real Time Audio/Video","1163021588","26067831","1136953757"
"Apple TV Plus","Real Time Audio/Video","367248955","11644817","355604138"
"Toutiao","Web","25080","3374","21706"
"Tuchong","Web","3579166","2262716","1316450"
"Airbnb","Web","9726","2663","7063"
"MediaLab","Web","2073916","1315513","758403"
"Wangwang","Internet Instant Messaging","581077","287378","293699"
"StackPath","Web","16335184","532304","15802880"
"Uber Eats","Web","76082","8117","67965"
"DoorDash","Web","115862","61687","54175"
"Houseparty","Real Time Audio/Video","88225","14178","74047"
"Roblox","Gaming","440209","40689","399520"
"BridTV","Real Time Audio/Video","135421","11268","124153"
"Likee","Internet Instant Messaging","5053505","720993","4332512"
"Citrix","Web","98597","34525","64072"
"Microsoft Dynamics","Business Application","7355","1493","5862"
"adRise","Real Time Audio/Video","3240899","803711","2437188"
"Tubi TV","Real Time Audio/Video","3204778110","89785544","3114992566"
"iFunny","Web","162592","7720","154872"
"Demandbase","Web","235158","12384","222774"
"Amazon Alexa Assistant","Business Collaboration","3651139","572129","3079010"
"Connatix","Real Time Audio/Video","31389593","2867120","28522473"
"Minute Media","Web","19424508","627922","18796586"
"UserReport","Web","275763","58944","216819"
" Revolut","Web","20071","5657","14414"
"WordReference.com","Web","435935","21908","414027"
"NHL.com","Web","18637456","980913","17656543"
"Priceline.com","Web","941653","201175","740478"
"RetailMeNot","Web","601158","67317","533841"
"BambooHR","Web","1148088","25124","1122964"
"OnlyFans","Web","24241","5431","18810"
"Call of Duty Mobile","Gaming","144049","100857","43192"
"The Walt Disney Company","Web","69987","19755","50232"
"Wired","Web","7991","2105","5886"
"Indiegogo","Web","8638","1130","7508"
"FedEx","Web","99209","37160","62049"
"WarnerMedia","Web","4975436","959715","4015721"
"Bilibili","Web","56567","2926","53641"
"Datadog","Web","845555","742947","102608"
