"Application","Category","Total Bytes","Bytes Received","Bytes Sent"
"Domain Name Service","Network Service","1761722616","848733691","912988925"
"Google Mail","Email","2133927874","262122913","1871804961"
"Google Search","Web","1730318600","345933095","1384385505"
"Google Maps","Web","98984873","16627571","82357302"
"HyperText Transfer Protocol","Web","4399439892","628784809","3770655083"
"HyperText Transfer Protocol Secure","Web","12916512227","3040746343","9875765884"
"Internet Control Message Protocol","Network Service","3278693083","2010011332","1268681751"
"Internet Message Access Protocol version 4","Email","114132811","42358542","71774269"
"Internet Message Access Protocol Secure","Email","143130508","121364105","21766403"
"Internet Protocol","Network Service","0","0","0"
"Internet Security Association and Key Management Protocol","Tunneling and VPN","352952847","100576730","252376117"
"XMPP Protocol (Jabber)","Business Collaboration","5884286","2361740","3522546"
"Skype and Teams","Business Collaboration","96755991","37372145","59383846"
"Simple Object Access Protocol","Network Service","1895114435","1006149200","888965235"
"Secure Shell","Tunneling and VPN","52888616","28039584","24849032"
"Secure Socket Layer","Tunneling and VPN","16977833125","5937841237","11039991888"
"Transmission Control Protocol","Other TCP/UDP","4116517375","901693059","3214824316"
"User Datagram Protocol","Other TCP/UDP","44737972618","9855104371","34882868247"
"Youtube.com","Media","100669683802","8760337202","91909346600"
"Facebook","Social Networking","37498015789","3387365705","34110650084"
"Google Ads","Web","3367913727","605325681","2762588046"
"Windows Live Hotmail","Email","230618077","45881587","184736490"
"LinkedIn","Social Networking","423262524","53242307","370020217"
"Apple Generic Services","Web","6127670066","466491282","5661178784"
"Online Certificate Status Protocol","Business Application","22641218","9148519","13492699"
"iTunes","Media","1023042380","142694210","880348170"
"TeamViewer","Remote Desktop","409164301","219968557","189195744"
"Bing.com (formerly MSN Search)","Web","795313712","196841749","598471963"
"Baidu.com","Web","59017313","25520909","33496404"
"Windows Update","Web","6299236405","721327918","5577908487"
"Chrome Update","Web","468271566","54123778","414147788"
"Google Analytics,Google Marketing Platform","Web","646659726","189740932","456918794"
"Google GStatic","Web","2576980331","248792158","2328188173"
"RSS","Web","8018208","372513","7645695"
"Google Generic","Web","1983889487","422194079","1561695408"
"Amazon Generic Services","Web","3654709180","1178327142","2476382038"
"WhatsApp Messenger","Internet Instant Messaging","8956288724","3064084805","5892203919"
"Apple App Store","Web","4555046113","330061410","4224984703"
"Windows Marketplace","Web","772365953","64553157","707812796"
"Apple Push Notification Service","Web","346824459","233309263","113515196"
"iOS over-the-air (OTA) update","Web","1204780311","93829590","1110950721"
"Samsung Apps","Web","152983722","22409315","130574407"
"Google Play Store","Media","8743284249","1268585668","7474698581"
"iCloud (Apple)","Storage and Backup","3210458082","1710351976","1500106106"
"Instagram","Web","27987297549","3829796449","24157501100"
"Amazon Web Services/Cloudfront CDN","Infrastructure","3761802509","1674719846","2087082663"
"Amazon Prime Video","Media","225135801","19202294","205933507"
"51.la","Web","2063190","1224169","839021"
"Yahoo.com","Web","675557778","100602825","574954953"
"CloudFlare CDN","Infrastructure","22686895212","1240166170","21446729042"
"Microsoft Office 365","Business Collaboration","1060623434","103199673","957423761"
"Zoho Corporation","Business Application","37669336","14802979","22866357"
"Microsoft Outlook (Office 365)","Business Application","910491505","224312325","686179180"
"BBC","Web","29447478","2278937","27168541"
"Google Accounts","Web","325407476","157601081","167806395"
"Amazon Ad System","Web","199753104","47267687","152485417"
"Snapchat","Social Networking","4172312466","553823893","3618488573"
"ScorecardResearch","Web","32181301","8830403","23350898"
"Bitstrips","Social Networking","73097726","6187153","66910573"
"Inneractive","Web","107576069","70116989","37459080"
"Flurry","Business Application","33304596","11653107","21651489"
"Samsung","Web","190676717","70297570","120379147"
"Crashlytics","Web","81754519","8966707","72787812"
"Facebook Messenger","Internet Instant Messaging","3101623088","1440156559","1661466529"
"InMobi","Web","70015582","24560960","45454622"
"Stickyads","Web","27980244","8674318","19305926"
"Smart AdServer","Web","73412922","20005353","53407569"
"Google Cloud Storage","Web","2320755364","2099354959","221400405"
"Google Cloud Messaging","Web","162127717","37052284","125075433"
"Google Calendar","Web","17584334","5200186","12384148"
"Apple Location","Web","4427708855","377980328","4049728527"
"quic","Network Service","59063407","50168174","8895233"
"HyperText Transfer Protocol version 2","Web","7076377727","1192236903","5884140824"
"Google Tag Manager","Web","477655589","52205888","425449701"
"Facebook Embedded Video","Media","2676291016","127694850","2548596166"
"Ad Safe Protected","Web","109342144","18180481","91161663"
"Adjust.com","Web","23046914","10781089","12265825"
"Urbanairship","Web","6821310","1802260","5019050"
"Applovin","Web","969283528","239982743","729300785"
"Android connectivity Manager","Network Service","21292265","11141419","10150846"
"Heap","Web","214911405","144592830","70318575"
"Optimizely","Web","114737745","36671312","78066433"
"Verizon","Web","20582721","12849329","7733392"
"Microsoft","Web","3385018660","808888995","2576129665"
"Umeng","Web","8347520","5058945","3288575"
"New Relic","Web","110063025","72557808","37505217"
"Uber (formerly UberCab)","Web","3134689267","2079670595","1055018672"
"Younow","Web","29617145","13496676","16120469"
"HyperText Transfer Protocol proxy","Network Service","26841406","15037066","11804340"
"Firebase Cloud Messaging","Web","625523560","259619622","365903938"
"Avast","Web","15251292","2210400","13040892"
"Amplitude","Web","79495402","71152996","8342406"
"ChinaNetCenter ","Web","1440184","987870","452314"
"Cisco","Web","7669946","1904999","5764947"
"IronSource","Business Application","192736556","28706988","164029568"
"ByteDance","Web","13961967071","643435553","13318531518"
"TikTok (Musical.ly)","Social Networking","34212998163","2681364103","31531634060"
"Apple News","Web","367131499","28475929","338655570"
"Vungle","Web","119496941","9388365","110108576"
"Google APIs","Web","6139068405","3416541700","2722526705"
"Amazon Cognito","Web","25361921","8407227","16954694"
"Unknown virtual protocol","Unclassified","1560897","640126","920771"
"Toutiao","Web","120779796","7233257","113546539"
"Xigua Video","Real Time Audio/Video","4571196","967660","3603536"
"DoorDash","Web","552359521","304628304","247731217"
"Digicert","Web","18665451","3687584","14977867"
"Intercom","Web","405731901","170277785","235454116"
"SD-WAN Control","SD-WAN","58464364331","32580905374","25883458957"
"SD-WAN Management","SD-WAN","6165815478","2764800103","3401015375"
"TencentMeeting","Business Collaboration","278396862","71102210","207294652"
"Dailymotion.com","Media","109541330","9153527","100387803"
"eBay.com","Web","267868498","93719020","174149478"
"GPRS Tunneling Protocol","Tunneling and VPN","160381265","25557175","134824090"
"McAfee Client update","Business Application","93017753","7293836","85723917"
"Network Time Protocol","Network Service","272655","144534","128121"
"Secure POP3","Email","2481816","195608","2286208"
"Session Initiation Protocol","Business Application","365391","199021","166370"
"Session Traversal Utilities for NAT","Business Collaboration","40814389","3931693","36882696"
"Wikipedia.com","Web","30546006","2335312","28210694"
"Yahoo Search","Web","4970154","546226","4423928"
"Yahoo Mail v.2.0","Email","127902119","24594532","103307587"
"Secure AIM","Internet Instant Messaging","1324024","469803","854221"
"WordPress.com","Social Networking","49144755","2544062","46600693"
"Mail.ru Webmail","Email","5168908","1879597","3289311"
"Foursquare.com","Web","1121977","344741","777236"
"Twitter","Social Networking","1363451068","113793993","1249657075"
"Yandex.ru","Web","6973753","2561716","4412037"
"Spotify","Media","1147823221","172760379","975062842"
"Java Update","Web","4444925","550422","3894503"
"Opera Update","Web","2155609","761299","1394310"
"Viber","Real Time Audio/Video","48536288","7885517","40650771"
"Avira Update","Web","6223","824","5399"
"Netflix.com","Media","2460365337","139979618","2320385719"
"Salesforce","Business Application","13182657","4888546","8294111"
"Portal.TidalTV.com","Web","1191563","305433","886130"
"AccuWeather","Web","7378655","1083615","6295040"
"Alexa","Web","54014","9497","44517"
"Blogger","Web","1960621","145855","1814766"
"Comcast","Web","77279054","14044375","63234679"
"Daum.net","Web","49192","12139","37053"
"Mozilla.com - Mozilla.org","Web","24367761","6348570","18019191"
"National Football League (NFL.com)","Web","438279","38654","399625"
"NYTimes.com","Web","25036002","966390","24069612"
"Sprint.com","Web","135786","42180","93606"
"SurveyMonkey.com","Web","64366","8286","56080"
"Weather.com","Web","22972768","4089826","18882942"
"Nexon.com","Web","18164185","6511805","11652380"
"QQ.com","Web","209788210","9955612","199832598"
"Ifeng.com","Web","403160","364294","38866"
"360.cn","Web","747827","356433","391394"
"Akamai Technologies CDN","Web","323984935","30592650","293392285"
"Microsoft Azure (previously Windows Azure)","Infrastructure","269945694","18749256","251196438"
"ISO Base Media File Format","Real Time Audio/Video","469520430","18922042","450598388"
"WeChat","Internet Instant Messaging","917824802","84235944","833588858"
"Rakuten.co.jp","Web","681127","119423","561704"
"Tencent.com","Internet Instant Messaging","2134844","246716","1888128"
"Google Talk (incl. Hangouts and Allo and Duo)","Real Time Audio/Video","35869186","15330880","20538306"
"Speedtest","File Sharing","5013678","335460","4678218"
"Pinterest","Web","110738462","14942463","95795999"
"Reddit.com","Web","3066098869","207443524","2858655345"
"Internet Movie Database","Web","135671","12063","123608"
"Apple SIRI","Web","77988203","58938122","19050081"
"Google Documents (aka Google Drive)","Storage and Backup","73683145","35222518","38460627"
"Apple Maps","Web","1491873","121432","1370441"
"WebSocket","Network Service","4646574","548775","4097799"
"Paypal.com","Web","34929425","7202468","27726957"
"Kijiji.ca","Web","206898188","15334756","191563432"
"Rt.com","Web","1434029","109827","1324202"
"Ynet.co.il","Web","177151","11112","166039"
"Aol","Web","4043381","1145720","2897661"
"Gameloft Games","Gaming","1475549","425666","1049883"
"AddThis","Web","12522113","1218857","11303256"
"Yadro","Web","57358","24649","32709"
"Turn","Web","4018648","991365","3027283"
"Quantcast","Web","17216370","3597882","13618488"
"Telegram","Internet Instant Messaging","307273608","23789451","283484157"
"Candy Crush Saga","Gaming","111805807","42563657","69242150"
"King Digital Entertainment","Gaming","9931439","2784341","7147098"
"Symantec","Web","1863425","385456","1477969"
"Oracle","Web","10337719","2231733","8105986"
"TRUSTe","Web","19604584","2051671","17552913"
"Criteo","Web","143261137","30024669","113236468"
"Adobe","Business Application","644433683","85120768","559312915"
"Google Safe Browsing","Web","35762464","9073562","26688902"
"World Series of Poker","Gaming","2091966584","298477540","1793489044"
"Twitch","Media","11243815","1189558","10054257"
"AppsFlyer","Business Application","45425990","15220971","30205019"
"Gravatar","Business Collaboration","1607022","216246","1390776"
"FreeWheel","Web","2435173","648261","1786912"
"Xiaomi","Web","177892460","7743599","170148861"
"Nielsen","Web","7317027","1317201","5999826"
"Mixpanel","Web","12035460","8181010","3854450"
"Cedexis","Web","27107698","5081883","22025815"
"Flipboard","Web","144050443","15070218","128980225"
"OpenX","Web","19376582","6126102","13250480"
"PubMatic","Web","95697605","50728642","44968963"
"Index Exchange (previously Casale Media)","Web","72371190","26951687","45419503"
"LOTAME","Web","17236266","2257050","14979216"
"Rubicon Project","Web","111983170","45870811","66112359"
"Sizmek (previously MediaMind)","Web","25595529","1290599","24304930"
"AppNexus","Web","241767608","146063852","95703756"
"Rlcdn","Web","17094760","4141296","12953464"
"Advertising.com","Web","3203702","966121","2237581"
"Atlas Solutions","Web","772329","230344","541985"
"BootstrapCDN","Web","6425669","747544","5678125"
"Apple Music","Media","603396006","26384491","577011515"
"Outbrain","Web","130808402","27363237","103445165"
"Fastly","Web","13471504","573751","12897753"
"Rogers TV","Web","508232434","23035269","485197165"
"UpLynk","Web","1006209","128422","877787"
"Localytics","Web","1798338","712679","1085659"
"MoPub","Web","9637854","5969511","3668343"
"Moat","Web","120724159","31309150","89415009"
"Krux","Web","25299458","2981699","22317759"
"Periscope","Media","39079795","1342096","37737699"
"Branch Metrics","Web","59328683","14964068","44364615"
"Liveperson","Web","19018812","2182842","16835970"
"Taboola","Web","212686038","39469272","173216766"
"Rackspace","Web","2269528797","293932260","1975596537"
"Signal","Web","448260","91909","356351"
"Ensighten","Web","10964331","2001161","8963170"
"Tune","Web","219150","59737","159413"
"Smaato","Web","13132028","4849432","8282596"
"Braintree","Web","836420","147490","688930"
"MediaMath","Web","9044061","3471897","5572164"
"jQuery","Web","15311304","1191530","14119774"
"Everest Technologies","Web","15800103","5001706","10798397"
"TubeMogul","Web","727739","122342","605397"
"SpotXchange","Web","7037255","2929933","4107322"
"Microsoft OneDrive","Web","253382509","50859498","202523011"
"Revcontent","Web","8260236","1641917","6618319"
"MobFox","Web","592737","194646","398091"
"Google Photos (formerly Google Picasa)","Web","85159036","30229126","54929910"
"Conversant","Web","7153416","2657397","4496019"
"Teads","Web","18598459","2941901","15656558"
"Adform","Web","11994215","2523900","9470315"
"hotjar","Web","52488089","36525922","15962167"
"ZoomMeetings","Business Collaboration","732516766","30366923","702149843"
"Weborama","Web","347266","80374","266892"
"Innovid","Web","150822554","6492018","144330536"
"GIPHY","Web","108053603","6451900","101601703"
"Heroku","Web","1146978","184431","962547"
"IMO Video Calling Application","Media","48991282","19699399","29291883"
"Bidswitch","Web","20819382","7576871","13242511"
"Bugsnag","Web","3230460","2077744","1152716"
"Apple Game Center","Gaming","5921519","1418531","4502988"
"ADventori","Web","245326","50515","194811"
"Flashtalking","Web","12347915","2192566","10155349"
"Sharethrough","Web","42787856","13586554","29201302"
"AdColony","Web","10824513","2937027","7887486"
"Yieldmo","Web","11727179","2321009","9406170"
"Huawei","Web","36445962","5558437","30887525"
"DoubleVerify","Web","73537947","15780919","57757028"
"Media Innovation Group","Web","3141254","983744","2157510"
"Okta","Web","74101667","25586160","48515507"
"PulsePoint","Web","4315316","1441282","2874034"
"eXelate","Web","1730452","447038","1283414"
"Sonobi","Web","10096921","3591872","6505049"
"Gfycat","Web","3727130","138964","3588166"
"Google Cloud Platform","Web","33171216","10179841","22991375"
"Microsoft teams","Internet Instant Messaging","229687980","20615351","209072629"
"Mediascope","Web","238295","54051","184244"
"Data Saver","Web","9792891","809974","8982917"
"Adtelligent","Web","3828506","1734336","2094170"
"Akamai Video","Media","1475564","444904","1030660"
"9GAG","File Sharing","957521","123828","833693"
"Epic_games","Gaming","128179","36047","92132"
"Disqus","Web","27812687","2615135","25197552"
"Grammarly","Web","29505719","4165596","25340123"
"Simpli.fi","Web","4231397","834830","3396567"
"Visual IQ","Web","283672","77044","206628"
"Alibaba Group","Web","307721","90970","216751"
"Alibaba Cloud","Web","11991298","2205254","9786044"
"Discord","Internet Instant Messaging","204257495","25641358","178616137"
"ExpressVPN","Tunneling and VPN","273064","72450","200614"
"MAkeMyTrip","Web","1301164","148619","1152545"
"Google GSuite","Web","15873658","10213269","5660389"
"Megaphone","Web","408444548","51876575","356567973"
"Unknown virtual protocol","Unclassified","57790874","4083644","53707230"
"Unknown virtual protocol","Unclassified","148944460","25929799","123014661"
"Unknown virtual protocol","Unclassified","428657","105091","323566"
"Unknown virtual protocol","Unclassified","301151296","112969521","188181775"
"Google Pay","Web","12829410","2962435","9866975"
"Firework","Internet Instant Messaging","2063042","384703","1678339"
"Google Messages","Internet Instant Messaging","73907864","25709581","48198283"
"JWPLAYER","Web","132185667","7940982","124244685"
"Quora","Social Networking","59468589","7498474","51970115"
"Wangwang","Internet Instant Messaging","753058","316981","436077"
"StackPath","Web","2114035","179792","1934243"
"Uber Eats","Web","5717249","1297716","4419533"
"Houseparty","Real Time Audio/Video","359688","50615","309073"
"Microsoft Dynamics","Business Application","39327","14862","24465"
"Demandbase","Web","421778","31426","390352"
"Yubo","Internet Instant Messaging","751196","77058","674138"
"UserReport","Web","580038","108464","471574"
"Pendo","Web","62316185","12329425","49986760"
"Go Daddy","Web","2363651","202454","2161197"
"Contentful","Web","148191592","24103127","124088465"
"Geforce Now","Gaming","6939829","806878","6132951"
"Font Awesome","Web","34639148","4232284","30406864"
"Unknown virtual protocol","Unclassified","1141373","522057","619316"
"BitTorrent","Peer to Peer","20600","1884","18716"
"File Transfer Protocol","File Sharing","214936","128118","86818"
"Google Earth","Web","14432","864","13568"
"Kerberos","Authentication","3112","1592","1520"
"Netbios Name Service","Network Service","16068","16068","0"
"Outlook Web App","Email","1002425","464667","537758"
"Post Office Protocol (Version 3)","Email","5454","1764","3690"
"QQ","Internet Instant Messaging","3148499","606195","2542304"
"Real Time Control Protocol","Business Collaboration","25695876","478515","25217361"
"Real Time Protocol","Business Collaboration","1323163253","759563589","563599664"
"Real Time Streaming Protocol","Media","50726","16429","34297"
"ShoutCast","Media","1375030","61004","1314026"
"Simple Mail Transfer Protocol","Email","302662","110771","191891"
"Simple Mail Transfer Protocol Secure","Email","512564508","497544209","15020299"
"Telnet","Network Service","9887","9567","320"
"MPEG-Transport Stream","Real Time Audio/Video","52085250","1435584","50649666"
"Simple Network Paging Protocol","Network Service","5437","351","5086"
"Ask.com","Web","6014770","972968","5041802"
"Tagged.com","Social Networking","3296655","1835524","1461131"
"Expedia.fr","Web","3725834","2221109","1504725"
"Travelocity.com","Web","21892","3086","18806"
"Realtor.com","Web","165434","11731","153703"
"Flickr","Social Networking","3407030","202392","3204638"
"Deezer","Web","6049460","712394","5337066"
"Steampowered.com","Gaming","20829829","1321869","19507960"
"Xbox Live","Gaming","10283721","857309","9426412"
"Badoo.com","Internet Instant Messaging","252264","90902","161362"
"Flixster.com","Web","220330","13278","207052"
"Goodreads.com","Web","263497","33264","230233"
"Italki.com","Web","67426","8277","59149"
"Last.fm","Media","2137986","259168","1878818"
"Meetup","Web","22228732","7606127","14622605"
"Odnoklassniki.ru","Social Networking","94657","19358","75299"
"ResearchGATE.net","Web","9013","1214","7799"
"ReverbNation.com","Web","8572","2012","6560"
"Tumblr","Social Networking","618925","43695","575230"
"Vk.com (Vkontakte)","Social Networking","300457","48199","252258"
"Vox.com","Web","194505","16843","177662"
"Yammer.com","Business Application","11263","3243","8020"
"Yelp.com","Web","2503552","124733","2378819"
"Adobe Flash Plugin Update","Web","20405","4602","15803"
"Teredo protocol","Tunneling and VPN","3298","2543","755"
"Firefox Update","Web","168524986","20165528","148359458"
"Apple Update","Web","13360752","1342218","12018534"
"Archive.org","Web","5035654","311555","4724099"
"icecast","Media","11965986","417988","11547998"
"BitDefender Update","Web","17913953","2993932","14920021"
"UUSee Protocol","Media","7958","4694","3264"
"Dropbox","Storage and Backup","160143261","5928300","154214961"
"Google Translate","Web","19847411","12757665","7089746"
"iHeartRADIO","Media","431327","33859","397468"
"Livestream (formerly Mogulus)","Media","5668495","238927","5429568"
"PartyPoker.com","Gaming","34287","10188","24099"
"Psiphon","Web","143061","16852","126209"
"YouKu","Media","1369260","1289750","79510"
"WebEx","Business Collaboration","687183","209096","478087"
"Slingbox","Media","842800","37906","804894"
"Bloomberg.com","Web","17353294","1670843","15682451"
"BlackBerry.com","Web","7099336","2186682","4912654"
"10086.cn","Web","576033","122748","453285"
"ABCNews","Web","2271612","139111","2132501"
"Adobe Acrobat DC (Document Cloud)","Web","139937","42181","97756"
"AlJazeera.net","Web","775487","127581","647906"
"AmericanExpress","Web","2368914","237318","2131596"
"Capital One","Web","5619373","911778","4707595"
"Cnet.com","Web","25370737","912921","24457816"
"CNN (Cable News Network)","Web","37692903","4692380","33000523"
"China Network Television","Web","93662","8127","85535"
"Daily Mail","Web","10983656","1511970","9471686"
"Fox News","Web","49924612","6594083","43330529"
"Groupon","Web","2336624","237603","2099021"
"IKEA.com","Web","67987417","13898144","54089273"
"Intuit.com","Business Application","94550","35243","59307"
"Kaspersky.com","Web","4181213","1532987","2648226"
"Mashable.com","Web","27150","5290","21860"
"Monster.com","Web","34790","6348","28442"
"NationalGeographic.com","Web","707399","47492","659907"
"Naver Corporation (formerly NHN Corporation)","Web","1031179","108912","922267"
"NBA.com","Web","14827572","2900374","11927198"
"Nike.com","Web","42610306","9287206","33323100"
"PlayStation.com","Web","730142","185256","544886"
"Reuters.com","Web","8886696","803252","8083444"
"Vimeo","Web","17583795","1248317","16335478"
"WashingtonPost.com","Web","4448276","395118","4053158"
"Xbox","Gaming","322313","20894","301419"
"XNXX","Web","225411","44270","181141"
"Xvideos.com","Media","693442","131567","561875"
"Youdao.com","Web","6526660","2794831","3731829"
"Sina.com.cn","Internet Instant Messaging","21913335","2468978","19444357"
"Sina Weibo","Web","116854145","9385430","107468715"
"Taobao","Web","21666082","4930720","16735362"
"QQ WeiBo","Web","842579","328250","514329"
"Google App Engine","Business Application","2526292","585475","1940817"
"Apple FaceTime","Real Time Audio/Video","925151822","401810476","523341346"
"Line","Internet Instant Messaging","21830525","4238607","17591918"
"Shazam","Web","1044058","178152","865906"
"SoundCloud","Media","141013414","9969999","131043415"
"KakaoTalk","Internet Instant Messaging","69104","16557","52547"
"Nate.com","Web","286304","17888","268416"
"163.com","Web","1046464","889022","157442"
"Sohu.com","Web","1353726","79642","1274084"
"Alipay","Web","741295","335818","405477"
"Sogou.com","Web","3633396","893939","2739457"
"Douban.com","Web","717786","258676","459110"
"Alibaba.com","Web","6394882","1355654","5039228"
"iQiyi","Web","18593302","1066536","17526766"
"Zynga.com","Gaming","8595463","2347102","6248361"
"Limelight Networks CDN","Web","1201790786","78862406","1122928380"
"Datagram Transport Layer Security","Tunneling and VPN","146730938","41594176","105136762"
"KIK Messenger","Internet Instant Messaging","89517","20511","69006"
"MiTalk Messenger (Miliao)","Internet Instant Messaging","2981661","195362","2786299"
"MEGA","Peer to Peer","1260","668","592"
"Ameba.jp","Web","1502655","118022","1384633"
"Hatena.ne.jp","Social Networking","9963","1350","8613"
"Pixiv.net","Web","98055","5976","92079"
"Ctrip.com","Web","2089035","242717","1846318"
"Eastmoney.com","Web","2772184","884539","1887645"
"QQ Mail","Email","928525","413907","514618"
"QQ News","Web","6059953","461254","5598699"
"Sina finance","Web","31817","4816","27001"
"Suning.com","Web","6328","1080","5248"
"Xiami.com","Web","14254","1297","12957"
"Xuite.net","Gaming","229746","15644","214102"
"Pornhub","Web","219140","64853","154287"
"Nokia Here API","Web","241959","109674","132285"
"MeetMe.com","Social Networking","311429","44084","267345"
"Microsoft SharePoint Online (Office 365)","Business Application","274702760","200366200","74336560"
"ESPN.go.com","Web","22004347","2192645","19811702"
"MapQuest.com","Web","282743","20107","262636"
"BuzzFeed.com","Web","25900571","3813953","22086618"
"Imgur.com","Storage and Backup","7878366","375237","7503129"
"xHamster.com","Web","968835","228052","740783"
"Evernote","Web","541244","238745","302499"
"JingDong","Web","130395","69956","60439"
"Bet365.com","Web","2202461","272595","1929866"
"LastPass.com","Web","38558","8869","29689"
"Microsoft Skype for Business (formerly Microsoft Lync)","Business Collaboration","6831","3548","3283"
"Saavn Bollywood Music","Media","10034","1064","8970"
"touch","Internet Instant Messaging","15379","5011","10368"
"LineGames.jp","Gaming","1351515","97627","1253888"
"Softonic.com","Web","15295","5022","10273"
"Marca.com","Web","169146","25959","143187"
"MercadoLibre (aka MercadoLivre)","Web","95233","24469","70764"
"ESPNCricinfo.com","Web","169934","9139","160795"
"Goal.com","Web","561619","30076","531543"
"Apple HTTP Live Streaming","Real Time Audio/Video","255504958","6261805","249243153"
"24h.com.vn","Web","5789","2830","2959"
"craigslist","Web","1350213","132754","1217459"
"Iltalehti.fi","Web","237156","44652","192504"
"Indiatimes","Web","18113","3403","14710"
"ING Bank","Web","26135","7062","19073"
"System Center Configuration Manager","Management","53362","41441","11921"
"Background Intelligent Transfer Service","File Sharing","35668157","6310574","29357583"
"Conviva","Infrastructure","3589531","2582742","1006789"
"AliExpress.com","Web","85319474","3125709","82193765"
"Elmundo.es","Web","147143","18036","129107"
"Wp.pl","Web","60230","12403","47827"
"Mako.co.il","Web","162482","7083","155399"
"News24.com","Web","321789","28838","292951"
"Yle.fi","Web","6145644","298131","5847513"
"Eltiempo","Web","53757","2871","50886"
"Fox Business Network","Web","43720","7873","35847"
"News","Web","1166450","152531","1013919"
"Akinator the Genie","Gaming","101658","24015","77643"
"Aastocks","Web","2993207","294852","2698355"
"Waze Social GPS Maps & Traffic","Web","16672543","1973369","14699174"
"Huffington Post","Web","7657222","439952","7217270"
"OpenStreetMap","Infrastructure","682512","57545","624967"
"Videoplaza","Web","53902","17916","35986"
"Zendesk","Business Collaboration","10647451","666262","9981189"
"Brightcove","Media","19228101","1070605","18157496"
"Plenty Of Fish","Web","2407159","301621","2105538"
"Beatport","Media","47118","4589","42529"
"BoldChat Live Chat","Internet Instant Messaging","3630187","970610","2659577"
"OkCupid","Web","47461","20313","27148"
"Apsalar","Business Application","15743","2956","12787"
"Turner","Web","1447124","105283","1341841"
"zalo","Internet Instant Messaging","2120776","352667","1768109"
"Jamaica Gleaner","Web","710578","78572","632006"
"Inquirer","Web","118308","33474","84834"
"4CHAN","Web","10037","2359","7678"
"Taobao Ad Network and Exchange","Web","186299","46839","139460"
"Amazon Cloud Drive","Web","7817492","7436969","380523"
"Lazada","Web","1544230","91454","1452776"
"Gettyimages","Web","68377","4125","64252"
"Traffic Junky","Web","27780","4423","23357"
"CPMSTAR","Web","119177","22549","96628"
"ADTECH","Web","1018375","123209","895166"
"AOL One","Web","4808401","217858","4590543"
"Australian Broadcasting Corporation","Web","27543","5734","21809"
"Realestate","Web","303743","52702","251041"
"Constant Contact","Web","3156","1470","1686"
"GitHub","Web","215709427","5066915","210642512"
"Internet.org","Web","6733","2929","3804"
"My.com","Web","443368","239773","203595"
"Bizographics","Web","10949","2503","8446"
"Helpshift","Web","942515","163913","778602"
"Scotiabank","Web","21308946","5597634","15711312"
"Gmanetwork","Web","3113479","202172","2911307"
"CBS Video","Web","12477238","992090","11485148"
"Microsoft SpyNet (aka Microsoft Active Protection Service)","Web","12889","7688","5201"
"Unruly","Web","4051967","1596781","2455186"
"Disney Channel","Web","2161786","120981","2040805"
"NBC","Web","33725568","2723944","31001624"
"Microsoft Translator (Bing Translator)","Web","100646","29938","70708"
"Perform","Web","429297","43846","385451"
"Microsoft Office OneNote (Office 365)","Business Application","1107565","359411","748154"
"Olark","Web","1913221","197947","1715274"
"Zopim","Web","872477","198966","673511"
"Mapbox","Web","11606493","758556","10847937"
"ABS-CBN Entertainment","Web","1480060","248632","1231428"
"Uptodown","Web","946853","63109","883744"
"Google Code","Web","7858","1836","6022"
"Microsoft Excel Online (Office 365)","Web","9903203","2922982","6980221"
"LiveChat","Web","3395004","380305","3014699"
"Riffsy (Tenor.co)","Web","9671089","738119","8932970"
"Manorama Online","Web","25116","7932","17184"
"Politis News","Web","58419","3193","55226"
"LKQD","Web","333043","99491","233552"
"Lookout Mobile Security","Business Application","28450","2388","26062"
"Bleacher Report","Web","870919","57776","813143"
"Rappler","Web","251498","10477","241021"
"BitComet Peer Exchange (PEX)","Peer to Peer","23386","1316","22070"
"Yandex Maps","Web","31547","4736","26811"
"Liftoff","Web","2110466","739549","1370917"
"Baidu Maps","Web","666175","119786","546389"
"QQVideo","Web","35486813","1309785","34177028"
"Slack","Web","25586369","11462846","14123523"
"ICY (I Can Yell)","Media","16133184","798674","15334510"
"Bazaarvoice","Web","8796124","1372245","7423879"
"MQ Telemetry Transport","Network Service","35493","23757","11736"
"Clicktale","Web","11519999","7510993","4009006"
"Pokemon GO","Gaming","3281374","861718","2419656"
"Highwinds","Web","18950986","742544","18208442"
"Wix","Web","20868929","2602981","18265948"
"Tinder","Web","28950328","5725460","23224868"
"Eskimi","Web","76170","11655","64515"
"Ubuntu","Web","7284","1033","6251"
"Clash of Clans","Gaming","6539324","629594","5909730"
"Supercell","Gaming","10520955","536961","9983994"
"Amazon Music","Media","724772","211068","513704"
"Cheetah Mobile","Web","49246","23776","25470"
"Microsoft Word Online (Office 365)","Business Collaboration","6210546","1339958","4870588"
"Signal Private Messenger (Open Whisper Systems)","Internet Instant Messaging","7798408","868858","6929550"
"Tidal","Media","304312","66643","237669"
"StreamRail","Media","303820","27742","276078"
"Vidyard","Web","958471","96188","862283"
"Nintendo","Gaming","256331897","9554318","246777579"
"OpenRTB","Web","558679","360592","198087"
"Tealium","Web","7354020","1860659","5493361"
"Audible","Real Time Audio/Video","542347","33135","509212"
"Samsung Update","Web","781955589","22501323","759454266"
"Mail.Ru Love","Web","250820","135445","115375"
"MGID","Web","13334050","1405202","11928848"
"ULP","Network Service","1334647","69446","1265201"
"Amazon Chime","Business Collaboration","677356","77631","599725"
"AnyDesk","Remote Desktop","440572","230581","209991"
"Naij","Web","153489","33273","120216"
"MaxCDN","Web","41565","9299","32266"
"Zhihu","Web","5067123","1184606","3882517"
"Booking.com","Web","54737483","7109166","47628317"
"Walmart","Web","1073063","906269","166794"
"Automatic Data Processing (ADP)","Web","1149385","55528","1093857"
"Duodecad IT Services","Web","23811154","503135","23308019"
"Turbobit","Web","1127553","192088","935465"
"Cloudinary","Web","17243896","1319823","15924073"
"Optus","Web","69918","5937","63981"
"Google Secure User Plane Location","Web","788734","121920","666814"
"T-Mobile","Web","356867","218368","138499"
"Sportradar","Web","2451361","304712","2146649"
"Pornhub NETWORK","Web","654811","92047","562764"
"Wall Street Journal","Web","2927819","190678","2737141"
"Niantic, Inc","Web","638862","54835","584027"
"Meitu","Web","2436257","781758","1654499"
"Clash Royale","Gaming","204140","76590","127550"
"Canvas Student","Web","3693380","135926","3557454"
"Instructure","Web","2364013","345878","2018135"
"Mail.com","Email","132441","29710","102731"
"United Internet","Web","18242","6354","11888"
"Workplace By Facebook","Social Networking","693407","588657","104750"
"Electronic Arts","Web","1239500","959589","279911"
"Facebook Lite","Social Networking","3971462","673986","3297476"
"Kakao","Web","11858","2910","8948"
"Digioh","Web","2176852","139232","2037620"
"Apptimize","Web","52220","16886","35334"
"UC Browser","Web","1405989","1141326","264663"
"x_vpn","Tunneling and VPN","2240039","1029100","1210939"
"Opera turbo","Network Service","411451976","27329028","384122948"
"Youtube Music","Media","829540","114254","715286"
"Appnext","Web","264819","38295","226524"
"Tenor","Web","27373561","2712457","24661104"
"Splunk Cloud","Storage and Backup","8802","2802","6000"
"Fox Networks","Web","1332438","101582","1230856"
"Text Me","Internet Instant Messaging","1472789","551556","921233"
"AnchorFree","Tunneling and VPN","116514","47119","69395"
"textPlus","Internet Instant Messaging","105825","50242","55583"
"vpn1.com","Anonymizers and Proxies","18062","12997","5065"
"IBM","Web","97383","37972","59411"
"RingCentral","Business Collaboration","152236","21704","130532"
"Google News","Web","12260902","1378834","10882068"
"I Want TV","Media","91415","23314","68101"
"TIM","Web","5729","1614","4115"
"TechRadar","Web","359348","24101","335247"
"Future_plc","Web","14057133","949767","13107366"
"Inskin","Web","114818","14715","100103"
"Wish","Web","563424","82390","481034"
"Google Play Books","Web","105313","31305","74008"
"iBooks","Web","783022","120487","662535"
"Fandom","Web","11702554","691612","11010942"
"AnonyTun","Tunneling and VPN","270110","106888","163222"
"TripAdvisor","Web","6485918","906744","5579174"
"PubNub","Web","231596","60231","171365"
"Unknown virtual protocol","Unclassified","169710089","25820367","143889722"
"Gaana","Real Time Audio/Video","1563581","90804","1472777"
"Unknown virtual protocol","Unclassified","1789619","217922","1571697"
"Unknown virtual protocol","Unclassified","4476611","406969","4069642"
"Unknown virtual protocol","Unclassified","47819","23454","24365"
"NetEase","Web","9813265","485014","9328251"
"Unknown virtual protocol","Unclassified","12141129","10010646","2130483"
"Unknown virtual protocol","Unclassified","29522841","1398637","28124204"
"Google Blog","Web","4878","348","4530"
"Bumble","Web","15634602","705609","14928993"
"National Public Radio","Web","6407750","351886","6055864"
"Acast","Real Time Audio/Video","7241","1120","6121"
"Raknet","Gaming","20860","6229","14631"
"Wireguard","Tunneling and VPN","444209503","63809115","380400388"
"Bigo","Web","26590656","1641933","24948723"
"BAMTech","Real Time Audio/Video","22343003","13825185","8517818"
"Disney Plus","Real Time Audio/Video","301052168","17783460","283268708"
"Kuwo","Real Time Audio/Video","10394","6575","3819"
"Engage Digital","Network Service","24971","1666","23305"
"Agora","Network Service","6919","4625","2294"
"Tuchong","Web","728035","646008","82027"
"Airbnb","Web","31614543","2871132","28743411"
"Zhenai","Web","5396","3569","1827"
"MediaLab","Web","3092946","260917","2832029"
"Workday","Business Application","8731427","2640570","6090857"
"Shopify","Web","92609707","5859876","86749831"
"Radio Javan","Real Time Audio/Video","2595259","94182","2501077"
"Roblox","Gaming","179090242","20598844","158491398"
"BridTV","Real Time Audio/Video","301591","22241","279350"
"Likee","Internet Instant Messaging","10744049","3376342","7367707"
"Acronis Cloud","Web","3324443","1432451","1891992"
"Acronis Backup","File Sharing","146141153","4783437","141357716"
"Citrix","Web","123709","36364","87345"
"Digital Turbine","Web","67177","31943","35234"
"Pluto TV","Real Time Audio/Video","11470730","1130414","10340316"
"Amber Weather","Web","2540","220","2320"
"adRise","Real Time Audio/Video","5016601","209913","4806688"
"Tubi TV","Real Time Audio/Video","47133337","2131897","45001440"
"KOCHAVA","Web","1449904","411040","1038864"
"Sift Science","Web","449590","134604","314986"
"ToTok Messenger","Internet Instant Messaging","13004","6476","6528"
"Amazon Alexa Assistant","Business Collaboration","1414730","401052","1013678"
"Spotify Audio","Real Time Audio/Video","850344745","30393558","819951187"
"Connatix","Real Time Audio/Video","40391509","3847476","36544033"
"Minute Media","Web","3348044","140967","3207077"
"Coursera","Web","3616","1597","2019"
"The Blaze","Web","7470098","740070","6730028"
"Hotels.com","Web","115809","8511","107298"
"Indeed","Web","97237697","27962601","69275096"
"NHL.com","Web","275616","23658","251958"
"Official Major League Baseball","Web","1250807","61870","1188937"
"Priceline.com","Web","9264127","1334645","7929482"
"Rotten Tomattoes","Web","535634","53863","481771"
"Slate Magazine","Web","3445417","207791","3237626"
"Slickdeals","Web","66226","4201","62025"
"TIME","Web","178924","10048","168876"
"TMZ","Web","4067118","211065","3856053"
"OnlyFans","Web","24393","12363","12030"
"Nvidia","Web","61946","2035","59911"
"The Walt Disney Company","Web","44605","20935","23670"
"Wired","Web","35173153","1438338","33734815"
"Kickstarter","Web","3033871","148830","2885041"
"FedEx","Web","387205","59397","327808"
"Kayak","Web","15472837","470433","15002404"
"G-Core Labs","Web","22419","6598","15821"
"WarnerMedia","Web","7116207","314468","6801739"
"Bilibili","Web","36241356","2211829","34029527"
"Etahub","Web","10762","2710","8052"
"Datadog","Web","271221","178769","92452"
"RingCentralApp","Business Collaboration","32031","9772","22259"
