"Application","Category","Total Bytes","Bytes Received","Bytes Sent"
"Dailymotion.com","Media","3214328887","56276195","3158052692"
"Domain Name Service","Network Service","2668610529","1264501552","1404108977"
"Google Mail","Email","2236162108","278223543","1957938565"
"Google Search","Web","2965841530","365895938","2599945592"
"Google Maps","Web","362515605","113830746","248684859"
"HyperText Transfer Protocol","Web","4888449770","421454530","4466995240"
"HyperText Transfer Protocol Secure","Web","37532284543","5741821983","31790462560"
"Internet Control Message Protocol","Network Service","4264054768","2545602715","1718452053"
"Internet Message Access Protocol version 4","Email","106281624","38453569","67828055"
"Internet Message Access Protocol Secure","Email","34383336","11760752","22622584"
"Internet Protocol","Network Service","0","0","0"
"IPsec (AH and ESP)","Tunneling and VPN","824409648","57785952","766623696"
"Internet Security Association and Key Management Protocol","Tunneling and VPN","1148458527","658736781","489721746"
"XMPP Protocol (Jabber)","Business Collaboration","4484640","1270167","3214473"
"McAfee Client update","Business Application","284900892","8828542","276072350"
"Network Time Protocol","Network Service","2036158","1133489","902669"
"Session Initiation Protocol","Business Application","442580","246467","196113"
"Skype and Teams","Business Collaboration","185565456","15028577","170536879"
"Simple Object Access Protocol","Network Service","1756940115","1040622233","716317882"
"Secure Shell","Tunneling and VPN","49555265","25925289","23629976"
"Secure Socket Layer","Tunneling and VPN","44277504202","6662379641","37615124561"
"Session Traversal Utilities for NAT","Business Collaboration","10976931","4915610","6061321"
"Transmission Control Protocol","Other TCP/UDP","3205123976","1170830587","2034293389"
"User Datagram Protocol","Other TCP/UDP","270681974214","20423061155","250258913059"
"Yahoo Search","Web","4441692","354074","4087618"
"Yahoo Mail v.2.0","Email","715751948","167218041","548533907"
"Youtube.com","Media","58533744944","2665129954","55868614990"
"Facebook","Social Networking","186848862059","5630934958","181217927101"
"Google Ads","Web","3635796778","579964683","3055832095"
"Windows Live Hotmail","Email","389507363","74776222","314731141"
"Secure AIM","Internet Instant Messaging","1181471","230598","950873"
"Expedia.fr","Web","45692354","7968158","37724196"
"Realtor.com","Web","77206","16679","60527"
"WordPress.com","Social Networking","28926529","1121911","27804618"
"LinkedIn","Social Networking","1289370383","30563189","1258807194"
"Apple Generic Services","Web","25724401824","702872329","25021529495"
"Online Certificate Status Protocol","Business Application","27911627","11303876","16607751"
"Steampowered.com","Gaming","94120373","5923246","88197127"
"Xbox Live","Gaming","156788821","3425866","153362955"
"Foursquare.com","Web","1663116","443261","1219855"
"Twitter","Social Networking","8824177760","2668578834","6155598926"
"Yandex.ru","Web","23044844","16977092","6067752"
"iTunes","Media","2496833508","246574226","2250259282"
"Spotify","Media","2421256278","195397569","2225858709"
"TeamViewer","Remote Desktop","283236984","174315877","108921107"
"Bing.com (formerly MSN Search)","Web","755172589","110260755","644911834"
"Baidu.com","Web","6942225","421882","6520343"
"Adobe Flash Plugin Update","Web","168467","19574","148893"
"Java Update","Web","2835307","194585","2640722"
"Windows Update","Web","9012494449","393810062","8618684387"
"Chrome Update","Web","1210545722","23895906","1186649816"
"Opera Update","Web","3626633","1194330","2432303"
"Viber","Real Time Audio/Video","109808110","14656925","95151185"
"Netflix.com","Media","30012622178","524155514","29488466664"
"Google Analytics,Google Marketing Platform","Web","836428952","177038457","659390495"
"Google GStatic","Web","3313336431","245041162","3068295269"
"Livestream (formerly Mogulus)","Media","1608196995","19672986","1588524009"
"Salesforce","Business Application","154603481","59958366","94645115"
"Portal.TidalTV.com","Web","1244872","334865","910007"
"YouKu","Media","1018086","957960","60126"
"GoToMeeting Online Meeting","Business Collaboration","126209252","44320538","81888714"
"Google Generic","Web","1727485089","235342565","1492142524"
"AccuWeather","Web","6516036","921013","5595023"
"Amazon Generic Services","Web","15184455081","7754270606","7430184475"
"Blogger","Web","2749691","91921","2657770"
"Comcast","Web","30530145","1200302","29329843"
"Daily Mail","Web","3095220","352910","2742310"
"Mozilla.com - Mozilla.org","Web","264304037","25373496","238930541"
"Vimeo","Web","1887083403","17427337","1869656066"
"Weather.com","Web","73977396","6714677","67262719"
"Xbox","Gaming","1500352","123082","1377270"
"XNXX","Web","25586","10014","15572"
"WhatsApp Messenger","Internet Instant Messaging","27943508994","8106623670","19836885324"
"Taobao","Web","6979041","1787199","5191842"
"Google App Engine","Business Application","3364915","469516","2895399"
"Apple App Store","Web","29194990270","537779866","28657210404"
"Windows Marketplace","Web","1195114250","59646969","1135467281"
"Apple FaceTime","Real Time Audio/Video","15745185174","7297764418","8447420756"
"Apple Push Notification Service","Web","707978629","468427171","239551458"
"iOS over-the-air (OTA) update","Web","14728015858","271999612","14456016246"
"Samsung Apps","Web","253888539","19383373","234505166"
"Google Play Store","Media","6719991386","627003556","6092987830"
"iCloud (Apple)","Storage and Backup","11915720510","2484874220","9430846290"
"Instagram","Web","148777202398","7736923823","141040278575"
"SoundCloud","Media","1117235328","38368848","1078866480"
"Amazon Web Services/Cloudfront CDN","Infrastructure","43496702859","8016270775","35480432084"
"Amazon Prime Video","Media","16705595568","422595825","16282999743"
"Alipay","Web","82730","34624","48106"
"Alibaba.com","Web","2488607","660624","1827983"
"Akamai Technologies CDN","Web","9971949727","206728333","9765221394"
"Microsoft Azure (previously Windows Azure)","Infrastructure","218244027","16254131","201989896"
"Yahoo.com","Web","1281271442","176035001","1105236441"
"Google Talk (incl. Hangouts and Allo and Duo)","Real Time Audio/Video","819236958","513999287","305237671"
"CloudFlare CDN","Infrastructure","13923999060","495800552","13428198508"
"Microsoft Office 365","Business Collaboration","1744104591","176304383","1567800208"
"Zoho Corporation","Business Application","39851607","8192067","31659540"
"Nokia Here API","Web","12983452","1274905","11708547"
"Microsoft SharePoint Online (Office 365)","Business Application","993275980","829508026","163767954"
"Pinterest","Web","352706787","25127664","327579123"
"Microsoft Outlook (Office 365)","Business Application","2058619075","449325164","1609293911"
"Reddit.com","Web","1179546950","42843694","1136703256"
"Apple SIRI","Web","204184873","140903377","63281496"
"Google Documents (aka Google Drive)","Storage and Backup","65814091","9668180","56145911"
"Apple Maps","Web","9378559","266712","9111847"
"Paypal.com","Web","260793911","22890724","237903187"
"Marca.com","Web","134147","39078","95069"
"Indiatimes","Web","28528870","1197431","27331439"
"AliExpress.com","Web","17933695","779282","17154413"
"Google Accounts","Web","590800548","333988732","256811816"
"Amazon Ad System","Web","384329183","66886506","317442677"
"Aol","Web","4775573","994324","3781249"
"Snapchat","Social Networking","19905994738","1022456829","18883537909"
"AddThis","Web","15833503","1068651","14764852"
"Turn","Web","4651648","1224455","3427193"
"ScorecardResearch","Web","40483149","14205141","26278008"
"Quantcast","Web","14754513","3471603","11282910"
"Telegram","Internet Instant Messaging","3530360134","152132160","3378227974"
"Oracle","Web","9640058","3201055","6439003"
"Bitstrips","Social Networking","227971816","11754295","216217521"
"TRUSTe","Web","40715908","3103569","37612339"
"Criteo","Web","363633330","65379324","298254006"
"Adobe","Business Application","3393711558","1289272846","2104438712"
"Zendesk","Business Collaboration","21392941","1200710","20192231"
"Google Safe Browsing","Web","50321075","13445919","36875156"
"Inneractive","Web","227858220","167471080","60387140"
"Flurry","Business Application","133490455","33874652","99615803"
"Samsung","Web","316244048","94121515","222122533"
"Crashlytics","Web","35664613","6254653","29409960"
"Brightcove","Media","91160632","3473829","87686803"
"Twitch","Media","2821140624","59111983","2762028641"
"BoldChat Live Chat","Internet Instant Messaging","4824112","2251494","2572618"
"Facebook Messenger","Internet Instant Messaging","21863507415","10047547853","11815959562"
"InMobi","Web","92759024","41280848","51478176"
"AppsFlyer","Business Application","113440282","38734427","74705855"
"Gravatar","Business Collaboration","2177476","336313","1841163"
"Xiaomi","Web","273218272","15712900","257505372"
"Nielsen","Web","5939978","1313323","4626655"
"Stickyads","Web","69749250","25250044","44499206"
"Mixpanel","Web","48437215","39553269","8883946"
"Smart AdServer","Web","78921213","31222659","47698554"
"Cedexis","Web","14624016","3704451","10919565"
"Google Cloud Storage","Web","9692967714","7877419729","1815547985"
"Google Cloud Messaging","Web","223172786","44341509","178831277"
"Lazada","Web","2737409","94736","2642673"
"Apple Location","Web","4436648674","459900970","3976747704"
"OpenX","Web","17768621","5954689","11813932"
"PubMatic","Web","136572615","62542633","74029982"
"Index Exchange (previously Casale Media)","Web","59662540","22021989","37640551"
"LOTAME","Web","12346084","2582121","9763963"
"Rubicon Project","Web","132813769","58227566","74586203"
"CPMSTAR","Web","273692","49185","224507"
"ADTECH","Web","1454215","105976","1348239"
"AppNexus","Web","362387278","194567873","167819405"
"AOL One","Web","2600020","355749","2244271"
"Rlcdn","Web","19582729","5736323","13846406"
"HyperText Transfer Protocol version 2","Web","9120967991","1096480098","8024487893"
"Advertising.com","Web","6016116","2142351","3873765"
"Google Tag Manager","Web","560428725","44713234","515715491"
"Facebook Embedded Video","Media","24998374131","340588437","24657785694"
"Ad Safe Protected","Web","146650876","25968565","120682311"
"Helpshift","Web","726845","177873","548972"
"Adjust.com","Web","41727104","18283306","23443798"
"Scotiabank","Web","51040502","9489590","41550912"
"Atlas Solutions","Web","687130","198723","488407"
"Urbanairship","Web","3486343","943900","2542443"
"BootstrapCDN","Web","6651564","706551","5945013"
"Apple Music","Media","7101652292","243148065","6858504227"
"Outbrain","Web","113771075","22036779","91734296"
"CBS Video","Web","56812142","3251069","53561073"
"LogMeIn","Remote Desktop","23994346","12367340","11627006"
"Fastly","Web","5603853","456267","5147586"
"Unruly","Web","12410767","6818058","5592709"
"Rogers TV","Web","142521447","10187069","132334378"
"UpLynk","Web","2179587","211828","1967759"
"NBC","Web","5180929","162626","5018303"
"Applovin","Web","1965037859","507600543","1457437316"
"Android connectivity Manager","Network Service","28907541","14531268","14376273"
"Moat","Web","277629586","108038734","169590852"
"Krux","Web","12900341","2003124","10897217"
"Periscope","Media","16312793","540491","15772302"
"Microsoft Office OneNote (Office 365)","Business Application","943019","97889","845130"
"Heap","Web","123008290","68981088","54027202"
"Branch Metrics","Web","146072866","29629022","116443844"
"Optimizely","Web","31126060","10223570","20902490"
"Liveperson","Web","30894707","3442806","27451901"
"Taboola","Web","419588786","60677586","358911200"
"Zopim","Web","4121185","724471","3396714"
"Rackspace","Web","1664397383","141001433","1523395950"
"Ensighten","Web","12563445","2490147","10073298"
"Smaato","Web","25294810","11888675","13406135"
"Verizon","Web","27818187","19616127","8202060"
"MediaMath","Web","8877349","3504226","5373123"
"jQuery","Web","44529213","1915637","42613576"
"Everest Technologies","Web","25389017","8522198","16866819"
"SpotXchange","Web","6745701","2908156","3837545"
"Microsoft OneDrive","Web","959069346","105912786","853156560"
"Microsoft","Web","3161265847","692737847","2468528000"
"Revcontent","Web","6372621","1320068","5052553"
"New Relic","Web","266603485","176182312","90421173"
"Google Photos (formerly Google Picasa)","Web","33873190","23391236","10481954"
"Liftoff","Web","4929705","1738836","3190869"
"Uber (formerly UberCab)","Web","2444107406","1522258726","921848680"
"Conversant","Web","7067088","2632932","4434156"
"Bazaarvoice","Web","27904242","3307326","24596916"
"Teads","Web","18127477","4054795","14072682"
"Clicktale","Web","20271886","11238334","9033552"
"Adform","Web","19234580","4830995","14403585"
"hotjar","Web","65632336","42689453","22942883"
"ZoomMeetings","Business Collaboration","2044648511","223088720","1821559791"
"Pokemon GO","Gaming","21962897","3855728","18107169"
"Weborama","Web","315030","96863","218167"
"HyperText Transfer Protocol proxy","Network Service","660049","317182","342867"
"Innovid","Web","838587825","19953506","818634319"
"Tinder","Web","294838065","10136266","284701799"
"GIPHY","Web","651117912","14854231","636263681"
"Firebase Cloud Messaging","Web","487418085","139317363","348100722"
"Heroku","Web","2414337","167661","2246676"
"Bidswitch","Web","27480353","11395413","16084940"
"Signal Private Messenger (Open Whisper Systems)","Internet Instant Messaging","22438750","1543739","20895011"
"Bugsnag","Web","9181364","5743953","3437411"
"Apple Game Center","Gaming","13616820","3024006","10592814"
"Tealium","Web","110596912","96899360","13697552"
"Flashtalking","Web","10841731","1194542","9647189"
"Sharethrough","Web","56240352","20319692","35920660"
"Yieldmo","Web","22841434","3293959","19547475"
"Huawei","Web","85534035","3855733","81678302"
"MGID","Web","19300497","987506","18312991"
"ULP","Network Service","14033867","1699344","12334523"
"DoubleVerify","Web","116382016","22021399","94360617"
"Media Innovation Group","Web","3053158","943491","2109667"
"Booking.com","Web","12215255","945003","11270252"
"Walmart","Web","2483695","1991835","491860"
"Okta","Web","140701856","26174517","114527339"
"PulsePoint","Web","10049321","4113215","5936106"
"eXelate","Web","2131300","604610","1526690"
"Sonobi","Web","11498855","4627012","6871843"
"Google Secure User Plane Location","Web","1714354","244464","1469890"
"Amplitude","Web","198527161","155593869","42933292"
"T-Mobile","Web","964713","334405","630308"
"Sportradar","Web","36436371","4228024","32208347"
"Wall Street Journal","Web","27706937","2347477","25359460"
"Google Cloud Platform","Web","33086474","10819163","22267311"
"Niantic, Inc","Web","312653","61135","251518"
"Instructure","Web","494623","42643","451980"
"Microsoft teams","Internet Instant Messaging","2642484390","758261192","1884223198"
"Digioh","Web","699842","34994","664848"
"Adtelligent","Web","5152273","1571114","3581159"
"Akamai Video","Media","378915572","8186293","370729279"
"Tenor","Web","91295476","7563165","83732311"
"Cisco","Web","14160685","5686677","8474008"
"IronSource","Business Application","340610127","33240519","307369608"
"Vonage Mobile","Media","305713","97166","208547"
"Disqus","Web","26540929","2607612","23933317"
"Grammarly","Web","56449569","19041434","37408135"
"Simpli.fi","Web","3455397","838325","2617072"
"ByteDance","Web","985896840","122890359","863006481"
"TikTok (Musical.ly)","Social Networking","227773592379","9206346511","218567245868"
"Google News","Web","17489039","4148117","13340922"
"Alibaba Cloud","Web","42854158","18926646","23927512"
"Discord","Internet Instant Messaging","1862213333","103155478","1759057855"
"Apple News","Web","440380167","20493038","419887129"
"Vungle","Web","264032112","13514985","250517127"
"Google APIs","Web","5807858311","2742510749","3065347562"
"Amazon Cognito","Web","25805143","7992755","17812388"
"Unknown virtual protocol","Unclassified","3363464639","82211072","3281253567"
"Unknown virtual protocol","Unclassified","2376266","232455","2143811"
"Unknown virtual protocol","Unclassified","182596545","32382083","150214462"
"Unknown virtual protocol","Unclassified","537327422","221021677","316305745"
"Unknown virtual protocol","Unclassified","140675544","126156688","14518856"
"Google Pay","Web","25304820","4535909","20768911"
"Google Messages","Internet Instant Messaging","48001568","14647572","33353996"
"JWPLAYER","Web","257444977","9129772","248315205"
"Quora","Social Networking","26505454","2001686","24503768"
"Wangwang","Internet Instant Messaging","255311","181444","73867"
"Shopify","Web","193706836","9725164","183981672"
"DoorDash","Web","676849860","271234292","405615568"
"Houseparty","Real Time Audio/Video","425011","105258","319753"
"adRise","Real Time Audio/Video","3705015","479148","3225867"
"Tubi TV","Real Time Audio/Video","374311830","9439571","364872259"
"Demandbase","Web","139277","19540","119737"
"KOCHAVA","Web","3123609","736501","2387108"
"Sift Science","Web","933750","205633","728117"
"Spotify Audio","Real Time Audio/Video","6718117272","71387058","6646730214"
"UserReport","Web","908973","211202","697771"
"Pendo","Web","361526688","25357632","336169056"
"Go Daddy","Web","7128755","408469","6720286"
"Contentful","Web","774631811","39475428","735156383"
"Indeed","Web","351393109","132598660","218794449"
"NHL.com","Web","543085821","18137856","524947965"
"Digicert","Web","12885598","4533274","8352324"
"Font Awesome","Web","23015326","1926018","21089308"
"Intercom","Web","161404358","65070118","96334240"
"SD-WAN Control","SD-WAN","29105148926","16263141980","12842006946"
"SD-WAN Management","SD-WAN","1834186827","807910517","1026276310"
"TencentMeeting","Business Collaboration","133741451","50357061","83384390"
"PlayStation.com","Web","664120","57707","606413"
"WarnerMedia","Web","104217209","2435798","101781411"
"BitTorrent","Peer to Peer","303888","44430","259458"
"eBay.com","Web","118075737","19604208","98471529"
"File Transfer Protocol","File Sharing","3553660","1905597","1648063"
"Google Earth","Web","4603870","480464","4123406"
"Google Groups","Social Networking","14326","3742","10584"
"Outlook Web App","Email","40252759","13576864","26675895"
"Post Office Protocol (Version 3)","Email","7358","2964","4394"
"Secure POP3","Email","213894","19804","194090"
"Point-to-Point Tunneling Protocol","Tunneling and VPN","3520","1732","1788"
"QQ","Internet Instant Messaging","6196387","974795","5221592"
"Real Time Control Protocol","Business Collaboration","48116767","5685389","42431378"
"Real Time Protocol","Business Collaboration","6847765518","2585506376","4262259142"
"SAP","Business Application","10999797","2843045","8156752"
"Simple Mail Transfer Protocol","Email","7158556","6849105","309451"
"Simple Network Management Protocol","Management","56186","56186","0"
"Wikipedia.com","Web","349911135","27811978","322099157"
"MPEG-Transport Stream","Real Time Audio/Video","15328894","325451","15003443"
"Xunlei/Thunder protocol","Peer to Peer","306","166","140"
"Ask.com","Web","3946083","323267","3622816"
"Tagged.com","Social Networking","397003","119827","277176"
"Travelocity.com","Web","31695","4209","27486"
"Flickr","Social Networking","59871","7894","51977"
"Hi5.com","Social Networking","551888","165469","386419"
"Deezer","Web","107959218","1144496","106814722"
"Mail.ru Webmail","Email","135495","30784","104711"
"Badoo.com","Internet Instant Messaging","650253","144257","505996"
"Flixster.com","Web","29535","1946","27589"
"Last.fm","Media","1039423","39073","1000350"
"Meetup","Web","20029","2158","17871"
"Odnoklassniki.ru","Social Networking","239669582","3146254","236523328"
"ResearchGATE.net","Web","1887775","286075","1601700"
"Tumblr","Social Networking","139970201","4242189","135728012"
"Vk.com (Vkontakte)","Social Networking","259636","54094","205542"
"Yammer.com","Business Application","541953","222169","319784"
"Yelp.com","Web","9994121","270331","9723790"
"Adobe Update Manager","Web","71163040","1475220","69687820"
"Firefox Update","Web","40825822","847776","39978046"
"Apple Update","Web","4242416","123853","4118563"
"icecast","Media","981026","24980","956046"
"BitDefender Update","Web","72151279","5776821","66374458"
"Symantec Norton AntiVirus Updates","Web","4109","1769","2340"
"Kugou/Kugoo","Peer to Peer","884","476","408"
"Garena","Web","2396821","64265","2332556"
"Box","File Sharing","4573211","169229","4403982"
"Dropbox","Storage and Backup","232796166","17523126","215273040"
"Evony.com","Web","4148415","1379918","2768497"
"Google Translate","Web","3652439","733331","2919108"
"Web-ICQ","Internet Instant Messaging","1497648","157113","1340535"
"iHeartRADIO","Media","97637768","7505701","90132067"
"Psiphon","Web","629034","158907","470127"
"Shutterfly.com","Web","159070","54696","104374"
"SiriusXm.com","Media","21273022","2044915","19228107"
"WebEx","Business Collaboration","563942","160579","403363"
"Bloomberg.com","Web","2553611","168195","2385416"
"BlackBerry.com","Web","287910","172040","115870"
"My Yahoo","Web","199682","11246","188436"
"ABCNews","Web","28035","1563","26472"
"Acer","Web","36735","9198","27537"
"Adobe Acrobat DC (Document Cloud)","Web","644921","184290","460631"
"Alexa","Web","142568","10358","132210"
"AmericanExpress","Web","8858887","2218004","6640883"
"ATT.com (AT&T)","Web","5893","1079","4814"
"Capital One","Web","14265482","1536233","12729249"
"Cnet.com","Web","7555","1300","6255"
"CNN (Cable News Network)","Web","12411386","721274","11690112"
"Daum.net","Web","611804","120116","491688"
"DirecTV.com","Web","25039","3728","21311"
"Fox News","Web","28145375","686894","27458481"
"FoxSports.com","Web","1219412","69335","1150077"
"Groupon","Web","4741748","193370","4548378"
"IKEA.com","Web","23168242","6731620","16436622"
"Intuit.com","Business Application","371439","116757","254682"
"Kaspersky.com","Web","123504","98657","24847"
"Mashable.com","Web","17607","3159","14448"
"Monster.com","Web","59410","12659","46751"
"NationalGeographic.com","Web","309040","9322","299718"
"Naver Corporation (formerly NHN Corporation)","Web","4858721","202168","4656553"
"NBA.com","Web","1470718","199327","1271391"
"National Football League (NFL.com)","Web","4069053","289884","3779169"
"Nike.com","Web","43070703","5306045","37764658"
"NYTimes.com","Web","38181758","1319740","36862018"
"Sky","Web","128203","11475","116728"
"SurveyMonkey.com","Web","44961","9402","35559"
"WashingtonPost.com","Web","5278070","679309","4598761"
"Xvideos.com","Media","320441","69396","251045"
"Youdao.com","Web","46634","19310","27324"
"Sina.com.cn","Internet Instant Messaging","8006","1412","6594"
"Sophos update","Business Application","128087","38718","89369"
"GMX webmail","Email","3215072","928098","2286974"
"Line","Internet Instant Messaging","67916","14800","53116"
"Google Plus","Web","39295","2624","36671"
"Scribd.com","Web","2237645","158989","2078656"
"Hulu","Media","8657","2059","6598"
"Shazam","Web","406509","45585","360924"
"TuneIn","Real Time Audio/Video","3487858","249159","3238699"
"KakaoTalk","Internet Instant Messaging","51913","15934","35979"
"Rhapsody","Media","22723","6460","16263"
"The Kyunghyang Shinmun","Web","171620","13012","158608"
"Nate.com","Web","9443","2363","7080"
"QQ.com","Web","23844889","1080289","22764600"
"163.com","Web","1822","561","1261"
"Sohu.com","Web","52810","9507","43303"
"Ifeng.com","Web","7594","2303","5291"
"360.cn","Web","30927","25176","5751"
"Zynga.com","Gaming","29406514","9566363","19840151"
"Limelight Networks CDN","Web","1242640548","32898976","1209741572"
"Datagram Transport Layer Security","Tunneling and VPN","229985831","40471140","189514691"
"ISO Base Media File Format","Real Time Audio/Video","63564951","2298457","61266494"
"KIK Messenger","Internet Instant Messaging","36135586","3751417","32384169"
"WeChat","Internet Instant Messaging","485935302","174799040","311136262"
"MiTalk Messenger (Miliao)","Internet Instant Messaging","8095524","172460","7923064"
"Rakuten.co.jp","Web","1145739","234406","911333"
"Ctrip.com","Web","4021771","384808","3636963"
"QQ Games","Gaming","150617","93586","57031"
"Tencent.com","Internet Instant Messaging","77588","28410","49178"
"Pornhub","Web","2590","371","2219"
"MeetMe.com","Social Networking","37892313","2665029","35227284"
"Microsoft Skype for Business (formerly Microsoft Lync Online) (Office 365)","Business Collaboration","106050","13508","92542"
"Speedtest","File Sharing","7120372","6563196","557176"
"ESPN.go.com","Web","2643818639","56294744","2587523895"
"BuzzFeed.com","Web","848378","112568","735810"
"Internet Movie Database","Web","12771968","352093","12419875"
"Imgur.com","Storage and Backup","20946449","655068","20291381"
"ThePirateBay.se","Web","81950","6985","74965"
"xHamster.com","Web","4611","909","3702"
"Evernote","Web","39923598","2689462","37234136"
"WebSocket","Network Service","2287638","568321","1719317"
"Bet365.com","Web","84749","7002","77747"
"Issuu.com","Web","1913500","61616","1851884"
"LastPass.com","Web","53380","21978","31402"
"Mendeley.com","File Sharing","35562","9375","26187"
"Saavn Bollywood Music","Media","31201","28376","2825"
"Orange.com","Web","2491","1069","1422"
"BBC","Web","11936136","853461","11082675"
"AVG.com","Web","26690","2974","23716"
"Softonic.com","Web","17982130","106466","17875664"
"ElPais.com","Web","78318","3839","74479"
"Goal.com","Web","11299","2193","9106"
"Apple HTTP Live Streaming","Real Time Audio/Video","66358807","1084027","65274780"
"craigslist","Web","3161520","295083","2866437"
"Kijiji.ca","Web","187942126","17134499","170807627"
"System Center Configuration Manager","Management","2402","1766","636"
"Background Intelligent Transfer Service","File Sharing","67496937","4784348","62712589"
"Seznam.cz","Web","97711","7023","90688"
"Varzesh3.com","Web","395445","18982","376463"
"Hotspot Shield","Tunneling and VPN","457182","224824","232358"
"Conviva","Infrastructure","17755833","11306249","6449584"
"Wp.pl","Web","34158","8414","25744"
"Zing.vn","Web","219380","49798","169582"
"The Simpsons: Tapped Out","Gaming","115656170","4935249","110720921"
"Eltiempo","Web","1629659","226866","1402793"
"Fox Business Network","Web","14351","1837","12514"
"Myjoyonline","Web","433519","32825","400694"
"Gameloft Games","Gaming","1864412","677056","1187356"
"Akinator the Genie","Gaming","258419","55484","202935"
"Candy Crush Saga","Gaming","94851129","30524188","64326941"
"King Digital Entertainment","Gaming","13396450","4072089","9324361"
"Waze Social GPS Maps & Traffic","Web","28098504","2435840","25662664"
"Symantec","Web","8040966","2104434","5936532"
"OpenStreetMap","Infrastructure","299822","8902","290920"
"Videoplaza","Web","110230","17875","92355"
"6play","Media","22935","4688","18247"
"Plenty Of Fish","Web","131413462","70053663","61359799"
"OkCupid","Web","507241","249975","257266"
"Apsalar","Business Application","48990","13742","35248"
"FreeWheel","Web","3080961","1170921","1910040"
"Turner","Web","2273142","72122","2201020"
"zalo","Internet Instant Messaging","81587520","1682175","79905345"
"battlenet","Gaming","239382","51047","188335"
"Jamaica Gleaner","Web","12446","1752","10694"
"Inquirer","Web","19472","11942","7530"
"AAJTAK","Web","2909012","244028","2664984"
"Abs.cbnnews","Web","172053","14713","157340"
"Hootsuite","Web","74413","1920","72493"
"Gettyimages","Web","3036472","126940","2909532"
"Google Calendar","Web","63537534","18597580","44939954"
"Flipboard","Web","1371959","230915","1141044"
"Traffic Junky","Web","5270","526","4744"
"quic","Network Service","7947749","3093305","4854444"
"Sizmek (previously MediaMind)","Web","389609712","8950457","380659255"
"Realestate","Web","360860","68681","292179"
"SBS","Media","2403641","84113","2319528"
"Constant Contact","Web","2389021","90491","2298530"
"GitHub","Web","5979427","115401","5864026"
"Atlassian","Web","1316662","471176","845486"
"Internet.org","Web","23514","5041","18473"
"Kakaocdn","Infrastructure","46961","2868","44093"
"Bizographics","Web","38134","7595","30539"
"Diply","Web","361471","30746","330725"
"HideMyAss","Anonymizers and Proxies","14252216","2813283","11438933"
"Disney Channel","Web","4466372","200413","4265959"
"Localytics","Web","6455333","1641978","4813355"
"MoPub","Web","1814905","852070","962835"
"Microsoft Translator (Bing Translator)","Web","24344","9542","14802"
"Perform","Web","385425","7967","377458"
"Microsoft Sway (Office 365)","Business Application","17276","2350","14926"
"Olark","Web","762115","38236","723879"
"Mapbox","Web","5945010","363037","5581973"
"Rollout","Web","224391","56516","167875"
"Microsoft Excel Online (Office 365)","Web","143023320","72245637","70777683"
"Signal","Web","16299469","723671","15575798"
"LiveChat","Web","7269684","480987","6788697"
"Riffsy (Tenor.co)","Web","44938191","4332968","40605223"
"Tune","Web","228904","55797","173107"
"Braintree","Web","2290170","584592","1705578"
"LKQD","Web","384977","108238","276739"
"Lookout Mobile Security","Business Application","64819","7783","57036"
"TubeMogul","Web","2315389","270499","2044890"
"Bleacher Report","Web","1220478","18705","1201773"
"Umeng","Web","376784","160544","216240"
"Rappler","Web","1077846","42944","1034902"
"funCaptcha","Web","3972","857","3115"
"MobFox","Web","221402","60000","161402"
"Baidu Maps","Web","133375","18834","114541"
"QQVideo","Web","973105","28214","944891"
"Slack","Web","24207602","4396378","19811224"
"ICY (I Can Yell)","Media","49662959","1477888","48185071"
"Younow","Web","78950783","34904176","44046607"
"MQ Telemetry Transport","Network Service","173267","48919","124348"
"Adk2","Web","101170","10055","91115"
"CDNetworks","Infrastructure","13614279","821667","12792612"
"Highwinds","Web","12047861","307129","11740732"
"Wix","Web","175423243","11848818","163574425"
"Qatarairways","Web","1249793","85335","1164458"
"Shutterstock","Web","955866","8775","947091"
"SolarWinds","Web","272553","180150","92403"
"Ubuntu","Web","142109","134678","7431"
"IMO Video Calling Application","Media","260115732","132793607","127322125"
"Clash of Clans","Gaming","17023506","739522","16283984"
"Supercell","Gaming","511644","131708","379936"
"Amazon Music","Media","3373235","1018613","2354622"
"Facebook Live","Media","48460446","47661464","798982"
"Cheetah Mobile","Web","18763","4616","14147"
"Microsoft Word Online (Office 365)","Business Collaboration","19527487","6598754","12928733"
"Microsoft Powerpoint Online (Office 365)","Business Collaboration","4463913","1277078","3186835"
"Tidal","Media","100433","15953","84480"
"StreamRail","Media","952773","505871","446902"
"Vidyard","Web","222954","39027","183927"
"Nintendo","Gaming","3004725015","72543843","2932181172"
"OpenRTB","Web","1379623","1149823","229800"
"Hockey Curve","Web","19528","2831","16697"
"ADventori","Web","205702","48937","156765"
"Audible","Real Time Audio/Video","15659155","600823","15058332"
"AdColony","Web","20115886","5970338","14145548"
"BrightRoll","Web","3621","267","3354"
"Google Classroom","Web","227362","17394","209968"
"Samsung Update","Web","10666061083","203766137","10462294946"
"AnyDesk","Remote Desktop","606036","239358","366678"
"Savefrom","Web","21512","3907","17605"
"MaxCDN","Web","273894","48368","225526"
"Lynda.com","Web","100407","1507","98900"
"Avast","Web","22068513","3237284","18831229"
"DocuSign","Web","39960214","4235540","35724674"
"Automatic Data Processing (ADP)","Web","48638902","7175959","41462943"
"Duodecad IT Services","Web","406601","5773","400828"
"Microsoft Power BI (Office 365)","Web","588063","100029","488034"
"Autodesk Fusion 360","Tunneling and VPN","165477","93875","71602"
"Cloudinary","Web","123389889","2432685","120957204"
"Optus","Web","1100216","46385","1053831"
"Gfycat","Web","27538030","483064","27054966"
"Chunghwa Telecom","Web","4400","1549","2851"
"Citrix Cloud","Web","721260","101219","620041"
"Pornhub NETWORK","Web","161623","33777","127846"
"Clash Royale","Gaming","4175524","550945","3624579"
"Origin","Web","23899","5329","18570"
"Canvas Student","Web","3776335","33031","3743304"
"Mail.com","Email","1069811","193148","876663"
"United Internet","Web","4276184","558686","3717498"
"shopee.tw","Web","40667666","798342","39869324"
"Electronic Arts","Web","250770420","7817906","242952514"
"Facebook Lite","Social Networking","4671790","719093","3952697"
"Kakao","Web","12904","2467","10437"
"Apptimize","Web","156254","58529","97725"
"UC Browser","Web","700876","442701","258175"
"x_vpn","Tunneling and VPN","298560219","18700248","279859971"
"Mediascope","Web","22341","5197","17144"
"Data Saver","Web","3205955","399958","2805997"
"Domain Name Service Crypt","Network Service","1712349","721921","990428"
"Opera turbo","Network Service","102719","37228","65491"
"Youtube Music","Media","326761","31452","295309"
"Appnext","Web","621190","47782","573408"
"Splunk Cloud","Storage and Backup","64113","29125","34988"
"Fox Networks","Web","1387993","54118","1333875"
"9GAG","File Sharing","507732","27041","480691"
"Text Me","Internet Instant Messaging","9715379","3954351","5761028"
"AnchorFree","Tunneling and VPN","1071429","486552","584877"
"textPlus","Internet Instant Messaging","160713","52656","108057"
"Epic_games","Gaming","11552920","1189283","10363637"
"Unreal_engine","Gaming","20549113","7822722","12726391"
"IBM","Web","226556","19204","207352"
"TunnelBear VPN","Tunneling and VPN","8151","1893","6258"
"Ubisoft","Gaming","112620","49747","62873"
"Barracuda Networks","Web","46203","6663","39540"
"RingCentral","Business Collaboration","4045002","1286367","2758635"
"PlayerUnknown's BattleGrounds","Gaming","7543552","651648","6891904"
"Visual IQ","Web","398789","116425","282364"
"Google One","Web","1959620","387500","1572120"
"Alibaba Group","Web","279566","52548","227018"
"League of Legends","Gaming","680523","88307","592216"
"CarbonBlack website","Web","1096589","1062861","33728"
"Dragon Ball","Gaming","8145255","372821","7772434"
"ExpressVPN","Tunneling and VPN","976567","212951","763616"
"Account Kit","Web","2857","394","2463"
"TechRadar","Web","1362023","54884","1307139"
"Future_plc","Web","5967578","274469","5693109"
"Wish","Web","52226970","3794863","48432107"
"Google Play Books","Web","558024","28499","529525"
"ProtonMail","Email","8187","1490","6697"
"MAkeMyTrip","Web","11856","4276","7580"
"Minecraft","Gaming","458893","273205","185688"
"iBooks","Web","1047384","137644","909740"
"Fandom","Web","8346789","301504","8045285"
"Tesla","Web","555584","141451","414133"
"Google GSuite","Web","3680412","1085193","2595219"
"W3Schools","Web","1925036","64679","1860357"
"Didi","Web","215113","77037","138076"
"OpenSignal","Web","584598","545169","39429"
"Megaphone","Web","2107381072","38416747","2068964325"
"TripAdvisor","Web","13436137","1267340","12168797"
"Moodle","Social Networking","75547970","12795422","62752548"
"Crypto browser","Web","27263382","863667","26399715"
"DAZN","Real Time Audio/Video","3701056","102672","3598384"
"PubNub","Web","2970189","1107682","1862507"
"Monero (XMR)","Web","59071","23128","35943"
"Gaana","Real Time Audio/Video","37394","7794","29600"
"Unknown virtual protocol","Unclassified","1153261","153607","999654"
"Unknown virtual protocol","Unclassified","7627786","1381376","6246410"
"NetEase","Web","199750","69981","129769"
"Unknown virtual protocol","Unclassified","51655","46142","5513"
"Unknown virtual protocol","Unclassified","11468767","343864","11124903"
"Unknown virtual protocol","Unclassified","37156773","839505","36317268"
"Google Blog","Web","329658","18919","310739"
"Discovery Inc","Real Time Audio/Video","20597733","3589573","17008160"
"Bumble","Web","307435481","22578053","284857428"
"National Public Radio","Web","26443","3216","23227"
"Acast","Real Time Audio/Video","208900740","3191875","205708865"
"Talkatone","Internet Instant Messaging","732895","314796","418099"
"Raknet","Gaming","3114967","1449757","1665210"
"Wireguard","Tunneling and VPN","5064950575","876828343","4188122232"
"Firework","Internet Instant Messaging","705450","139499","565951"
"Bigo","Web","115425829","2974560","112451269"
"Google Stadia","Web","103826","21151","82675"
"BAMTech","Real Time Audio/Video","215358714","63186439","152172275"
"Disney Plus","Real Time Audio/Video","9071908461","266733161","8805175300"
"Apple TV Plus","Real Time Audio/Video","9960662","342458","9618204"
"Agora","Network Service","67787","35957","31830"
"Grand Theft Auto 5","Gaming","7904007","1324788","6579219"
"Toutiao","Web","14377","1128","13249"
"Tuchong","Web","5242849","4799349","443500"
"Airbnb","Web","61213177","4387965","56825212"
"Rockstar Games","Gaming","1678582","82008","1596574"
"MediaLab","Web","183953610","13078930","170874680"
"Netease Games","Gaming","977913","483306","494607"
"Browsec VPN","Tunneling and VPN","288425510","13022452","275403058"
"Advanced Hosting","Web","12709095","182460","12526635"
"Workday","Business Application","14038581","1037708","13000873"
"BPI","Web","820481","215907","604574"
"StackPath","Web","405038","92933","312105"
"Uber Eats","Web","18407097","5082190","13324907"
"Fifa","Gaming","11714949","1082569","10632380"
"Roblox","Gaming","2389435529","181866077","2207569452"
"BridTV","Real Time Audio/Video","6747735","39205","6708530"
"Likee","Internet Instant Messaging","18878770","4480420","14398350"
"Acronis Cloud","Web","29416","8889","20527"
"Acronis Backup","File Sharing","61282875","3076008","58206867"
"Citrix","Web","37840","13804","24036"
"Digital Turbine","Web","43181500","720806","42460694"
"Pluto TV","Real Time Audio/Video","1203920553","17906146","1186014407"
"iFunny","Web","2046481","58883","1987598"
"Amazon Alexa Assistant","Business Collaboration","4724589","1241004","3483585"
"Yubo","Internet Instant Messaging","387835480","51011038","336824442"
"Zerotier","Tunneling and VPN","102782","50220","52562"
"Connatix","Real Time Audio/Video","25680940","1854957","23825983"
"Minute Media","Web","340229166","14796951","325432215"
"Xbox Cloud Gaming","Gaming","78894","22476","56418"
"The Blaze","Web","1087528","29241","1058287"
"Hotels.com","Web","6786631","2000173","4786458"
"Official Major League Baseball","Web","112839853","7868525","104971328"
"Priceline.com","Web","13612","1208","12404"
"BambooHR","Web","5916150","72751","5843399"
"TMZ","Web","491553","9526","482027"
"Geforce Now","Gaming","60449","11289","49160"
"Call of Duty Mobile","Gaming","12787430","5437179","7350251"
"The Walt Disney Company","Web","6606094","161150","6444944"
"Wired","Web","15130136","183322","14946814"
"Indiegogo","Web","8465","863","7602"
"FedEx","Web","3154452","392358","2762094"
"Kayak","Web","28523016","977914","27545102"
"Akatsuki Inc","Gaming","4152","1524","2628"
"Eventbrite","Web","9149502","303125","8846377"
"G-Core Labs","Web","14502","3791","10711"
"Wargaming","Web","25436","6577","18859"
"Datadog","Web","2876646","2581663","294983"
"RingCentralApp","Business Collaboration","2328694","1155630","1173064"
