"Application","Category","Total Bytes","Bytes Received","Bytes Sent"
"Domain Name Service","Network Service","1821198670","915323723","905874947"
"Google Mail","Email","2133183909","449796995","1683386914"
"Google Search","Web","1837802845","324236592","1513566253"
"Google Maps","Web","189663394","21064745","168598649"
"HyperText Transfer Protocol","Web","5081842595","712296807","4369545788"
"HyperText Transfer Protocol Secure","Web","58451771527","9229028406","49222743121"
"Internet Control Message Protocol","Network Service","2901975246","1772473284","1129501962"
"Internet Message Access Protocol version 4","Email","186711363","81928199","104783164"
"Internet Protocol","Network Service","0","0","0"
"Real Time Protocol","Business Collaboration","866823420","144603203","722220217"
"Skype and Teams","Business Collaboration","49763371","11674147","38089224"
"Simple Object Access Protocol","Network Service","1540186545","831440513","708746032"
"Secure Shell","Tunneling and VPN","144091444","77614273","66477171"
"Secure Socket Layer","Tunneling and VPN","35124108390","10168681186","24955427204"
"Transmission Control Protocol","Other TCP/UDP","3872706290","1788037290","2084669000"
"User Datagram Protocol","Other TCP/UDP","77406173382","8160800809","69245372573"
"Youtube.com","Media","89216337121","5972672444","83243664677"
"Facebook","Social Networking","70937504031","3099454270","67838049761"
"Google Ads","Web","2814104342","497784524","2316319818"
"Apple Generic Services","Web","7893098226","647358478","7245739748"
"Online Certificate Status Protocol","Business Application","20584543","8895406","11689137"
"Twitter","Social Networking","745743332","51799019","693944313"
"iTunes","Media","1044678493","172408848","872269645"
"TeamViewer","Remote Desktop","472729604","268653420","204076184"
"Bing.com (formerly MSN Search)","Web","482166784","89137236","393029548"
"Windows Update","Web","8221214770","816466998","7404747772"
"Chrome Update","Web","607695121","42652609","565042512"
"Google Analytics,Google Marketing Platform","Web","542513178","186468316","356044862"
"Google GStatic","Web","4013140029","359759454","3653380575"
"Dropbox","Storage and Backup","2328847411","1149972193","1178875218"
"Google Generic","Web","2478393264","494855323","1983537941"
"Amazon Generic Services","Web","11661208630","8596124738","3065083892"
"Weather.com","Web","28014435","3262793","24751642"
"WhatsApp Messenger","Internet Instant Messaging","8861216281","2089940549","6771275732"
"Apple App Store","Web","9005679858","683713844","8321966014"
"Windows Marketplace","Web","1417181692","137256598","1279925094"
"Apple Push Notification Service","Web","315267150","199285490","115981660"
"iOS over-the-air (OTA) update","Web","2555618636","181032364","2374586272"
"Samsung Apps","Web","313319951","25746036","287573915"
"Google Play Store","Media","11211724169","961980039","10249744130"
"iCloud (Apple)","Storage and Backup","16177902622","7755728236","8422174386"
"Instagram","Web","36696192021","1830744614","34865447407"
"Amazon Web Services/Cloudfront CDN","Infrastructure","12068171766","5724080440","6344091326"
"Microsoft Azure (previously Windows Azure)","Infrastructure","327288716","26233478","301055238"
"Yahoo.com","Web","624344367","105380718","518963649"
"CloudFlare CDN","Infrastructure","9616431724","1053170360","8563261364"
"Microsoft Office 365","Business Collaboration","2054573412","215334644","1839238768"
"Microsoft Outlook (Office 365)","Business Application","1341875278","402461228","939414050"
"Reddit.com","Web","416217030","38026814","378190216"
"Apple SIRI","Web","64426643","40566745","23859898"
"Paypal.com","Web","54745481","10538890","44206591"
"Kijiji.ca","Web","237114217","18146574","218967643"
"Google Accounts","Web","314615072","106368725","208246347"
"Amazon Ad System","Web","176571222","49998257","126572965"
"Snapchat","Social Networking","9468536218","934290261","8534245957"
"ScorecardResearch","Web","40840370","11298474","29541896"
"Quantcast","Web","11681712","2921005","8760707"
"Bitstrips","Social Networking","332007053","45770878","286236175"
"Zendesk","Business Collaboration","8315494","870207","7445287"
"Inneractive","Web","85982029","55654318","30327711"
"Samsung","Web","221934281","114383140","107551141"
"Facebook Messenger","Internet Instant Messaging","2421547886","1018378633","1403169253"
"InMobi","Web","74984493","39978540","35005953"
"AppsFlyer","Business Application","65010370","27611096","37399274"
"Mixpanel","Web","57297880","42263260","15034620"
"Google Cloud Messaging","Web","122017197","39256323","82760874"
"Apple Location","Web","2145014824","354813223","1790201601"
"Flipboard","Web","10925777","2048398","8877379"
"AppNexus","Web","276475473","137839931","138635542"
"HyperText Transfer Protocol version 2","Web","6307426363","1543326582","4764099781"
"Google Tag Manager","Web","413439191","40560135","372879056"
"Ad Safe Protected","Web","150972338","31210014","119762324"
"Adjust.com","Web","20969351","9039639","11929712"
"Applovin","Web","401164732","128972560","272192172"
"Android connectivity Manager","Network Service","17791724","9136136","8655588"
"Moat","Web","76204105","23515192","52688913"
"Periscope","Media","4473064","381759","4091305"
"Heap","Web","313785594","250419816","63365778"
"Branch Metrics","Web","43326569","12630547","30696022"
"Optimizely","Web","102267994","35582385","66685609"
"Liveperson","Web","13176186","1704890","11471296"
"Microsoft","Web","5677495596","1359468766","4318026830"
"New Relic","Web","113450027","64548021","48902006"
"Liftoff","Web","3361446","1199131","2162315"
"Uber (formerly UberCab)","Web","157856328","52115637","105740691"
"HyperText Transfer Protocol proxy","Network Service","134753617","75863588","58890029"
"Firebase Cloud Messaging","Web","479355472","170584455","308771017"
"DoubleVerify","Web","66446847","16611291","49835556"
"Amplitude","Web","185585256","144887981","40697275"
"Cisco","Web","7496582","3752770","3743812"
"IronSource","Business Application","158824773","15307452","143517321"
"ByteDance","Web","315691017","34662326","281028691"
"TikTok (Musical.ly)","Social Networking","40141644234","2719956419","37421687815"
"Apple News","Web","287420541","33719091","253701450"
"Vungle","Web","557298256","36487843","520810413"
"Google APIs","Web","5495866199","2287092537","3208773662"
"Amazon Cognito","Web","25467290","8943607","16523683"
"Unknown virtual protocol","Unclassified","130992419","15392402","115600017"
"Unknown virtual protocol","Unclassified","111211711","44386464","66825247"
"Yubo","Internet Instant Messaging","156578066","17058789","139519277"
"Pendo","Web","20472276","7919358","12552918"
"Digicert","Web","9653060","4040404","5612656"
"Intercom","Web","69317386","31040880","38276506"
"SD-WAN Control","SD-WAN","51893837476","30379034003","21514803473"
"SD-WAN Management","SD-WAN","5086772082","2234981453","2851790629"
"TencentMeeting","Business Collaboration","424215970","138757975","285457995"
"Dailymotion.com","Media","7475258","943149","6532109"
"Internet Message Access Protocol Secure","Email","79878693","9728059","70150634"
"XMPP Protocol (Jabber)","Business Collaboration","48704423","3571914","45132509"
"Network Time Protocol","Network Service","1956020","1077798","878222"
"Remote Authentication Dial-In User Service","Authentication","16729343","2912623","13816720"
"Session Initiation Protocol","Business Application","3013173","1750659","1262514"
"Session Traversal Utilities for NAT","Business Collaboration","7715275","4754827","2960448"
"Yahoo Mail v.2.0","Email","214290519","54169127","160121392"
"Windows Live Hotmail","Email","172266242","29682789","142583453"
"WordPress.com","Social Networking","73463000","4283963","69179037"
"LinkedIn","Social Networking","218705568","25495681","193209887"
"Mail.ru Webmail","Email","287912","100948","186964"
"Steampowered.com","Gaming","1831141","418755","1412386"
"Xbox Live","Gaming","65993627","35032109","30961518"
"Vk.com (Vkontakte)","Social Networking","19283364","1259139","18024225"
"Yandex.ru","Web","7728448","4650619","3077829"
"Spotify","Media","1847794128","117844262","1729949866"
"Apple Update","Web","37301617","2567180","34734437"
"Opera Update","Web","591214","183851","407363"
"Symantec Norton AntiVirus Updates","Web","19114121","819711","18294410"
"Viber","Real Time Audio/Video","434394456","99416833","334977623"
"Netflix.com","Media","2694470381","121246495","2573223886"
"File Transfer Protocol Secure","File Sharing","29510","6770","22740"
"Google Translate","Web","14596461","4204132","10392329"
"Portal.TidalTV.com","Web","1233734","382099","851635"
"WebEx","Business Collaboration","1634000","515333","1118667"
"Alexa","Web","291626","61639","229987"
"AmericanExpress","Web","8509","2922","5587"
"Capital One","Web","5647270","447623","5199647"
"Daily Mail","Web","27838141","1773891","26064250"
"National Football League (NFL.com)","Web","2098957","567314","1531643"
"Vimeo","Web","3425346050","140650799","3284695251"
"Youdao.com","Web","1240609","406322","834287"
"Sina Weibo","Web","164228109","7663237","156564872"
"Google App Engine","Business Application","1869233","316524","1552709"
"SoundCloud","Media","50185252","5452975","44732277"
"Amazon Prime Video","Media","4197633713","191880096","4005753617"
"QQ.com","Web","599801185","36451950","563349235"
"Akamai Technologies CDN","Web","506861978","30456251","476405727"
"WeChat","Internet Instant Messaging","2174201558","263962817","1910238741"
"Rakuten.co.jp","Web","960084","211694","748390"
"PChome.com.tw","Web","32359","9226","23133"
"Zoho Corporation","Business Application","9831028","4148279","5682749"
"Microsoft SharePoint Online (Office 365)","Business Application","118468181","68449738","50018443"
"ESPN.go.com","Web","14253454","2021377","12232077"
"Pinterest","Web","94448640","11752662","82695978"
"Google Documents (aka Google Drive)","Storage and Backup","93147482","15761013","77386469"
"Apple Maps","Web","5242095","418570","4823525"
"LastPass.com","Web","2490755","540193","1950562"
"Conviva","Infrastructure","1358600","609129","749471"
"Aol","Web","2078794","493710","1585084"
"AddThis","Web","9033590","1011866","8021724"
"Turn","Web","4568513","1254064","3314449"
"Telegram","Internet Instant Messaging","896016439","57343720","838672719"
"Symantec","Web","22685824","3942810","18743014"
"Oracle","Web","4991443","1642785","3348658"
"TRUSTe","Web","13161295","2390355","10770940"
"Criteo","Web","102113654","28742840","73370814"
"Adobe","Business Application","959112917","82669368","876443549"
"Google Safe Browsing","Web","95234590","29786706","65447884"
"Flurry","Business Application","29075606","9812133","19263473"
"Crashlytics","Web","41870430","8617033","33253397"
"Brightcove","Media","263330807","14999823","248330984"
"Gravatar","Business Collaboration","4737252","943652","3793600"
"FreeWheel","Web","1525033","553887","971146"
"Xiaomi","Web","1556752","468736","1088016"
"Nielsen","Web","3407742","924571","2483171"
"Stickyads","Web","9102467","4000347","5102120"
"Smart AdServer","Web","66128449","22696763","43431686"
"Cedexis","Web","4257837","1486907","2770930"
"Google Cloud Storage","Web","1439356516","1060496610","378859906"
"Google Calendar","Web","61407421","14919938","46487483"
"OpenX","Web","62128170","28555309","33572861"
"PubMatic","Web","104211145","67542559","36668586"
"Index Exchange (previously Casale Media)","Web","60319202","22972098","37347104"
"LOTAME","Web","15081936","2578363","12503573"
"Rubicon Project","Web","160029655","74143574","85886081"
"Sizmek (previously MediaMind)","Web","2332027","335760","1996267"
"Rlcdn","Web","11301724","3599975","7701749"
"GitHub","Web","116057489","6271263","109786226"
"Advertising.com","Web","1686523","523830","1162693"
"Facebook Embedded Video","Media","12931603935","455208696","12476395239"
"Scotiabank","Web","26193590","9911622","16281968"
"Urbanairship","Web","3728268","1348655","2379613"
"BootstrapCDN","Web","6897318","736716","6160602"
"Outbrain","Web","60577804","12970601","47607203"
"Unruly","Web","4678783","2193757","2485026"
"Disney Channel","Web","1747884","144470","1603414"
"Rogers TV","Web","4035332","552094","3483238"
"UpLynk","Web","10811030","544298","10266732"
"Localytics","Web","900219","396379","503840"
"Microsoft Translator (Bing Translator)","Web","168813","44592","124221"
"Krux","Web","7919817","1640304","6279513"
"Microsoft Office OneNote (Office 365)","Business Application","753137721","35382935","717754786"
"Taboola","Web","94949894","14252569","80697325"
"Microsoft Excel Online (Office 365)","Web","111660739","78076174","33584565"
"Rackspace","Web","1777799401","219691261","1558108140"
"LiveChat","Web","4462576","446050","4016526"
"Smaato","Web","31025386","20271028","10754358"
"Verizon","Web","23207748","15746278","7461470"
"MediaMath","Web","7498742","2920139","4578603"
"LKQD","Web","603149","208881","394268"
"jQuery","Web","9134891","1012166","8122725"
"Everest Technologies","Web","13738687","4879403","8859284"
"TubeMogul","Web","1303179","223040","1080139"
"SpotXchange","Web","4794853","2122348","2672505"
"Microsoft OneDrive","Web","1231046643","189477949","1041568694"
"Umeng","Web","1196294","578715","617579"
"Revcontent","Web","5443071","1537821","3905250"
"Google Photos (formerly Google Picasa)","Web","234532151","123756363","110775788"
"QQVideo","Web","29912102","2034372","27877730"
"Conversant","Web","11573903","2799363","8774540"
"Teads","Web","23670442","5406689","18263753"
"Adform","Web","11311946","2927218","8384728"
"hotjar","Web","18721338","5388686","13332652"
"ZoomMeetings","Business Collaboration","1090028017","349565873","740462144"
"Wix","Web","43874310","5093517","38780793"
"IMO Video Calling Application","Media","150174450","62907952","87266498"
"Bidswitch","Web","14754795","5863405","8891390"
"Bugsnag","Web","2353808","1211377","1142431"
"Vidyard","Web","1617582","111831","1505751"
"Nintendo","Gaming","63820241","31889949","31930292"
"Tealium","Web","5940835","1330832","4610003"
"Flashtalking","Web","21862184","2473481","19388703"
"Sharethrough","Web","33296615","12042757","21253858"
"AdColony","Web","37400645","13097382","24303263"
"Yieldmo","Web","25424524","11445338","13979186"
"AnyDesk","Remote Desktop","921834","454300","467534"
"Media Innovation Group","Web","1920836","656281","1264555"
"Okta","Web","119709629","36817319","82892310"
"PulsePoint","Web","6341973","2168220","4173753"
"Sonobi","Web","9392751","4175163","5217588"
"Cloudinary","Web","4874880","314063","4560817"
"Optus","Web","1239382","499389","739993"
"Google Secure User Plane Location","Web","706503","165232","541271"
"Google Cloud Platform","Web","54012234","19534710","34477524"
"Microsoft teams","Internet Instant Messaging","782816473","156099651","626716822"
"Data Saver","Web","3688914","494748","3194166"
"Text Me","Internet Instant Messaging","10464704","4283458","6181246"
"Disqus","Web","32911438","4407439","28503999"
"Grammarly","Web","93389586","36817363","56572223"
"Simpli.fi","Web","2970690","694502","2276188"
"RingCentral","Business Collaboration","284118","125282","158836"
"Inskin","Web","122463","20217","102246"
"Wish","Web","107275805","10161528","97114277"
"Bluehost","Web","61026","6440","54586"
"Google GSuite","Web","14233440","3895040","10338400"
"Unknown virtual protocol","Unclassified","41363816","35766393","5597423"
"Google Pay","Web","13903545","3686372","10217173"
"Google Messages","Internet Instant Messaging","100049188","19523522","80525666"
"JWPLAYER","Web","612162751","28654103","583508648"
"Bigo","Web","60182805","4826256","55356549"
"Disney Plus","Real Time Audio/Video","1212872622","53346487","1159526135"
"Quora","Social Networking","11792393","1481922","10310471"
"DoorDash","Web","25220586","8336739","16883847"
"Roblox","Gaming","442994007","72326993","370667014"
"Likee","Internet Instant Messaging","25143071","7423069","17720002"
"Microsoft Dynamics","Business Application","404788","38274","366514"
"KOCHAVA","Web","2749921","879107","1870814"
"Sift Science","Web","1621167","603271","1017896"
"Spotify Audio","Real Time Audio/Video","727279407","30609938","696669469"
"Connatix","Real Time Audio/Video","20736780","2345729","18391051"
"Go Daddy","Web","25401805","5623553","19778252"
"Contentful","Web","225876506","17336217","208540289"
"Indeed","Web","156219760","63110647","93109113"
"BambooHR","Web","29841","8793","21048"
"Nvidia","Web","156959761","7952908","149006853"
"Geforce Now","Gaming","18697457","963181","17734276"
"The Walt Disney Company","Web","538761","54773","483988"
"Kickstarter","Web","2137478","82614","2054864"
"Font Awesome","Web","19459409","2251275","17208134"
"eBay.com","Web","110367684","20149427","90218257"
"File Transfer Protocol","File Sharing","9972","5172","4800"
"Google Earth","Web","201165","91217","109948"
"IPsec (AH and ESP)","Tunneling and VPN","477997078","240148721","237848357"
"Internet Security Association and Key Management Protocol","Tunneling and VPN","1403408364","306921572","1096486792"
"McAfee Client update","Business Application","80562679","4214835","76347844"
"Post Office Protocol (Version 3)","Email","8491122","670748","7820374"
"Secure POP3","Email","636485","76688","559797"
"QQ","Internet Instant Messaging","8332961","1224057","7108904"
"Remote Desktop Protocol (Windows Terminal Server)","Remote Desktop","89864","17828","72036"
"Real Time Control Protocol","Business Collaboration","90436953","29278004","61158949"
"Simple Mail Transfer Protocol","Email","123314948","108246352","15068596"
"Simple Mail Transfer Protocol Secure","Email","1791918","1674164","117754"
"Simple Network Management Protocol","Management","42758","42758","0"
"SOCKet Secure v5","Tunneling and VPN","1289630127","201031616","1088598511"
"Telnet","Network Service","11035","9457","1578"
"Wikipedia.com","Web","60449427","3719724","56729703"
"Yahoo Search","Web","2696047","341856","2354191"
"MPEG-Transport Stream","Real Time Audio/Video","644116447","32272899","611843548"
"Secure AIM","Internet Instant Messaging","783466","175836","607630"
"Ask.com","Web","45774","5345","40429"
"Expedia.fr","Web","15303530","5195458","10108072"
"Travelocity.com","Web","76660","15179","61481"
"Flickr","Social Networking","15067896","562542","14505354"
"Deezer","Web","17786554","318641","17467913"
"Rambler.ru","Web","174340","59715","114625"
"Badoo.com","Internet Instant Messaging","13693181","1526140","12167041"
"Flixster.com","Web","25496","3132","22364"
"Foursquare.com","Web","8278615","1408708","6869907"
"Goodreads.com","Web","138183","21491","116692"
"Last.fm","Media","569145","49321","519824"
"LibraryThing.com","Web","313635","33823","279812"
"LiveJournal.com","Social Networking","588197","82258","505939"
"Meetup","Web","25331","3544","21787"
"Odnoklassniki.ru","Social Networking","2341453","261113","2080340"
"ResearchGATE.net","Web","1316996","93118","1223878"
"StumbleUpon.com","Web","11505","2567","8938"
"Tumblr","Social Networking","225926","52651","173275"
"Yelp.com","Web","14920153","677191","14242962"
"Baidu.com","Web","173294528","10880531","162413997"
"Adobe Flash Plugin Update","Web","44818","9699","35119"
"Firefox Update","Web","9291708","400703","8891005"
"BitDefender Update","Web","17179938","7541535","9638403"
"BBC Player","Media","19430","3914","15516"
"UUSee Protocol","Media","4489","2219","2270"
"Box","File Sharing","17543","4231","13312"
"iHeartRADIO","Media","693246","75037","618209"
"Napster.com","Web","154407","8886","145521"
"Pandora Radio","Media","373768","27995","345773"
"Photobucket.com","Web","572493","41194","531299"
"Psiphon","Web","716964","152404","564560"
"QQMusic","Peer to Peer","506","256","250"
"Salesforce","Business Application","23790486","5376793","18413693"
"SiriusXm.com","Media","279572746","30255000","249317746"
"YouKu","Media","1092795","1009118","83677"
"Zoho CRM","Business Application","27934","9961","17973"
"GoToMeeting Online Meeting","Business Collaboration","199109","89590","109519"
"Bloomberg.com","Web","7784475","574576","7209899"
"GoToMyPC Remote Access","Remote Desktop","7791","1662","6129"
"Tor","Anonymizers and Proxies","10447713","2136513","8311200"
"AccuWeather","Web","6295622","1143183","5152439"
"Adobe Acrobat DC (Document Cloud)","Web","307783","95944","211839"
"AlJazeera.net","Web","8849037","901542","7947495"
"ATT.com (AT&T)","Web","491940","39501","452439"
"Blogger","Web","50439197","2539252","47899945"
"Cnet.com","Web","966809","93907","872902"
"CNN (Cable News Network)","Web","16552826","1938317","14614509"
"Comcast","Web","1227509","305453","922056"
"Daum.net","Web","154466","43056","111410"
"Fox News","Web","130208189","8747873","121460316"
"FoxSports.com","Web","454483","29107","425376"
"IKEA.com","Web","27333356","5318784","22014572"
"Intuit.com","Business Application","9024085","1623528","7400557"
"LeTV.com","Web","4536756","399558","4137198"
"Mozilla.com - Mozilla.org","Web","13892164","3865685","10026479"
"NASA.gov","Web","1390437","104573","1285864"
"Naver Corporation (formerly NHN Corporation)","Web","261534","39064","222470"
"NBA.com","Web","4121601","683557","3438044"
"NYTimes.com","Web","5122621","423621","4699000"
"PlayStation.com","Web","1584989","388538","1196451"
"Reuters.com","Web","730820","33854","696966"
"RTL Group","Web","1658756","89572","1569184"
"SlideShare","Web","2665405","165704","2499701"
"Sports Illustrated","Web","575489","21151","554338"
"SurveyMonkey.com","Web","90658","7149","83509"
"Univision.com","Web","1306717","114925","1191792"
"Xbox","Gaming","1155397","168230","987167"
"XNXX","Web","223247","63092","160155"
"Xvideos.com","Media","3522","781","2741"
"Youm7.com","Web","1448988","116359","1332629"
"Sina.com.cn","Internet Instant Messaging","113515720","14606261","98909459"
"QQDownload","Peer to Peer","1016","250","766"
"Sophos update","Business Application","95942","39415","56527"
"Taobao","Web","9986214","3741381","6244833"
"QQ WeiBo","Web","8212","1614","6598"
"GMX webmail","Email","231838","62968","168870"
"Apple FaceTime","Real Time Audio/Video","3720173270","715716700","3004456570"
"Line","Internet Instant Messaging","8385773","779901","7605872"
"Scribd.com","Web","303541","90284","213257"
"Hulu","Media","11058","3156","7902"
"Shazam","Web","1491369","296149","1195220"
"TuneIn","Real Time Audio/Video","3764","1436","2328"
"KakaoTalk","Internet Instant Messaging","266879","107570","159309"
"Nexon.com","Web","327511","129417","198094"
"163.com","Web","1695966","551530","1144436"
"Sohu.com","Web","23394","8484","14910"
"Ifeng.com","Web","540780","107857","432923"
"Alipay","Web","148137","60587","87550"
"Sogou.com","Web","579565","207171","372394"
"360.cn","Web","1107503","343175","764328"
"Alibaba.com","Web","1226733","354348","872385"
"51.la","Web","148916","52539","96377"
"Zynga.com","Gaming","489170","131374","357796"
"Limelight Networks CDN","Web","1313608200","73645995","1239962205"
"Datagram Transport Layer Security","Tunneling and VPN","285590589","124344771","161245818"
"ISO Base Media File Format","Real Time Audio/Video","331841468","12915674","318925794"
"KIK Messenger","Internet Instant Messaging","73442","23165","50277"
"MiTalk Messenger (Miliao)","Internet Instant Messaging","140142","37421","102721"
"MEGA","Peer to Peer","790","524","266"
"Pixiv.net","Web","8969","2849","6120"
"Chinatimes.com","Web","48973","10955","38018"
"Ctrip.com","Web","609128","70764","538364"
"QQ Games","Gaming","1883661","326479","1557182"
"Tencent.com","Internet Instant Messaging","7273797","518550","6755247"
"Yam.com","Web","6615","1452","5163"
"Google Talk (incl. Hangouts and Allo and Duo)","Real Time Audio/Video","573910404","207158574","366751830"
"Nokia Here API","Web","1127375","87963","1039412"
"MeetMe.com","Social Networking","424873","64875","359998"
"iperf","File Sharing","37394","7219","30175"
"Sina Video","Media","1860571","1439642","420929"
"Speedtest","File Sharing","92284277","15285182","76999095"
"BuzzFeed.com","Web","166384","14499","151885"
"Internet Movie Database","Web","94016","22819","71197"
"Imgur.com","Storage and Backup","12144823","1205808","10939015"
"Evernote","Web","646534","324639","321895"
"JingDong","Web","10795","3140","7655"
"WebSocket","Network Service","10560142","923099","9637043"
"Bet365.com","Web","12801173","874751","11926422"
"Egnyte Enterprise File Sharing","Storage and Backup","2284863","669864","1614999"
"ITV Player","Real Time Audio/Video","33518419","1284658","32233761"
"Saavn Bollywood Music","Media","254592","27638","226954"
"LineGames.jp","Gaming","467162","48139","419023"
"Orange.com","Web","38086","14263","23823"
"BBC","Web","16254004","1425244","14828760"
"AVG.com","Web","19759","4607","15152"
"Softonic.com","Web","12369","2871","9498"
"Telegraaf.nl","Web","12518503","5848353","6670150"
"ElPais.com","Web","77509","7021","70488"
"Kooora.com","Web","3217164","936739","2280425"
"ESPNCricinfo.com","Web","197220","19577","177643"
"Blogfa.com","Web","114266","14508","99758"
"Apple HTTP Live Streaming","Real Time Audio/Video","1050049","48378","1001671"
"Free","Web","49846","12707","37139"
"Alnilin.com","Web","1363254","92660","1270594"
"Alrakoba.net","Web","253041","85080","167961"
"craigslist","Web","12206","4151","8055"
"Background Intelligent Transfer Service","File Sharing","152891","33217","119674"
"Varzesh3.com","Web","30910","8815","22095"
"AllMusic.com","Media","56677","13475","43202"
"EdgeCast Networks CDN","Infrastructure","6283083","363630","5919453"
"20minutes","Web","148427","12574","135853"
"AliExpress.com","Web","55741259","3901993","51839266"
"Wp.pl","Web","26874","6146","20728"
"Emol.com","Web","26480","7533","18947"
"Stuff.co.nz","Web","2562516","445909","2116607"
"VnExpress.net","Web","244240","22570","221670"
"Fox Business Network","Web","3891921","259195","3632726"
"News","Web","1021181","112905","908276"
"Gameloft Games","Gaming","148211","51864","96347"
"Yadro","Web","10903","3916","6987"
"Rovio Entertainment","Gaming","48033444","11369368","36664076"
"Candy Crush Saga","Gaming","4562407","2050334","2512073"
"King Digital Entertainment","Gaming","684194","258609","425585"
"Waze Social GPS Maps & Traffic","Web","56104304","2282743","53821561"
"Huffington Post","Web","7025","949","6076"
"OpenStreetMap","Infrastructure","461064","49008","412056"
"World Series of Poker","Gaming","252292830","15762084","236530746"
"Twitch","Media","212301","61355","150946"
"BoldChat Live Chat","Internet Instant Messaging","891807","253482","638325"
"Turner","Web","3886660","223357","3663303"
"zalo","Internet Instant Messaging","1328618","78244","1250374"
"Taobao Ad Network and Exchange","Web","6682","4658","2024"
"Lazada","Web","1340355","86462","1253893"
"Gettyimages","Web","10393049","642110","9750939"
"Theladbible","Web","3057862","339994","2717868"
"Traffic Junky","Web","36272","12159","24113"
"quic","Network Service","1671323","834116","837207"
"I2P Invisible Internet Project","Tunneling and VPN","123895","56150","67745"
"CPMSTAR","Web","158488","45743","112745"
"ADTECH","Web","298477","76856","221621"
"AOL One","Web","1050020","228286","821734"
"Realestate","Web","256636","65568","191068"
"SBS","Media","1631342","72250","1559092"
"Constant Contact","Web","10800548","655933","10144615"
"Skynewsarabia","Web","21775242","1238472","20536770"
"Atlassian","Web","382006","230371","151635"
"Internet.org","Web","48895","21683","27212"
"Kakaocdn","Infrastructure","225866","45988","179878"
"SourceForge","Web","545707","40548","505159"
"My.com","Web","627272","221193","406079"
"Bizographics","Web","88076","24238","63838"
"Helpshift","Web","908615","265659","642956"
"Atlas Solutions","Web","218516","65235","153281"
"Apple Music","Media","293294852","15080741","278214111"
"CBS Video","Web","463008049","16374452","446633597"
"Microsoft SpyNet (aka Microsoft Active Protection Service)","Web","45214","29407","15807"
"LogMeIn","Remote Desktop","226741","28855","197886"
"Fastly","Web","5071287","917561","4153726"
"Threema","Web","8423","1780","6643"
"NBC","Web","2296430","226976","2069454"
"MoPub","Web","1267697","718180","549517"
"Perform","Web","1000547","118353","882194"
"Microsoft Sway (Office 365)","Business Application","452541","66704","385837"
"Olark","Web","541301","17476","523825"
"Rovi corporation","Web","28371","5600","22771"
"Zopim","Web","858445","268583","589862"
"Mapbox","Web","18695220","1458515","17236705"
"SDE","Web","69421","5381","64040"
"Google Code","Web","64821","18895","45926"
"Signal","Web","292706","64897","227809"
"Riffsy (Tenor.co)","Web","5017532","212065","4805467"
"Ensighten","Web","10301520","1584231","8717289"
"Tune","Web","129043","40198","88845"
"Braintree","Web","1464477","544494","919983"
"ZEDO","Web","4449","2518","1931"
"Bleacher Report","Web","11751594","577322","11174272"
"pCloud","Web","2450997","104704","2346293"
"funCaptcha","Web","6463","2144","4319"
"MobFox","Web","105516","29544","75972"
"Slack","Web","99181337","7763514","91417823"
"Younow","Web","136546390","68747520","67798870"
"Bazaarvoice","Web","9251898","1258016","7993882"
"MQ Telemetry Transport","Network Service","152153","71470","80683"
"Clicktale","Web","4792539","1757555","3034984"
"Adk2","Web","217103","17056","200047"
"Pokemon GO","Gaming","35880679","7042105","28838574"
"Weborama","Web","139269","34655","104614"
"Nieuwsblad","Web","206327","11832","194495"
"Highwinds","Web","6290443","581009","5709434"
"Innovid","Web","153415695","7821622","145594073"
"StackExchange","Web","680237","41782","638455"
"StackOverflow","Web","1686559","94409","1592150"
"Tinder","Web","58392151","4321944","54070207"
"GIPHY","Web","68762380","5295528","63466852"
"Eskimi","Web","159089","16491","142598"
"Shutterstock","Web","218921","14494","204427"
"Heroku","Web","1523775","185450","1338325"
"Hola","Web","103607","8936","94671"
"Clash of Clans","Gaming","13578967","472334","13106633"
"Supercell","Gaming","262561","48844","213717"
"Amazon Music","Media","1564350","375491","1188859"
"Cheetah Mobile","Web","2833734","710195","2123539"
"Microsoft Word Online (Office 365)","Business Collaboration","61991901","27001466","34990435"
"Microsoft Powerpoint Online (Office 365)","Business Collaboration","10970392","852576","10117816"
"Signal Private Messenger (Open Whisper Systems)","Internet Instant Messaging","8978830","4867479","4111351"
"StreamRail","Media","736270","389451","346819"
"Apple Game Center","Gaming","8014569","2115871","5898698"
"OpenRTB","Web","15846015","13500643","2345372"
"ADventori","Web","160824","39696","121128"
"Audible","Real Time Audio/Video","233668","54304","179364"
"HK Observatory","Web","122848","27195","95653"
"Oriental Daily News (on.cc)","Web","47972","23960","24012"
"Aerserv","Web","10270043","3246303","7023740"
"Samsung Update","Web","678059374","33221813","644837561"
"Huawei","Web","3902483","1860721","2041762"
"MGID","Web","4211898","471006","3740892"
"ULP","Network Service","672664","72184","600480"
"Amazon Chime","Business Collaboration","23685","6078","17607"
"MaxCDN","Web","45982","11676","34306"
"Booking.com","Web","16244861","1274673","14970188"
"Walmart","Web","981454","835113","146341"
"Avast","Web","19695811","4941299","14754512"
"DocuSign","Web","107588","30949","76639"
"Automatic Data Processing (ADP)","Web","19160988","1862050","17298938"
"eXelate","Web","1683622","495589","1188033"
"Microsoft Power BI (Office 365)","Web","117563","9440","108123"
"Autodesk Fusion 360","Tunneling and VPN","2673092","296437","2376655"
"Gfycat","Web","10093901","291095","9802806"
"NEP Worldwide","Web","40845","8849","31996"
"T-Mobile","Web","53040","15370","37670"
"KKBOX","Real Time Audio/Video","40343","13842","26501"
"Citrix Cloud","Web","8986","2102","6884"
"Pornhub NETWORK","Web","64379","7690","56689"
"Wall Street Journal","Web","372289","61653","310636"
"ChinaNetCenter ","Web","17831","7405","10426"
"Niantic, Inc","Web","982661","220753","761908"
"Meitu","Web","34745661","7277874","27467787"
"Snow","Internet Instant Messaging","236477","40154","196323"
"Canvas Student","Web","16700","4076","12624"
"Instructure","Web","164180","19680","144500"
"Mail.com","Email","7285053","1332459","5952594"
"United Internet","Web","1409960","561860","848100"
"shopee.tw","Web","415373","18681","396692"
"Facebook Lite","Social Networking","2071515","597308","1474207"
"Key management service","Management","2054","932","1122"
"Kakao","Web","117916","23570","94346"
"Digioh","Web","1194842","100881","1093961"
"Apptimize","Web","286098","174417","111681"
"UC Browser","Web","854683","717064","137619"
"Mediascope","Web","20770","6627","14143"
"Domain Name Service Crypt","Network Service","203665","92817","110848"
"Adtelligent","Web","20939076","12275216","8663860"
"Youtube Music","Media","309975","34801","275174"
"Akamai Video","Media","25764373","1100449","24663924"
"Appnext","Web","181440","42366","139074"
"Tenor","Web","63308128","4539721","58768407"
"Splunk Universal Forwarder","Network Service","15257","12355","2902"
"Splunk Cloud","Storage and Backup","51182","23269","27913"
"Fox Networks","Web","1465514","178614","1286900"
"AnchorFree","Tunneling and VPN","112469","30644","81825"
"textPlus","Internet Instant Messaging","8398394","3160274","5238120"
"Epic_games","Gaming","1035911","438920","596991"
"IBM","Web","520028","216205","303823"
"Microsoft AD Right Management Service","Business Application","132449","92945","39504"
"Google News","Web","6248682","425268","5823414"
"Visual IQ","Web","348034","110472","237562"
"Alibaba Group","Web","551812","115669","436143"
"Alibaba Cloud","Web","16054446","4187870","11866576"
"Discord","Internet Instant Messaging","53649285","5128417","48520868"
"CarbonBlack website","Web","1650858","1130313","520545"
"ExpressVPN","Tunneling and VPN","188049","100510","87539"
"Future_plc","Web","153228","8208","145020"
"ProtonMail","Email","52067576","47412871","4654705"
"WorkspaceOne","Web","3123124","2219799","903325"
"iBooks","Web","305551","70814","234737"
"Fandom","Web","5334835","362556","4972279"
"Tesla","Web","291102","94525","196577"
"Megaphone","Web","16663377","891904","15771473"
"TripAdvisor","Web","9668469","811830","8856639"
"Mynt","Web","539480","135969","403511"
"PubNub","Web","2081620","687217","1394403"
"Unknown virtual protocol","Unclassified","75065763","16964583","58101180"
"Unknown virtual protocol","Unclassified","1154579346","54174290","1100405056"
"Unknown virtual protocol","Unclassified","731611","146945","584666"
"Unknown virtual protocol","Unclassified","2077102","448176","1628926"
"Unknown virtual protocol","Unclassified","2072944","200343","1872601"
"NetEase","Web","73940","18380","55560"
"Unknown virtual protocol","Unclassified","4184172","3676128","508044"
"Unknown virtual protocol","Unclassified","95661","34621","61040"
"Unknown virtual protocol","Unclassified","134623","38583","96040"
"Unknown virtual protocol","Unclassified","23710406","2507870","21202536"
"Unknown virtual protocol","Unclassified","52805","11802","41003"
"Discovery Inc","Real Time Audio/Video","1464121","286777","1177344"
"Bumble","Web","63412053","8103657","55308396"
"National Public Radio","Web","1341","360","981"
"Wireguard","Tunneling and VPN","10244742875","2480906234","7763836641"
"Mario Kart Tour","Gaming","1860582","937055","923527"
"Firework","Internet Instant Messaging","241598","41170","200428"
"Banggood","Web","6212000","591981","5620019"
"BAMTech","Real Time Audio/Video","6834421","3951838","2882583"
"Toutiao","Web","88600","21922","66678"
"Airbnb","Web","50864065","14220674","36643391"
"Rockstar Games","Gaming","124817","20952","103865"
"Baidu Tieba","Social Networking","5866484","1335755","4530729"
"Wangwang","Internet Instant Messaging","394399","208469","185930"
"Workday","Business Application","7994352","514865","7479487"
"Shopify","Web","141468469","7344575","134123894"
"Service Now","Web","11704064","3132448","8571616"
"StackPath","Web","9186277","603937","8582340"
"Ximalaya","Real Time Audio/Video","213232165","11443566","201788599"
"Uber Eats","Web","419421","115003","304418"
"Houseparty","Real Time Audio/Video","103421","20602","82819"
"BridTV","Real Time Audio/Video","250492","23262","227230"
"Acronis Cloud","Web","1664347","775894","888453"
"Acronis Backup","File Sharing","74819706","8328267","66491439"
"Citrix","Web","101152","31053","70099"
"Digital Turbine","Web","23533661","1163974","22369687"
"Pluto TV","Real Time Audio/Video","195875","16830","179045"
"Amber Weather","Web","7105","2628","4477"
"adRise","Real Time Audio/Video","1709185","195172","1514013"
"Tubi TV","Real Time Audio/Video","1604315653","82379654","1521935999"
"Demandbase","Web","175599","21044","154555"
"ToTok Messenger","Internet Instant Messaging","683573","233557","450016"
"Amazon Alexa Assistant","Business Collaboration","21608502","4836564","16771938"
"Minute Media","Web","1093398749","52350435","1041048314"
"UserReport","Web","864296","187339","676957"
"Coursera","Web","110945965","4755549","106190416"
"The Blaze","Web","2628670","169375","2459295"
"E! Online","Web","1348126","147541","1200585"
"Hotels.com","Web","1039611","70653","968958"
"NHL.com","Web","256796579","18633863","238162716"
"Priceline.com","Web","9481369","2267732","7213637"
"The Telegraph","Web","333520","28494","305026"
"TIME","Web","512489","45628","466861"
"TMZ","Web","126729089","6201663","120527426"
"United Airlines","Web","25233","7319","17914"
"Call of Duty Mobile","Gaming","138791813","11518003","127273810"
"Wired","Web","4049494","285909","3763585"
"FedEx","Web","5884","1382","4502"
"Kayak","Web","73856697","3766576","70090121"
"Eventbrite","Web","3490597","216826","3273771"
"WarnerMedia","Web","7903991","545437","7358554"
"Bilibili","Web","759921","239459","520462"
"Datadog","Web","1276603","1069100","207503"
"Unknown virtual protocol","Unclassified","57273","31993","25280"
"Riverbed","Tunneling and VPN","414121","125944","288177"
