"Application","Category","Total Bytes","Bytes Received","Bytes Sent"
"Dailymotion.com","Media","231496088","9608698","221887390"
"Domain Name Service","Network Service","1829189459","883675447","945514012"
"Google Mail","Email","2107958999","330571779","1777387220"
"Google Search","Web","1231588627","206120587","1025468040"
"Google Maps","Web","179350539","19372421","159978118"
"HyperText Transfer Protocol","Web","5588650938","515613314","5073037624"
"HyperText Transfer Protocol Secure","Web","22967354285","5812627804","17154726481"
"Internet Control Message Protocol","Network Service","4076914028","2457638430","1619275598"
"Internet Message Access Protocol version 4","Email","104491054","38522485","65968569"
"Internet Message Access Protocol Secure","Email","179177879","97287354","81890525"
"Internet Protocol","Network Service","0","0","0"
"XMPP Protocol (Jabber)","Business Collaboration","5415877","2599053","2816824"
"McAfee Client update","Business Application","138421082","18516892","119904190"
"Skype and Teams","Business Collaboration","43523384","11644434","31878950"
"Simple Object Access Protocol","Network Service","1426483438","692632511","733850927"
"Secure Shell","Tunneling and VPN","36514319","18872336","17641983"
"Secure Socket Layer","Tunneling and VPN","31223188367","10732809191","20490379176"
"Transmission Control Protocol","Other TCP/UDP","2712820243","1046407858","1666412385"
"User Datagram Protocol","Other TCP/UDP","105637246061","17754209162","87883036899"
"Yahoo Mail v.2.0","Email","131621281","24320190","107301091"
"Youtube.com","Media","23766669005","1468004448","22298664557"
"Facebook","Social Networking","55896331244","3346014732","52550316512"
"Google Ads","Web","2368558550","354909217","2013649333"
"Windows Live Hotmail","Email","327188013","63706070","263481943"
"LinkedIn","Social Networking","760829195","64918447","695910748"
"Apple Generic Services","Web","19226623159","1386743450","17839879709"
"Online Certificate Status Protocol","Business Application","35452374","16701864","18750510"
"Foursquare.com","Web","9474215","3542704","5931511"
"Twitter","Social Networking","3342997599","233655689","3109341910"
"Yandex.ru","Web","3678993","2104175","1574818"
"iTunes","Media","1664992926","215986428","1449006498"
"Spotify","Media","2519274654","337446459","2181828195"
"TeamViewer","Remote Desktop","404869188","258033473","146835715"
"Bing.com (formerly MSN Search)","Web","649986058","131734163","518251895"
"Windows Update","Web","9279001810","564958582","8714043228"
"Chrome Update","Web","767503564","38724316","728779248"
"Opera Update","Web","1614567","700190","914377"
"Netflix.com","Media","10169458774","349993407","9819465367"
"Google Analytics,Google Marketing Platform","Web","526188917","180522098","345666819"
"Google GStatic","Web","4490084632","388465939","4101618693"
"Dropbox","Storage and Backup","721051649","143283582","577768067"
"Google Generic","Web","2266985243","676971651","1590013592"
"Amazon Generic Services","Web","5549257568","1750691092","3798566476"
"Mozilla.com - Mozilla.org","Web","1126809678","140537150","986272528"
"Weather.com","Web","45716743","3612917","42103826"
"WhatsApp Messenger","Internet Instant Messaging","4927454606","1464113741","3463340865"
"Apple App Store","Web","19230489272","1232501581","17997987691"
"Windows Marketplace","Web","2057940392","119072462","1938867930"
"Apple Push Notification Service","Web","499695033","302821581","196873452"
"iOS over-the-air (OTA) update","Web","11707913031","718453025","10989460006"
"Samsung Apps","Web","218070031","13726594","204343437"
"Google Play Store","Media","2553384974","615860646","1937524328"
"iCloud (Apple)","Storage and Backup","3848699187","885915611","2962783576"
"Instagram","Web","37051274783","1758705517","35292569266"
"Shazam","Web","4154488","673266","3481222"
"Amazon Web Services/Cloudfront CDN","Infrastructure","37306912096","30542718220","6764193876"
"Amazon Prime Video","Media","1313551996","100217254","1213334742"
"Akamai Technologies CDN","Web","950431858","42993477","907438381"
"Microsoft Azure (previously Windows Azure)","Infrastructure","1001517312","48035025","953482287"
"Yahoo.com","Web","958129844","115551470","842578374"
"CloudFlare CDN","Infrastructure","5637421381","463972075","5173449306"
"Microsoft Office 365","Business Collaboration","2569621685","208422037","2361199648"
"Pinterest","Web","503959997","34108741","469851256"
"Microsoft Outlook (Office 365)","Business Application","2929713656","679180232","2250533424"
"Reddit.com","Web","15714732407","689105843","15025626564"
"Apple SIRI","Web","93364991","54685481","38679510"
"Google Documents (aka Google Drive)","Storage and Backup","1034065490","323678565","710386925"
"Kijiji.ca","Web","220665579","15460375","205205204"
"Google Accounts","Web","204451170","52172615","152278555"
"Amazon Ad System","Web","319367932","60580601","258787331"
"Snapchat","Social Networking","12022809317","1454201857","10568607460"
"ScorecardResearch","Web","32892956","12137984","20754972"
"Quantcast","Web","13409351","3150518","10258833"
"Telegram","Internet Instant Messaging","1050895882","92429858","958466024"
"Oracle","Web","34039697","9282668","24757029"
"Bitstrips","Social Networking","242831295","20636045","222195250"
"TRUSTe","Web","17585500","2341606","15243894"
"Criteo","Web","268729235","48038954","220690281"
"Adobe","Business Application","520570645","132011080","388559565"
"Google Safe Browsing","Web","224171557","156985746","67185811"
"Inneractive","Web","65528648","48528467","17000181"
"Flurry","Business Application","35491063","13380027","22111036"
"Samsung","Web","137330302","48628918","88701384"
"Crashlytics","Web","39710350","8809095","30901255"
"Facebook Messenger","Internet Instant Messaging","34723604613","12048886058","22674718555"
"InMobi","Web","29264253","12220657","17043596"
"AppsFlyer","Business Application","59274253","20400946","38873307"
"Xiaomi","Web","66093607","8506640","57586967"
"Mixpanel","Web","17818162","12999042","4819120"
"Smart AdServer","Web","33179613","13156800","20022813"
"Google Cloud Storage","Web","2989817153","2585423621","404393532"
"Google Cloud Messaging","Web","85009086","22196492","62812594"
"Gettyimages","Web","442890","33411","409479"
"Google Calendar","Web","37142800","17673229","19469571"
"Apple Location","Web","3155759302","403395524","2752363778"
"OpenX","Web","18454795","6775215","11679580"
"PubMatic","Web","104861943","57922919","46939024"
"Index Exchange (previously Casale Media)","Web","37879906","17132896","20747010"
"LOTAME","Web","131643946","6895362","124748584"
"Rubicon Project","Web","126471453","55569152","70902301"
"AppNexus","Web","204648784","120369458","84279326"
"Rlcdn","Web","12728712","3217645","9511067"
"HyperText Transfer Protocol version 2","Web","6769025394","1757799371","5011226023"
"Google Tag Manager","Web","258081353","26646580","231434773"
"Ad Safe Protected","Web","108089663","20207845","87881818"
"Adjust.com","Web","25363943","11921169","13442774"
"MoPub","Web","735972","371060","364912"
"Applovin","Web","1383631280","367877212","1015754068"
"Android connectivity Manager","Network Service","20852716","11386925","9465791"
"Moat","Web","112953109","34843650","78109459"
"Heap","Web","103464589","63969163","39495426"
"Branch Metrics","Web","114307029","22840769","91466260"
"Optimizely","Web","15999051","3835828","12163223"
"Ensighten","Web","20537226","7160272","13376954"
"MediaMath","Web","5471222","2147939","3323283"
"jQuery","Web","12821770","1231999","11589771"
"Everest Technologies","Web","20107260","7552853","12554407"
"Microsoft OneDrive","Web","3596146298","582252990","3013893308"
"Microsoft","Web","3725888708","801275429","2924613279"
"New Relic","Web","363353917","228960237","134393680"
"Uber (formerly UberCab)","Web","749136341","393432756","355703585"
"Conversant","Web","5520132","2262500","3257632"
"Adform","Web","12831183","2375230","10455953"
"hotjar","Web","34721543","19718150","15003393"
"ZoomMeetings","Business Collaboration","1187699495","260303613","927395882"
"HyperText Transfer Protocol proxy","Network Service","443818217","57603101","386215116"
"Shutterstock","Web","186160","20557","165603"
"Firebase Cloud Messaging","Web","434729207","172371005","262358202"
"IMO Video Calling Application","Media","28698675","14742007","13956668"
"Bidswitch","Web","23130289","10792535","12337754"
"Flashtalking","Web","8967991","1073409","7894582"
"AdColony","Web","36710379","15838390","20871989"
"Yieldmo","Web","15304448","4754703","10549745"
"ULP","Network Service","4512444","351477","4160967"
"DoubleVerify","Web","62783856","15263788","47520068"
"Media Innovation Group","Web","1646378","543541","1102837"
"PulsePoint","Web","5277995","1923435","3354560"
"eXelate","Web","2001714","652569","1349145"
"Cloudinary","Web","114721894","6180841","108541053"
"Amplitude","Web","521036625","410719234","110317391"
"Google Cloud Platform","Web","40053242","16295689","23757553"
"Microsoft teams","Internet Instant Messaging","2215860544","400100576","1815759968"
"Tenor","Web","212440373","11525078","200915295"
"Cisco","Web","4942063","2121566","2820497"
"IronSource","Business Application","194246846","15355294","178891552"
"Grammarly","Web","111034721","44120760","66913961"
"ByteDance","Web","594508637","106202083","488306554"
"TikTok (Musical.ly)","Social Networking","36781638346","2783552589","33998085757"
"Apple News","Web","338000888","29787915","308212973"
"Google APIs","Web","4993662049","3196464977","1797197072"
"Amazon Cognito","Web","22080753","7624606","14456147"
"Unknown virtual protocol","Unclassified","2058681518","77013797","1981667721"
"Unknown virtual protocol","Unclassified","196444299","99472071","96972228"
"Google Pay","Web","14573603","3397868","11175735"
"Shopify","Web","180752118","11677520","169074598"
"Sift Science","Web","542548","153013","389535"
"Spotify Audio","Real Time Audio/Video","1535638442","56265875","1479372567"
"Pendo","Web","10887080","3425972","7461108"
"WarnerMedia","Web","14812562","1295446","13517116"
"Digicert","Web","49764644","16073741","33690903"
"Font Awesome","Web","22372119","2318967","20053152"
"Intercom","Web","100545145","39278148","61266997"
"SD-WAN Control","SD-WAN","47805748820","26394527658","21411221162"
"SD-WAN Management","SD-WAN","4222618790","1823031996","2399586794"
"TencentMeeting","Business Collaboration","2201186403","159544172","2041642231"
"eBay.com","Web","57267611","9655072","47612539"
"Internet Security Association and Key Management Protocol","Tunneling and VPN","253827581","93955459","159872122"
"Network Time Protocol","Network Service","1304964","720189","584775"
"Secure POP3","Email","1988376","707695","1280681"
"QQ","Internet Instant Messaging","18209218","6734535","11474683"
"Real Time Protocol","Business Collaboration","2399077728","1104027719","1295050009"
"Server Message Block (Windows File Server)","File Sharing","28192","19294","8898"
"Session Traversal Utilities for NAT","Business Collaboration","647146868","233701089","413445779"
"Wikipedia.com","Web","50412045","4665557","45746488"
"Yahoo Search","Web","6822627","1160588","5662039"
"4shared.com","Web","150760","41137","109623"
"Gmail Mobile","Email","106655","58150","48505"
"Secure AIM","Internet Instant Messaging","1227971","259869","968102"
"WordPress.com","Social Networking","85174368","21761935","63412433"
"Steampowered.com","Gaming","91909519","3096523","88812996"
"Meetup","Web","291238","101081","190157"
"ResearchGATE.net","Web","1965096","172411","1792685"
"Baidu.com","Web","367904112","42334092","325570020"
"Adobe Flash Plugin Update","Web","43138","11591","31547"
"Firefox Update","Web","164604588","12693920","151910668"
"Apple Update","Web","15106512","819699","14286813"
"Google Translate","Web","75688207","36208537","39479670"
"QQMusic","Peer to Peer","4068","2403","1665"
"Salesforce","Business Application","101758933","27479449","74279484"
"AmericanExpress","Web","183438","45856","137582"
"Youdao.com","Web","21292429","12048477","9243952"
"QQ WeiBo","Web","5191531","1666349","3525182"
"Apple FaceTime","Real Time Audio/Video","7275380801","2127706745","5147674056"
"Line","Internet Instant Messaging","8303433","1431359","6872074"
"KakaoTalk","Internet Instant Messaging","16734765","1752299","14982466"
"QQ.com","Web","427740697","44272385","383468312"
"Datagram Transport Layer Security","Tunneling and VPN","9129692600","4573303317","4556389283"
"WeChat","Internet Instant Messaging","22224170093","5833333244","16390836849"
"Rakuten.co.jp","Web","2278056","369189","1908867"
"QQ Games","Gaming","8525106","466353","8058753"
"Tencent.com","Internet Instant Messaging","4298321","1156951","3141370"
"Google Talk (incl. Hangouts and Allo and Duo)","Real Time Audio/Video","371059644","134736343","236323301"
"Microsoft SharePoint Online (Office 365)","Business Application","145645028","45874737","99770291"
"Apple Maps","Web","2913372","188774","2724598"
"WebSocket","Network Service","2879954","891194","1988760"
"Mendeley.com","File Sharing","69438","23866","45572"
"Paypal.com","Web","653354310","67662957","585691353"
"Background Intelligent Transfer Service","File Sharing","875812","92491","783321"
"Wp.pl","Web","27625","6985","20640"
"Aol","Web","3759818","646605","3113213"
"AddThis","Web","10455223","1224128","9231095"
"Turn","Web","3296060","994074","2301986"
"King Digital Entertainment","Gaming","2351799","449291","1902508"
"Waze Social GPS Maps & Traffic","Web","12715508","1387780","11327728"
"Symantec","Web","850225058","21162364","829062694"
"Zendesk","Business Collaboration","7978548","812392","7166156"
"Gravatar","Business Collaboration","4754968","619302","4135666"
"FreeWheel","Web","2583763","1026279","1557484"
"Stickyads","Web","14848514","5471238","9377276"
"Cedexis","Web","21296862","5140513","16156349"
"Flipboard","Web","16458238","2543851","13914387"
"quic","Network Service","22958313","8738286","14220027"
"ADTECH","Web","1646949","190394","1456555"
"Advertising.com","Web","3910124","1290526","2619598"
"Facebook Embedded Video","Media","5303632119","303980539","4999651580"
"Urbanairship","Web","3068253","931688","2136565"
"BootstrapCDN","Web","5573309","661643","4911666"
"Apple Music","Media","1577237761","71773281","1505464480"
"Outbrain","Web","98203322","18663578","79539744"
"Fastly","Web","4435876","546282","3889594"
"Unruly","Web","6036075","3009098","3026977"
"Rogers TV","Web","22767006","2182733","20584273"
"UpLynk","Web","15002345","663131","14339214"
"Krux","Web","7943376","1966987","5976389"
"Microsoft Office OneNote (Office 365)","Business Application","28297370","3443562","24853808"
"Taboola","Web","196816871","29376483","167440388"
"Zopim","Web","1807020","496817","1310203"
"Rackspace","Web","1319480566","104340297","1215140269"
"Signal","Web","395382","91576","303806"
"Smaato","Web","5569296","2248267","3321029"
"Verizon","Web","1758211","548128","1210083"
"LKQD","Web","1125731","435535","690196"
"TubeMogul","Web","588481","137382","451099"
"SpotXchange","Web","9495900","3183770","6312130"
"Umeng","Web","2680988","1388761","1292227"
"Revcontent","Web","2998254","600435","2397819"
"Google Photos (formerly Google Picasa)","Web","57681575","44629410","13052165"
"Liftoff","Web","5391772","2382890","3008882"
"Baidu Maps","Web","20339397","3647412","16691985"
"QQVideo","Web","172637302","5578311","167058991"
"Bazaarvoice","Web","7181010","1019198","6161812"
"Teads","Web","13529649","3150031","10379618"
"Pokemon GO","Gaming","40071578","4623663","35447915"
"GIPHY","Web","98814712","5494605","93320107"
"Cheetah Mobile","Web","2786253","935943","1850310"
"Microsoft Word Online (Office 365)","Business Collaboration","20553428","1485945","19067483"
"StreamRail","Media","207112","59624","147488"
"Bugsnag","Web","2506856","1116664","1390192"
"Apple Game Center","Gaming","27899318","9339437","18559881"
"Tealium","Web","9116950","3957721","5159229"
"Sharethrough","Web","52601838","24095082","28506756"
"Google Classroom","Web","10603877","3088731","7515146"
"Huawei","Web","121540541","18006544","103533997"
"MaxCDN","Web","67161","16924","50237"
"Avast","Web","37049905","3262089","33787816"
"Okta","Web","79487006","20873385","58613621"
"Autodesk Fusion 360","Tunneling and VPN","3197551","481315","2716236"
"Sonobi","Web","23368651","11233446","12135205"
"Google Secure User Plane Location","Web","1146061","256886","889175"
"KKBOX","Real Time Audio/Video","535568","61626","473942"
"DCARD","Social Networking","817212","85203","732009"
"Canvas Student","Web","12400187","712156","11688031"
"Akamai Video","Media","1314955","419879","895076"
"Disqus","Web","18955329","2589510","16365819"
"Simpli.fi","Web","4587419","1134949","3452470"
"Alibaba Cloud","Web","213616320","18680665","194935655"
"Discord","Internet Instant Messaging","2001341220","459400957","1541940263"
"Google GSuite","Web","9349821","2454549","6895272"
"Vungle","Web","242988051","17780034","225208017"
"Unknown virtual protocol","Unclassified","18532341","1674277","16858064"
"Unknown virtual protocol","Unclassified","7988255","1504013","6484242"
"Unknown virtual protocol","Unclassified","29082868","2778576","26304292"
"Unknown virtual protocol","Unclassified","21469431","17795846","3673585"
"Wireguard","Tunneling and VPN","7151727010","558723138","6593003872"
"Google Messages","Internet Instant Messaging","70751466","13560445","57191021"
"JWPLAYER","Web","697250302","39774231","657476071"
"Quora","Social Networking","76461540","10083429","66378111"
"Toutiao","Web","884336","121797","762539"
"Xigua Video","Real Time Audio/Video","1219928","564476","655452"
"Wangwang","Internet Instant Messaging","1148691","582982","565709"
"Citrix","Web","108820","34090","74730"
"KOCHAVA","Web","1644288","512148","1132140"
"UserReport","Web","321447","63662","257785"
"Go Daddy","Web","4382123","444905","3937218"
"Contentful","Web","388755500","29813823","358941677"
"WordReference.com","Web","1792081","235507","1556574"
"Bilibili","Web","1988345692","84393978","1903951714"
"Datadog","Web","1410486","930340","480146"
"Advance Message Queuing Protocol","Network Service","1996","1108","888"
"BitTorrent","Peer to Peer","2550","700","1850"
"Connection Oriented Transfer Protocol","Network Service","1982","1408","574"
"File Transfer Protocol","File Sharing","12434","6888","5546"
"Gnutella","Peer to Peer","260133","100538","159595"
"Google Earth","Web","14669","4588","10081"
"Independant Computing Architecture (Citrix)","Remote Desktop","998","554","444"
"Internet Printing Protocol","Business Application","1171","705","466"
"IPsec (AH and ESP)","Tunneling and VPN","814189249","192626410","621562839"
"HP Printer Job Language","Business Application","895","562","333"
"Kerberos","Authentication","3021","2022","999"
"Layer 2 Tunneling Protocol","Tunneling and VPN","20839301","431037","20408264"
"Lighweight Directory Access Protocol","Authentication","102574","62014","40560"
"MySQL Protocol","Business Application","142367","27536","114831"
"Netbios Name Service","Network Service","78171","78171","0"
"Post Office Protocol (Version 3)","Email","56835","6109","50726"
"Port Mapper","Network Service","2835","1812","1023"
"Point-to-Point Tunneling Protocol","Tunneling and VPN","542","332","210"
"Remote Desktop Protocol (Windows Terminal Server)","Remote Desktop","608763337","83615420","525147917"
"Real Time Control Protocol","Business Collaboration","37134030","1281600","35852430"
"SAP","Business Application","12666","3948","8718"
"ShoutCast","Media","11657168","908615","10748553"
"Session Initiation Protocol","Business Application","211053","120151","90902"
"Simple Mail Transfer Protocol","Email","6781678","3999999","2781679"
"Simple Network Management Protocol","Management","1218833","1218833","0"
"SOCKet Secure v4","Tunneling and VPN","15268","10612","4656"
"SquirrelMail","Email","449272","271755","177517"
"Tabular Data Stream","Business Application","6898","4012","2886"
"Wireless Session Protocol","Network Service","81544","41566","39978"
"X Window System","Business Application","8422","5326","3096"
"SecondLife.com","Web","8477","3179","5298"
"MPEG-Transport Stream","Real Time Audio/Video","1738425530","28559148","1709866382"
"Ask.com","Web","53511","6450","47061"
"Tagged.com","Social Networking","1191849","409168","782681"
"Expedia.fr","Web","2426210","812120","1614090"
"Travelocity.com","Web","12262","2018","10244"
"Realtor.com","Web","271768","56930","214838"
"Deezer","Web","44300290","693529","43606761"
"Skyblog","Web","25063","4907","20156"
"Mail.ru Webmail","Email","723454","246370","477084"
"Real Time Messaging Protocol","Network Service","584951","52535","532416"
"Xbox Live","Gaming","108006113","5300778","102705335"
"BabyCenter (My Baby Today)","Web","224747","68466","156281"
"Badoo.com","Internet Instant Messaging","8758475","1280250","7478225"
"Flixster.com","Web","3146321","74356","3071965"
"Goodreads.com","Web","12194474","2185109","10009365"
"Italki.com","Web","1363692","86540","1277152"
"MocoSpace.com","Web","62515","7118","55397"
"Odnoklassniki.ru","Social Networking","52863","10782","42081"
"Plurk","Web","7685522","657285","7028237"
"Tumblr","Social Networking","602380714","13988022","588392692"
"Vk.com (Vkontakte)","Social Networking","98271","41517","56754"
"Vox.com","Web","8449","2121","6328"
"Yammer.com","Business Application","6764550","1434803","5329747"
"Yelp.com","Web","12906535","607141","12299394"
"Teredo protocol","Tunneling and VPN","313588","210250","103338"
"Java Update","Web","262651","21843","240808"
"Archive.org","Web","21666510","920813","20745697"
"BitDefender Update","Web","3727090","1552596","2174494"
"Symantec Norton AntiVirus Updates","Web","8013664","265843","7747821"
"Viber","Real Time Audio/Video","730903582","161082198","569821384"
"Playstation Network","Gaming","13339","3220","10119"
"Avira Update","Web","44804","12005","32799"
"BBC Player","Media","24131","5105","19026"
"Garena","Web","101411","12726","88685"
"Box","File Sharing","36593","10110","26483"
"iHeartRADIO","Media","431503738","33011132","398492606"
"Livestream (formerly Mogulus)","Media","2994017","615646","2378371"
"Photobucket.com","Web","1084279","52811","1031468"
"Psiphon","Web","234185","21425","212760"
"Portal.TidalTV.com","Web","1241337","384651","856686"
"Tokbox.com","Web","613547","153399","460148"
"YouKu","Media","19043601","1286520","17757081"
"GoToMeeting Online Meeting","Business Collaboration","218394630","4476769","213917861"
"WebEx","Business Collaboration","85065556","12981612","72083944"
"Bloomberg.com","Web","5780999","561714","5219285"
"Radmin","Remote Desktop","889","562","327"
"Internet Inter-ORB Protocol","Network Service","2370","1464","906"
"RSS","Web","14378","2802","11576"
"BlackBerry.com","Web","206750","88785","117965"
"Netware Core Protocol","Management","6282","3858","2424"
"Flash Media Playback","Media","247904410","10029414","237874996"
"10086.cn","Web","26435813","5141446","21294367"
"ABCNews","Web","1571893","107987","1463906"
"AccuWeather","Web","2040329","472288","1568041"
"Acer","Web","42007","22237","19770"
"Adobe Acrobat DC (Document Cloud)","Web","349057","91534","257523"
"Alexa","Web","63290","12745","50545"
"AlJazeera.net","Web","28105","13601","14504"
"Answers","Web","11049","4593","6456"
"Blogger","Web","2605648","225920","2379728"
"Capital One","Web","8961381","1715038","7246343"
"Cnet.com","Web","172883429","3831688","169051741"
"CNN (Cable News Network)","Web","22828348","3682290","19146058"
"Comcast","Web","121902775","6171990","115730785"
"Daily Mail","Web","19440018","764755","18675263"
"Daum.net","Web","10561672","1108314","9453358"
"Fox News","Web","85307684","6242024","79065660"
"FoxSports.com","Web","555848","67547","488301"
"Groupon","Web","2467754","329094","2138660"
"IKEA.com","Web","1000702","189967","810735"
"Intuit.com","Business Application","109925183","72681994","37243189"
"Kaspersky.com","Web","2476139","431758","2044381"
"Monster.com","Web","24683","5738","18945"
"NASA.gov","Web","969685","62877","906808"
"Naver Corporation (formerly NHN Corporation)","Web","45176756","4939264","40237492"
"NBA.com","Web","33970","8023","25947"
"National Football League (NFL.com)","Web","42153510","4992443","37161067"
"Nike.com","Web","11969283","1522757","10446526"
"NYTimes.com","Web","281538782","23055710","258483072"
"PlayStation.com","Web","4422138","744246","3677892"
"Reuters.com","Web","1596571","104409","1492162"
"SlideShare","Web","265184","28010","237174"
"SurveyMonkey.com","Web","13242","3242","10000"
"Univision.com","Web","1496061","238843","1257218"
"Vimeo","Web","29582626","1987641","27594985"
"WashingtonPost.com","Web","8595522","1009669","7585853"
"Xbox","Gaming","100036","21269","78767"
"Xvideos.com","Media","31493","6489","25004"
"Sina.com.cn","Internet Instant Messaging","8364778","708009","7656769"
"QQDownload","Peer to Peer","397","123","274"
"OICQ","Internet Instant Messaging","203636","123420","80216"
"Sophos update","Business Application","26747","8918","17829"
"Sina Weibo","Web","77200424","3351303","73849121"
"Taobao","Web","121208253","8029188","113179065"
"Google App Engine","Business Application","12486989","461917","12025072"
"GMX webmail","Email","199188","19958","179230"
"Scribd.com","Web","2629054","217748","2411306"
"Hulu","Media","20630117","1454083","19176034"
"SoundCloud","Media","57921623","5365572","52556051"
"Chosun services","Web","395654","81325","314329"
"163.com","Web","3351379","1014877","2336502"
"Sohu.com","Web","790195","266646","523549"
"Ifeng.com","Web","522486","414897","107589"
"Alipay","Web","13505630","1881463","11624167"
"Sogou.com","Web","2548712","799245","1749467"
"cnzz.com","Web","5215","2626","2589"
"360.cn","Web","7759328","2985468","4773860"
"58.com","Web","1194748","484790","709958"
"Alibaba.com","Web","6731477","891386","5840091"
"Xinhuanet.com","Web","9336","2295","7041"
"Chinese Software Developer Network","Web","60639","35869","24770"
"Zynga.com","Gaming","1319645","389831","929814"
"Limelight Networks CDN","Web","740278951","31619814","708659137"
"ISO Base Media File Format","Real Time Audio/Video","1118494457","40249452","1078245005"
"KIK Messenger","Internet Instant Messaging","59826","30453","29373"
"MiTalk Messenger (Miliao)","Internet Instant Messaging","1189444","111694","1077750"
"MEGA","Peer to Peer","3969","2599","1370"
"Pixiv.net","Web","6753","1714","5039"
"Ctrip.com","Web","42774376","2181078","40593298"
"Duowan.com","Gaming","800006","272748","527258"
"Mail189.cn","Email","2446","1483","963"
"QQ Mail","Email","1771910","559772","1212138"
"QQ News","Web","1785585","445577","1340008"
"Sina finance","Web","1640001","119853","1520148"
"Wandoujia","Web","7948","5069","2879"
"Pornhub","Web","68311","38882","29429"
"Zoho Corporation","Business Application","9988796","1357011","8631785"
"Nokia Here API","Web","744236","97662","646574"
"MeetMe.com","Social Networking","69785","13517","56268"
"Baidu Player","Media","70657","3521","67136"
"Speedtest","File Sharing","41824627","4662752","37161875"
"ESPN.go.com","Web","472131627","26314801","445816826"
"MapQuest.com","Web","11290","3308","7982"
"BuzzFeed.com","Web","13648","2865","10783"
"Internet Movie Database","Web","4449436","330764","4118672"
"Imgur.com","Storage and Backup","17335957","812943","16523014"
"xHamster.com","Web","8506","1930","6576"
"Evernote","Web","340419239","31836862","308582377"
"JingDong","Web","1136823","114071","1022752"
"Bet365.com","Web","93236","30336","62900"
"LastPass.com","Web","618163","179304","438859"
"Saavn Bollywood Music","Media","45845","4669","41176"
"Bitcoin client","Peer to Peer","2700","1464","1236"
"BBC","Web","67550213","4141964","63408249"
"AVG.com","Web","16698","6441","10257"
"ElPais.com","Web","5275842","278719","4997123"
"Marca.com","Web","746617","189783","556834"
"MercadoLibre (aka MercadoLivre)","Web","88147","24537","63610"
"Olx","Web","3518169","325097","3193072"
"ESPNCricinfo.com","Web","2501679","243170","2258509"
"Goal.com","Web","45220","13468","31752"
"Apple HTTP Live Streaming","Real Time Audio/Video","864481301","13005506","851475795"
"Free","Web","1585","1060","525"
"B92.net","Web","2488712","95229","2393483"
"craigslist","Web","12871008","1664716","11206292"
"Indiatimes","Web","9143225","1456620","7686605"
"Internet Small Computer Systems Interface","Network Service","570","348","222"
"Seznam.cz","Web","550396","149519","400877"
"Conviva","Infrastructure","5204191","2866592","2337599"
"EdgeCast Networks CDN","Infrastructure","100020","26372","73648"
"AliExpress.com","Web","48271472","2794751","45476721"
"Rt.com","Web","1441","705","736"
"Vanguardngr.com","Web","2446955","268081","2178874"
"VnExpress.net","Web","221653","42583","179070"
"Zing.vn","Web","27865","6512","21353"
"Fox Business Network","Web","3981450","291929","3689521"
"News","Web","2766871","218625","2548246"
"Gameloft Games","Gaming","130008","48014","81994"
"Yadro","Web","8719","3221","5498"
"Rovio Entertainment","Gaming","1029","771","258"
"Candy Crush Saga","Gaming","9515324","3755372","5759952"
"OpenStreetMap","Infrastructure","19851","3219","16632"
"Videoplaza","Web","320737","110168","210569"
"Brightcove","Media","90708759","4226101","86482658"
"Plenty Of Fish","Web","3969164","729230","3239934"
"Twitch","Media","1196227810","44015195","1152212615"
"BoldChat Live Chat","Internet Instant Messaging","1894681","689120","1205561"
"OkCupid","Web","1281124","418944","862180"
"Apsalar","Business Application","7371","2531","4840"
"Fetion","Internet Instant Messaging","8815","8815","0"
"Turner","Web","587349","59254","528095"
"Nielsen","Web","5068699","1489426","3579273"
"zalo","Internet Instant Messaging","26073829","10127869","15945960"
"battlenet","Gaming","1092325","234318","858007"
"DISTCC","Network Service","889","562","327"
"JAVA-RMI","Network Service","6476","4052","2424"
"Taobao Ad Network and Exchange","Web","142868","27739","115129"
"Amazon Cloud Drive","Web","502840","16739","486101"
"Lazada","Web","1628527","118863","1509664"
"CPMSTAR","Web","476095","66421","409674"
"Sizmek (previously MediaMind)","Web","10661984","1349534","9312450"
"AOL One","Web","3207382","469367","2738015"
"Realestate","Web","222427","60208","162219"
"Constant Contact","Web","2847209","146204","2701005"
"GitHub","Web","135174434","9524323","125650111"
"Bitbucket","Web","40744","11256","29488"
"Sabah","Web","27191","4124","23067"
"Atlassian","Web","6312749","3346857","2965892"
"Pastebin","Web","3826","734","3092"
"Internet.org","Web","58710","30618","28092"
"Kakaocdn","Infrastructure","302088","64109","237979"
"My.com","Web","14976","5116","9860"
"Bizographics","Web","7573","2372","5201"
"Helpshift","Web","450591","141658","308933"
"Scotiabank","Web","10683794","3299319","7384475"
"Atlas Solutions","Web","610990","230193","380797"
"CBS Video","Web","31494198","1536443","29957755"
"Microsoft SpyNet (aka Microsoft Active Protection Service)","Web","11835","6844","4991"
"LogMeIn","Remote Desktop","1204160","138526","1065634"
"Disney Channel","Web","2250673","133194","2117479"
"NBC","Web","10366375","957967","9408408"
"Localytics","Web","1151285","293722","857563"
"Microsoft Translator (Bing Translator)","Web","25506","6303","19203"
"Perform","Web","1103397","76937","1026460"
"Periscope","Media","8343709","347677","7996032"
"Microsoft Sway (Office 365)","Business Application","10512","2030","8482"
"Olark","Web","1161427","85928","1075499"
"Liveperson","Web","15967690","2390066","13577624"
"Mapbox","Web","5093406","475170","4618236"
"Khaberni","Web","739857","68141","671716"
"Google Code","Web","26502","5452","21050"
"Rollout","Web","1924635","192856","1731779"
"Microsoft Excel Online (Office 365)","Web","164801362","88165715","76635647"
"LiveChat","Web","4494564","613863","3880701"
"Riffsy (Tenor.co)","Web","10918897","342791","10576106"
"Tune","Web","41265","11246","30019"
"Braintree","Web","258460","61742","196718"
"QINIU","Web","9816124","423087","9393037"
"Lookout Mobile Security","Business Application","27401","21598","5803"
"Bleacher Report","Web","4944652","224358","4720294"
"Tokopedia","Web","14227820","1494645","12733175"
"Hola Web Proxy","Web","365958","117303","248655"
"funCaptcha","Web","9878","3195","6683"
"MobFox","Web","23367","4252","19115"
"Trippy","Web","59481","6879","52602"
"Slack","Web","501947386","41153319","460794067"
"Younow","Web","57755271","4582978","53172293"
"MQ Telemetry Transport","Network Service","99197","45255","53942"
"Clicktale","Web","6395880","3580506","2815374"
"nuomi.com","Web","11057","2996","8061"
"Adk2","Web","81899","10762","71137"
"Weborama","Web","135616","35826","99790"
"Constrained Application Protocol","Network Service","5490","3498","1992"
"Highwinds","Web","39054684","1554284","37500400"
"Douyu","Gaming","65475","5992","59483"
"Innovid","Web","81293806","3891813","77401993"
"StackExchange","Web","651204","58551","592653"
"StackOverflow","Web","4441899","284994","4156905"
"Wix","Web","73947081","6959977","66987104"
"Tinder","Web","365551203","21580009","343971194"
"Ubuntu","Web","24327","13243","11084"
"Heroku","Web","16598258","6461835","10136423"
"Clash of Clans","Gaming","18830784","2806245","16024539"
"Supercell","Gaming","1532547","447288","1085259"
"Amazon Music","Media","63753229","2028087","61725142"
"Microsoft Powerpoint Online (Office 365)","Business Collaboration","9442927","624088","8818839"
"OPC Unified Architecture","Web","1996","1108","888"
"Signal Private Messenger (Open Whisper Systems)","Internet Instant Messaging","170298486","9143062","161155424"
"Tidal","Media","25846","6396","19450"
"Vidyard","Web","568423400","14932760","553490640"
"Nintendo","Gaming","9790563","1944768","7845795"
"OpenRTB","Web","64047","42808","21239"
"ADventori","Web","120519","33489","87030"
"Audible","Real Time Audio/Video","118640","60138","58502"
"En Son Haber","Web","1451687","36209","1415478"
"Meituan","Web","42565","3958","38607"
"Dianping","Web","1500359","55946","1444413"
"QQ r2","Web","7651074","4218533","3432541"
"Samsung Update","Web","2140","597","1543"
"Huawei Update","Web","15206","3203","12003"
"MGID","Web","5278560","631529","4647031"
"Amazon Chime","Business Collaboration","17349815","9379886","7969929"
"AnyDesk","Remote Desktop","301654","145945","155709"
"Naij","Web","146256","29247","117009"
"Zhihu","Web","9049215","744406","8304809"
"Booking.com","Web","2686259","309158","2377101"
"Walmart","Web","5256515","3780777","1475738"
"DocuSign","Web","12298520","1254603","11043917"
"Automatic Data Processing (ADP)","Web","22081063","931248","21149815"
"Microsoft Power BI (Office 365)","Web","25986","4794","21192"
"Optus","Web","1094226","115558","978668"
"Gfycat","Web","25711393","616559","25094834"
"T-Mobile","Web","2214415","713735","1500680"
"Kahoot!","Web","129810","11562","118248"
"Sportradar","Web","1252669","124701","1127968"
"Wall Street Journal","Web","44810683","2290809","42519874"
"ChinaNetCenter ","Web","20707","8834","11873"
"Niantic, Inc","Web","630351","113376","516975"
"Snow","Internet Instant Messaging","2240810","780639","1460171"
"Clash Royale","Gaming","51822054","3656439","48165615"
"Instructure","Web","21003814","1220863","19782951"
"Workplace By Facebook","Social Networking","504250","298697","205553"
"shopee.tw","Web","7901452","374752","7526700"
"Electronic Arts","Web","2634194","576247","2057947"
"Facebook Lite","Social Networking","466124","88008","378116"
"Microsoft PowerShell Remoting Protocol","Network Service","5482","1849","3633"
"Kakao","Web","375141","104948","270193"
"Digioh","Web","1105600","78292","1027308"
"Apptimize","Web","56780","22213","34567"
"UC Browser","Web","1135580","1011614","123966"
"Mediascope","Web","25039","7004","18035"
"Data Saver","Web","2463582","316748","2146834"
"YouTube Kids","Media","43805","10147","33658"
"Domain Name Service Crypt","Network Service","12384","5817","6567"
"Adtelligent","Web","1551740","629691","922049"
"Youtube Music","Media","1192230","230242","961988"
"Appnext","Web","15192","4840","10352"
"Splunk Cloud","Storage and Backup","1173769","695918","477851"
"Fox Networks","Web","1684912","627060","1057852"
"Realvnc","Tunneling and VPN","1748161","1153802","594359"
"9GAG","File Sharing","203048","15205","187843"
"AnchorFree","Tunneling and VPN","482196","346335","135861"
"textPlus","Internet Instant Messaging","181607","43942","137665"
"Epic_games","Gaming","11029898","1598264","9431634"
"Unreal_engine","Gaming","4419463","285028","4134435"
"EtiSalat C'Me","Internet Instant Messaging","371036","92980","278056"
"IBM","Web","225679","26238","199441"
"TunnelBear VPN","Tunneling and VPN","503593","158966","344627"
"Barracuda Networks","Web","19211","5577","13634"
"RingCentral","Business Collaboration","1578714","287676","1291038"
"Google News","Web","2034990","557952","1477038"
"Visual IQ","Web","522780","183109","339671"
"Alibaba Group","Web","8597796","422550","8175246"
"League of Legends","Gaming","5940156","1460902","4479254"
"Discourse","Web","8439429","459510","7979919"
"ExpressVPN","Tunneling and VPN","21149892","8377906","12771986"
"Account Kit","Web","64399","19387","45012"
"TechRadar","Web","1668323","118433","1549890"
"Future_plc","Web","20275831","1449972","18825859"
"Wish","Web","52553634","6292309","46261325"
"ProtonMail","Email","43193","12238","30955"
"Mojang","Gaming","206699353","5635823","201063530"
"Warner Bros. Interactive Entertainment","Gaming","2990725","45982","2944743"
"Ted Conferences","Web","56279087","1814407","54464680"
"Prezi","Web","16041964","1447701","14594263"
"WorkspaceOne","Web","1677193","972465","704728"
"JSFiddle","Web","2997491","227216","2770275"
"Target","Web","4950367","356333","4594034"
"iBooks","Web","2574452","450153","2124299"
"Fandom","Web","5549959","568201","4981758"
"Tesla","Web","11446961","923499","10523462"
"AnonyTun","Tunneling and VPN","215543","143492","72051"
"W3Schools","Web","406703","45424","361279"
"Codepen","Web","7242","2525","4717"
"Didi","Web","551838","231153","320685"
"OpenSignal","Web","5041","2139","2902"
"Megaphone","Web","88342950","4555410","83787540"
"UDP Data Transfer protocol","File Sharing","828140","27267","800873"
"TripAdvisor","Web","67690857","5638476","62052381"
"PubNub","Web","688548","236902","451646"
"Unknown virtual protocol","Unclassified","433846","273599","160247"
"Unknown virtual protocol","Unclassified","5054290","742802","4311488"
"NetEase","Web","1058216937","66878946","991337991"
"Unknown virtual protocol","Unclassified","1132873601","68419847","1064453754"
"Unknown virtual protocol","Unclassified","32667307","2466249","30201058"
"Unknown virtual protocol","Unclassified","7357","2045","5312"
"Discovery Inc","Real Time Audio/Video","5473","943","4530"
"Bumble","Web","126451400","17025526","109425874"
"National Public Radio","Web","2948803","120646","2828157"
"Acast","Real Time Audio/Video","116148368","5338106","110810262"
"Mario Kart Tour","Gaming","10095218","1505535","8589683"
"Firework","Internet Instant Messaging","1318191","304985","1013206"
"China International Broadcasting Network (CIBN)","Web","1134180","28993","1105187"
"Bigo","Web","2884436","148525","2735911"
"BAMTech","Real Time Audio/Video","20105626","11607936","8497690"
"Disney Plus","Real Time Audio/Video","4956394583","95161953","4861232630"
"Apple TV Plus","Real Time Audio/Video","182172110","3673180","178498930"
"Kuwo","Real Time Audio/Video","88688","50979","37709"
"Agora","Network Service","81810","55096","26714"
"Web Services Dynamic Discovery","Network Service","1152716","701749","450967"
"Tuchong","Web","3161439","2901161","260278"
"Airbnb","Web","30065757","6215521","23850236"
"Zhenai","Web","19196","10505","8691"
"MediaLab","Web","96908","38745","58163"
"Netease Games","Gaming","86326864","37487887","48838977"
"Baidu Tieba","Social Networking","276403","113754","162649"
"Browsec VPN","Tunneling and VPN","1149137292","124860694","1024276598"
"Workday","Business Application","18012680","917192","17095488"
"StackPath","Web","4693194","257400","4435794"
"Ximalaya","Real Time Audio/Video","979275","85765","893510"
"Uber Eats","Web","7725010","790114","6934896"
"DoorDash","Web","113038324","6838858","106199466"
"Fifa","Gaming","26259","6992","19267"
"Houseparty","Real Time Audio/Video","338955","72002","266953"
"Shahid","Real Time Audio/Video","6867","1593","5274"
"Roblox","Gaming","365832915","48160184","317672731"
"nextDNS","Web","184538","81214","103324"
"Likee","Internet Instant Messaging","5060927","1393232","3667695"
"Acronis Backup","File Sharing","263934","35165","228769"
"Microsoft Dynamics","Business Application","142629","66414","76215"
"Digital Turbine","Web","22400631","556477","21844154"
"Pluto TV","Real Time Audio/Video","319649462","15074309","304575153"
"adRise","Real Time Audio/Video","323447","52486","270961"
"Tubi TV","Real Time Audio/Video","1839448736","54059802","1785388934"
"Hiido - Haidu Cloud","Web","507808","299377","208431"
"Demandbase","Web","772377","87375","685002"
"Amazon Alexa Assistant","Business Collaboration","315969","72280","243689"
"Yubo","Internet Instant Messaging","582112","51238","530874"
"Arena of Valor","Gaming","17791934","7883588","9908346"
"Zerotier","Tunneling and VPN","24265","10693","13572"
"Connatix","Real Time Audio/Video","49324701","4987396","44337305"
"Minute Media","Web","6166127","215963","5950164"
" Revolut","Web","671289","109532","561757"
"Jitsi","Real Time Audio/Video","260114","45527","214587"
"Callstats.io","Web","831071","746124","84947"
"Coursera","Web","3006","1913","1093"
"The Blaze","Web","1659375","88899","1570476"
"Hotels.com","Web","21119","3653","17466"
"Indeed","Web","57764825","19320481","38444344"
"NHL.com","Web","18658803","1290032","17368771"
"Priceline.com","Web","21172","13097","8075"
"Rotten Tomattoes","Web","7033892","1435591","5598301"
"SFGate","Web","907448","71988","835460"
"Slate Magazine","Web","1002217","168821","833396"
"BambooHR","Web","8166931","604332","7562599"
"The Daily Beast","Web","1556975","126724","1430251"
"The Free Dictionary","Web","10565","1913","8652"
"TIME","Web","78696","8960","69736"
"TMZ","Web","77206","10201","67005"
"United Airlines","Web","5775037","931866","4843171"
"OnlyFans","Web","256241","76965","179276"
"Nvidia","Web","197503","11045","186458"
"Geforce Now","Gaming","353755","105955","247800"
"Call of Duty Mobile","Gaming","96678863","4102685","92576178"
"The Walt Disney Company","Web","5488492","438519","5049973"
"Wired","Web","2019465","130859","1888606"
"Kickstarter","Web","4100412","226306","3874106"
"Indiegogo","Web","2033743","173756","1859987"
"Kayak","Web","6366722","229271","6137451"
"Rediff","Web","178695","7131","171564"
"Eventbrite","Web","471826","39847","431979"
"Unknown virtual protocol","Unclassified","421481","201983","219498"
"ShoreTel","Business Collaboration","174030","78016","96014"
"LWAPP","Business Application","2681","1098","1583"
"RingCentralApp","Business Collaboration","68389","25132","43257"
