"Application","Category","Total Bytes","Bytes Received","Bytes Sent"
"Domain Name Service","Network Service","2665222462","1272454682","1392767780"
"eBay.com","Web","234824647","55279903","179544744"
"Google Mail","Email","4025054043","734839310","3290214733"
"Google Search","Web","2069438298","311312186","1758126112"
"HyperText Transfer Protocol","Web","12771605837","555397255","12216208582"
"HyperText Transfer Protocol Secure","Web","136544263829","4347280164","132196983665"
"Internet Control Message Protocol","Network Service","4483296146","2710138692","1773157454"
"Internet Message Access Protocol version 4","Email","113296028","41141328","72154700"
"Internet Message Access Protocol Secure","Email","4376730346","377419659","3999310687"
"Internet Protocol","Network Service","0","0","0"
"Internet Security Association and Key Management Protocol","Tunneling and VPN","1588528233","301389089","1287139144"
"XMPP Protocol (Jabber)","Business Collaboration","241222604","7204305","234018299"
"Network Time Protocol","Network Service","16194190","9786690","6407500"
"Post Office Protocol (Version 3)","Email","1251752","559892","691860"
"Skype and Teams","Business Collaboration","1112291818","432180914","680110904"
"Simple Object Access Protocol","Network Service","1648156089","802470495","845685594"
"Secure Shell","Tunneling and VPN","355403964","265878734","89525230"
"Secure Socket Layer","Tunneling and VPN","199135118847","8091881993","191043236854"
"Transmission Control Protocol","Other TCP/UDP","7773537351","685900671","7087636680"
"User Datagram Protocol","Other TCP/UDP","524196859976","32543305527","491653554449"
"Yahoo Mail v.2.0","Email","279964413","41860129","238104284"
"Youtube.com","Media","174561556476","6343516228","168218040248"
"Facebook","Social Networking","160921633971","5521749669","155399884302"
"Google Ads","Web","3631501121","437485435","3194015686"
"Apple Generic Services","Web","33712509276","881334213","32831175063"
"Online Certificate Status Protocol","Business Application","38083823","14641187","23442636"
"Twitter","Social Networking","3852150534","167966350","3684184184"
"iTunes","Media","6932308734","268317671","6663991063"
"Spotify","Media","1974389524","127642990","1846746534"
"TeamViewer","Remote Desktop","475170058","180354063","294815995"
"Bing.com (formerly MSN Search)","Web","31719169218","724953103","30994216115"
"Windows Update","Web","21799558300","719283557","21080274743"
"Opera Update","Web","4970416","1881216","3089200"
"Google Analytics,Google Marketing Platform","Web","1122697225","306744526","815952699"
"Google GStatic","Web","7203809315","604591522","6599217793"
"Google Generic","Web","4928074247","2593351784","2334722463"
"Amazon Generic Services","Web","13711451976","4468644587","9242807389"
"Daum.net","Web","302472191","16768450","285703741"
"Weather.com","Web","283099517","12880230","270219287"
"WhatsApp Messenger","Internet Instant Messaging","48723875804","16940934004","31782941800"
"Apple App Store","Web","49931382751","871725973","49059656778"
"Windows Marketplace","Web","5350767721","169898859","5180868862"
"Apple FaceTime","Real Time Audio/Video","13568142636","6831113859","6737028777"
"Apple Push Notification Service","Web","607307004","392751788","214555216"
"iOS over-the-air (OTA) update","Web","15203325632","186033029","15017292603"
"Samsung Apps","Web","187052615","17984458","169068157"
"Google Play Store","Media","5541420789","782435555","4758985234"
"iCloud (Apple)","Storage and Backup","26487251274","4488583398","21998667876"
"Instagram","Web","223246654745","6836626514","216410028231"
"Amazon Web Services/Cloudfront CDN","Infrastructure","21093720197","6500713167","14593007030"
"KakaoTalk","Internet Instant Messaging","199488714","28808765","170679949"
"Microsoft Azure (previously Windows Azure)","Infrastructure","1401512878","30331090","1371181788"
"Yahoo.com","Web","1948160133","156181816","1791978317"
"CloudFlare CDN","Infrastructure","23465224511","694472929","22770751582"
"Microsoft Office 365","Business Collaboration","3686313305","162904082","3523409223"
"Microsoft Outlook (Office 365)","Business Application","2760559934","727691840","2032868094"
"Apple SIRI","Web","205236212","148497575","56738637"
"Apple Maps","Web","1672944","189404","1483540"
"Google Accounts","Web","255562520","59838083","195724437"
"Snapchat","Social Networking","23411032710","1274951668","22136081042"
"Bitstrips","Social Networking","209762127","11227777","198534350"
"Criteo","Web","300163010","49779731","250383279"
"Adobe","Business Application","1043743316","100924143","942819173"
"Samsung","Web","318517799","134116259","184401540"
"Crashlytics","Web","46544897","8645941","37898956"
"Facebook Messenger","Internet Instant Messaging","11871831820","5115679870","6756151950"
"AppsFlyer","Business Application","103822904","30227823","73595081"
"Smart AdServer","Web","111949738","42008893","69940845"
"Google Cloud Storage","Web","13920254443","13015088590","905165853"
"Google Cloud Messaging","Web","183999695","39840019","144159676"
"Google Calendar","Web","75728117","29364010","46364107"
"Apple Location","Web","6228694339","620325118","5608369221"
"Rubicon Project","Web","191823278","67394952","124428326"
"AppNexus","Web","434323690","219378662","214945028"
"HyperText Transfer Protocol version 2","Web","18850184912","1073018904","17777166008"
"Google Tag Manager","Web","448519228","27074775","421444453"
"Adjust.com","Web","27765395","11758971","16006424"
"BootstrapCDN","Web","9025067","629397","8395670"
"Android connectivity Manager","Network Service","18746945","9502647","9244298"
"Heap","Web","125878459","74625751","51252708"
"Branch Metrics","Web","204627977","25615362","179012615"
"Microsoft OneDrive","Web","5004786070","3105907073","1898878997"
"Microsoft","Web","7241773826","1503212053","5738561773"
"New Relic","Web","384395991","306497972","77898019"
"ZoomMeetings","Business Collaboration","11065971318","3906991271","7158980047"
"HyperText Transfer Protocol proxy","Network Service","66132141","8068047","58064094"
"Firebase Cloud Messaging","Web","1187876168","669539862","518336306"
"IMO Video Calling Application","Media","2206678251","936350484","1270327767"
"Apple Game Center","Gaming","17195228","4146911","13048317"
"AdColony","Web","39752472","10022721","29729751"
"Google Cloud Platform","Web","101142240","38016748","63125492"
"Adtelligent","Web","5375873","2196529","3179344"
"Cisco","Web","13902984","5521404","8381580"
"ByteDance","Web","839636471","37956183","801680288"
"TikTok (Musical.ly)","Social Networking","153023410596","5105088669","147918321927"
"Apple News","Web","441743992","20750010","420993982"
"Google APIs","Web","6274657261","2390714808","3883942453"
"Amazon Cognito","Web","28921814","9388555","19533259"
"Google Pay","Web","15926388","2776063","13150325"
"Google Messages","Internet Instant Messaging","102990600","42518410","60472190"
"Bigo","Web","1467798124","26557159","1441240965"
"Shopify","Web","164398913","11631191","152767722"
"Likee","Internet Instant Messaging","275795595","15250078","260545517"
"Sift Science","Web","1335900","349658","986242"
"Contentful","Web","697369849","30919359","666450490"
"Digicert","Web","109671330","6667029","103004301"
"Font Awesome","Web","20736151","1550569","19185582"
"Intercom","Web","300619927","106170286","194449641"
"SD-WAN Control","SD-WAN","30724426119","17211549867","13512876252"
"SD-WAN Management","SD-WAN","10763668671","5359889750","5403778921"
"TencentMeeting","Business Collaboration","347899920","93446108","254453812"
"Dailymotion.com","Media","326883489","9335320","317548169"
"Google Maps","Web","199572788","20375168","179197620"
"McAfee Client update","Business Application","2097726150","90255904","2007470246"
"Real Time Protocol","Business Collaboration","18899615366","9091019781","9808595585"
"Session Initiation Protocol","Business Application","23511912","16804941","6706971"
"Simple Mail Transfer Protocol","Email","14423229","11583974","2839255"
"SOCKet Secure v5","Tunneling and VPN","58777","20485","38292"
"Session Traversal Utilities for NAT","Business Collaboration","1542615171","720833139","821782032"
"Wikipedia.com","Web","122471056","7468350","115002706"
"Yahoo Search","Web","39282836","3739774","35543062"
"Windows Live Hotmail","Email","335826817","80885364","254941453"
"Secure AIM","Internet Instant Messaging","35941396","1709898","34231498"
"WordPress.com","Social Networking","171739682","8359746","163379936"
"Flickr","Social Networking","4367825","178258","4189567"
"LinkedIn","Social Networking","1047985919","63346552","984639367"
"Xbox Live","Gaming","27387471","6758322","20629149"
"Foursquare.com","Web","29961357","874938","29086419"
"Tumblr","Social Networking","1014653686","14060044","1000593642"
"Yelp.com","Web","30656797","2608144","28048653"
"Yandex.ru","Web","67992902","17753836","50239066"
"Baidu.com","Web","78796555","6986483","71810072"
"Firefox Update","Web","192856177","2255326","190600851"
"Apple Update","Web","430103878","4126409","425977469"
"Chrome Update","Web","1174584818","34287388","1140297430"
"Viber","Real Time Audio/Video","1207936846","677021532","530915314"
"Netflix.com","Media","52375608974","796885955","51578723019"
"Google Translate","Web","55257916","18210130","37047786"
"iHeartRADIO","Media","6484894","412472","6072422"
"Portal.TidalTV.com","Web","1726463","397583","1328880"
"AccuWeather","Web","25590727","2830473","22760254"
"Adobe Acrobat DC (Document Cloud)","Web","6498507","603134","5895373"
"AlJazeera.net","Web","333507","41561","291946"
"Answers","Web","9161466","126972","9034494"
"CNN (Cable News Network)","Web","200605934","20742777","179863157"
"Daily Mail","Web","20134089","1329177","18804912"
"Kaspersky.com","Web","133988530","53098388","80890142"
"Mozilla.com - Mozilla.org","Web","65122003","10070113","55051890"
"Naver Corporation (formerly NHN Corporation)","Web","1606433759","63218748","1543215011"
"Reverso.net","Web","1568009","55208","1512801"
"Youdao.com","Web","1119721","505769","613952"
"Taobao","Web","124321868","7505801","116816067"
"SoundCloud","Media","503775261","22948078","480827183"
"Amazon Prime Video","Media","33841272621","525987397","33315285224"
"51.la","Web","21992","5504","16488"
"Akamai Technologies CDN","Web","9819359312","205509827","9613849485"
"Zynga.com","Gaming","2138751","697299","1441452"
"Limelight Networks CDN","Web","1316366839","30820074","1285546765"
"Datagram Transport Layer Security","Tunneling and VPN","505052067","200479846","304572221"
"WeChat","Internet Instant Messaging","5257443362","1908686156","3348757206"
"Google Talk (incl. Hangouts and Allo and Duo)","Real Time Audio/Video","1780639648","691963513","1088676135"
"Zoho Corporation","Business Application","35163984","2212762","32951222"
"Nokia Here API","Web","4540658","204027","4336631"
"Speedtest","File Sharing","42786689","5529209","37257480"
"Pinterest","Web","964448142","69544892","894903250"
"BuzzFeed.com","Web","2344657","321766","2022891"
"Reddit.com","Web","4356304807","98640335","4257664472"
"Internet Movie Database","Web","1677629444","14049788","1663579656"
"Imgur.com","Storage and Backup","120675509","1281954","119393555"
"Google Documents (aka Google Drive)","Storage and Backup","318829989","92088614","226741375"
"Paypal.com","Web","225926378","13432848","212493530"
"BBC","Web","73218688","4209948","69008740"
"Indiatimes","Web","32332125","7251997","25080128"
"Kijiji.ca","Web","527769907","50799944","476969963"
"Conviva","Infrastructure","2792861","1916634","876227"
"Amazon Ad System","Web","522348586","110333989","412014597"
"Aol","Web","153896797","20033923","133862874"
"Aparat","Web","520056242","6943669","513112573"
"AddThis","Web","28892856","2222034","26670822"
"Yadro","Web","785156","383047","402109"
"Turn","Web","7448960","1920679","5528281"
"ScorecardResearch","Web","131617688","16673516","114944172"
"Quantcast","Web","397379418","6634392","390745026"
"Telegram","Internet Instant Messaging","13280215409","668502176","12611713233"
"Waze Social GPS Maps & Traffic","Web","41444104","2239124","39204980"
"Huffington Post","Web","17854559","399372","17455187"
"Symantec","Web","12793546","3354130","9439416"
"Oracle","Web","27183982","7368288","19815694"
"TRUSTe","Web","123986032","4404559","119581473"
"Zendesk","Business Collaboration","28367825","1126602","27241223"
"Google Safe Browsing","Web","294029442","109830642","184198800"
"Inneractive","Web","408680126","316052323","92627803"
"Flurry","Business Application","55161311","11371644","43789667"
"Brightcove","Media","64343889","1541841","62802048"
"BoldChat Live Chat","Internet Instant Messaging","3473398","968829","2504569"
"InMobi","Web","191227462","64323937","126903525"
"Gravatar","Business Collaboration","5299769","984423","4315346"
"FreeWheel","Web","3772158","1002116","2770042"
"Xiaomi","Web","80852136","10347823","70504313"
"Turner","Web","141913581","2353981","139559600"
"Nielsen","Web","6003331","1330437","4672894"
"Stickyads","Web","49273886","20700518","28573368"
"Mixpanel","Web","22136347","15604352","6531995"
"Cedexis","Web","7727524","1528483","6199041"
"OpenX","Web","18524266","5258730","13265536"
"PubMatic","Web","196904298","95952530","100951768"
"Index Exchange (previously Casale Media)","Web","69698495","20695141","49003354"
"LOTAME","Web","15089110","2971066","12118044"
"ADTECH","Web","3234984","149254","3085730"
"Sizmek (previously MediaMind)","Web","64674739","2458524","62216215"
"AOL One","Web","3535520","255007","3280513"
"Rlcdn","Web","22795966","4143011","18652955"
"Realestate","Web","408780","67805","340975"
"Kakaocdn","Infrastructure","57012196","1474977","55537219"
"Advertising.com","Web","10653531","3009617","7643914"
"Facebook Embedded Video","Media","21774109064","249141537","21524967527"
"Ad Safe Protected","Web","178692619","26272296","152420323"
"Helpshift","Web","677295","175464","501831"
"Scotiabank","Web","220921887","66392181","154529706"
"Atlas Solutions","Web","934492","244114","690378"
"Urbanairship","Web","7316193","2115878","5200315"
"Apple Music","Media","643794006","13721757","630072249"
"Outbrain","Web","136674582","24064020","112610562"
"Fastly","Web","9273583","325032","8948551"
"Unruly","Web","10793247","5056721","5736526"
"Rogers TV","Web","143899114","4297076","139602038"
"UpLynk","Web","258014156","2405822","255608334"
"Localytics","Web","5948010","1105742","4842268"
"Applovin","Web","2513582705","942726798","1570855907"
"Moat","Web","191004347","54034063","136970284"
"Krux","Web","19669778","1980408","17689370"
"Perform","Web","8381135","305253","8075882"
"Periscope","Media","291825127","5107638","286717489"
"Microsoft Office OneNote (Office 365)","Business Application","5002487","1456221","3546266"
"Optimizely","Web","28848892","5971672","22877220"
"Taboola","Web","429901839","52071322","377830517"
"Mapbox","Web","40546005","1994637","38551368"
"Rackspace","Web","1713381667","167129995","1546251672"
"Smaato","Web","13514999","4974913","8540086"
"Braintree","Web","1609044","549950","1059094"
"Verizon","Web","28744909","15997955","12746954"
"MediaMath","Web","14012817","4967655","9045162"
"jQuery","Web","24124139","1084624","23039515"
"Everest Technologies","Web","24168265","5985927","18182338"
"TubeMogul","Web","1364733","204820","1159913"
"Bleacher Report","Web","47031060","1537405","45493655"
"SpotXchange","Web","8557206","2738163","5819043"
"Umeng","Web","5226286","2651521","2574765"
"Revcontent","Web","11990063","2046886","9943177"
"Google Photos (formerly Google Picasa)","Web","139193939","78284246","60909693"
"Liftoff","Web","3865018","1342854","2522164"
"Uber (formerly UberCab)","Web","354772677","76985048","277787629"
"Younow","Web","95585236","42043598","53541638"
"Conversant","Web","8452074","2972875","5479199"
"Teads","Web","26274381","4892892","21381489"
"Clicktale","Web","27307784","21171876","6135908"
"Adform","Web","32141080","7090834","25050246"
"hotjar","Web","65134153","32777420","32356733"
"Highwinds","Web","67014210","1130772","65883438"
"Innovid","Web","160348336","4262446","156085890"
"Wix","Web","77244555","4491803","72752752"
"Tinder","Web","2666025298","72726984","2593298314"
"GIPHY","Web","588884813","11468324","577416489"
"Heroku","Web","2172159","499224","1672935"
"Bidswitch","Web","35510963","13344966","22165997"
"Bugsnag","Web","7295470","4408191","2887279"
"ADventori","Web","247577","53545","194032"
"Tealium","Web","20074395","4999653","15074742"
"Sharethrough","Web","68083962","19518158","48565804"
"Yieldmo","Web","27836115","4395864","23440251"
"MGID","Web","19051940","1621213","17430727"
"ULP","Network Service","5492151","170968","5321183"
"MaxCDN","Web","233907","15154","218753"
"DoubleVerify","Web","117665668","22252199","95413469"
"Media Innovation Group","Web","3009922","793120","2216802"
"Automatic Data Processing (ADP)","Web","98173406","6857333","91316073"
"Okta","Web","107644049","15091932","92552117"
"PulsePoint","Web","8515789","2520268","5995521"
"eXelate","Web","3125162","918951","2206211"
"Autodesk Fusion 360","Tunneling and VPN","181645804","56647359","124998445"
"Sonobi","Web","10986584","3717420","7269164"
"Google Secure User Plane Location","Web","570453","77092","493361"
"Amplitude","Web","174208613","155302391","18906222"
"Chunghwa Telecom","Web","4444","1461","2983"
"Sportradar","Web","10492157","490824","10001333"
"Microsoft teams","Internet Instant Messaging","1996454996","299993120","1696461876"
"Kakao","Web","7131174","1821994","5309180"
"Digioh","Web","4942099","174941","4767158"
"Apptimize","Web","381769","139869","241900"
"UC Browser","Web","823585","659704","163881"
"Akamai Video","Media","187581390","3952529","183628861"
"Tenor","Web","46908430","3110229","43798201"
"IronSource","Business Application","489984550","21665016","468319534"
"Disqus","Web","32362199","2683090","29679109"
"Simpli.fi","Web","9287921","1295044","7992877"
"Google News","Web","3107466","145069","2962397"
"Visual IQ","Web","620142","176830","443312"
"Alibaba Cloud","Web","606825403","24674143","582151260"
"Wish","Web","47125568","5947128","41178440"
"iBooks","Web","10567897","492371","10075526"
"Vungle","Web","657512851","15200151","642312700"
"Megaphone","Web","2080273926","35435809","2044838117"
"PubNub","Web","23323811","9599187","13724624"
"Unknown virtual protocol","Unclassified","14573719758","275925382","14297794376"
"Unknown virtual protocol","Unclassified","61865206","3528409","58336797"
"Unknown virtual protocol","Unclassified","294448477","61295278","233153199"
"Unknown virtual protocol","Unclassified","165601","44686","120915"
"Unknown virtual protocol","Unclassified","2332098216","141887599","2190210617"
"Unknown virtual protocol","Unclassified","20984864","14879595","6105269"
"Bumble","Web","620066503","46556353","573510150"
"JWPLAYER","Web","831581375","14722216","816859159"
"BAMTech","Real Time Audio/Video","40236696","24645776","15590920"
"Disney Plus","Real Time Audio/Video","11526076935","165886301","11360190634"
"Quora","Social Networking","19101717","1208277","17893440"
"Airbnb","Web","49925059","7879241","42045818"
"Wangwang","Internet Instant Messaging","5202973","1665417","3537556"
"Houseparty","Real Time Audio/Video","259540","36970","222570"
"BridTV","Real Time Audio/Video","8192350","126216","8066134"
"Microsoft Dynamics","Business Application","4407524","1537291","2870233"
"Demandbase","Web","1204825","51626","1153199"
"KOCHAVA","Web","5032645","1315735","3716910"
"Spotify Audio","Real Time Audio/Video","1475789210","21051998","1454737212"
"Connatix","Real Time Audio/Video","57229108","3964888","53264220"
"Pendo","Web","23348428","5576472","17771956"
"Go Daddy","Web","86837151","22587028","64250123"
"Indeed","Web","283986603","71435254","212551349"
"The Free Dictionary","Web","154640","17121","137519"
"TMZ","Web","10172011","315889","9856122"
"OnlyFans","Web","439227","166609","272618"
"Wired","Web","874557070","13670154","860886916"
"FedEx","Web","11321055","1380068","9940987"
"Kayak","Web","20033807","866202","19167605"
"Eventbrite","Web","21471089","392047","21079042"
"WarnerMedia","Web","220829607","3473959","217355648"
"Bilibili","Web","2961337418","34157204","2927180214"
"Border Gateway Protocol","Network Service","54102","26688","27414"
"BitTorrent","Peer to Peer","11141648","1222029","9919619"
"File Transfer Protocol","File Sharing","6034306","4199391","1834915"
"Gnutella","Peer to Peer","26371","2441","23930"
"Google Earth","Web","66642912","5124874","61518038"
"GPRS Tunneling Protocol","Tunneling and VPN","2757454","16635","2740819"
"IPsec (AH and ESP)","Tunneling and VPN","1115409004","280336404","835072600"
"Kerberos","Authentication","8752","2770","5982"
"Layer 2 Tunneling Protocol","Tunneling and VPN","309913","8286","301627"
"Lighweight Directory Access Protocol","Authentication","2744","1216","1528"
"MySpace.com","Social Networking","81024","2917","78107"
"Netbios Name Service","Network Service","29484","29484","0"
"Secure POP3","Email","44385708","674662","43711046"
"Point-to-Point Tunneling Protocol","Tunneling and VPN","4170","1826","2344"
"QQ","Internet Instant Messaging","90730207","25193166","65537041"
"Remote Authentication Dial-In User Service","Authentication","4960","1860","3100"
"Remote Desktop Protocol (Windows Terminal Server)","Remote Desktop","527359","10481","516878"
"Real Time Control Protocol","Business Collaboration","18951569","10255134","8696435"
"ShoutCast","Media","6444342","189377","6254965"
"Simple Mail Transfer Protocol Secure","Email","5475204","5165471","309733"
"Simple Network Management Protocol","Management","1583488","1583488","0"
"Tabular Data Stream","Business Application","5928587","101729","5826858"
"Wireless Session Protocol","Network Service","844","280","564"
"Wireless Transaction Protocol","Network Service","21964","9472","12492"
"Simple Network Paging Protocol","Network Service","3382630","3260087","122543"
"Tagged.com","Social Networking","5118086","1232637","3885449"
"Expedia.fr","Web","32000557","8076724","23923833"
"Travelocity.com","Web","16312","2000","14312"
"Realtor.com","Web","1499810","132923","1366887"
"Deezer","Web","182223932","2924886","179299046"
"Rambler.ru","Web","2860622","515493","2345129"
"Mail.ru Webmail","Email","30040020","4020421","26019599"
"Real Time Messaging Protocol","Network Service","2448","1176","1272"
"Steampowered.com","Gaming","117730163","2720822","115009341"
"Badoo.com","Internet Instant Messaging","108497760","10749353","97748407"
"Flixster.com","Web","66202","3501","62701"
"Goodreads.com","Web","811115","54165","756950"
"Last.fm","Media","820107","17320","802787"
"LibraryThing.com","Web","6312","1141","5171"
"LiveJournal.com","Social Networking","460643","59859","400784"
"Meetup","Web","814583","66916","747667"
"MocoSpace.com","Web","14489","1462","13027"
"MyAnimeList.net","Web","166091","6475","159616"
"Odnoklassniki.ru","Social Networking","53919081","2306645","51612436"
"ResearchGATE.net","Web","1180562","50420","1130142"
"Vk.com (Vkontakte)","Social Networking","11293705438","202472236","11091233202"
"Yammer.com","Business Application","355647","142184","213463"
"Rambler webmail","Email","114912","23197","91715"
"Yandex webmail","Email","107420","6953","100467"
"Adobe Update Manager","Web","351987778","6589064","345398714"
"Adobe Flash Plugin Update","Web","207675","41826","165849"
"Teredo protocol","Tunneling and VPN","14712","13790","922"
"Java Update","Web","532630","24320","508310"
"Archive.org","Web","11505021","195785","11309236"
"BitDefender Update","Web","4980478","1772276","3208202"
"Symantec Norton AntiVirus Updates","Web","83047270","1028639","82018631"
"Tango Video Calls","Real Time Audio/Video","72211868","5864642","66347226"
"Kaspersky Update","Web","2615","1644","971"
"Avira Update","Web","12367684","301916","12065768"
"BBC Player","Media","19747468","267179","19480289"
"UUSee Protocol","Media","4737","2187","2550"
"Garena","Web","209291","20865","188426"
"ZoneAlarm Updates","Business Application","9211886","438622","8773264"
"Box","File Sharing","584473","114805","469668"
"Concur","Business Application","14193","1664","12529"
"Dropbox","Storage and Backup","2114430520","735196252","1379234268"
"Nicovideo.jp (aka Nico Nico Douga)","Media","114263","11142","103121"
"Psiphon","Web","686364","72812","613552"
"Salesforce","Business Application","44945597","8896959","36048638"
"Tokbox.com","Web","1181012660","84460254","1096552406"
"SiriusXm.com","Media","82349923","7716465","74633458"
"YouKu","Media","817248","709894","107354"
"GoToMeeting Online Meeting","Business Collaboration","22871","8228","14643"
"WebEx","Business Collaboration","184511435","14720348","169791087"
"Slingbox","Media","1646466","33274","1613192"
"Bloomberg.com","Web","2727544","152162","2575382"
"RSS","Web","54025","627","53398"
"ABCNews","Web","65748","3528","62220"
"Acer","Web","1678075","577875","1100200"
"Alexa","Web","413409","23374","390035"
"AmericanExpress","Web","10206865","3940562","6266303"
"ATT.com (AT&T)","Web","59919","25494","34425"
"Blogger","Web","6072751","259917","5812834"
"Capital One","Web","29899086","3492541","26406545"
"Cnet.com","Web","2313602","101209","2212393"
"Comcast","Web","6224284","1063661","5160623"
"Fox News","Web","5784414","292567","5491847"
"Groupon","Web","2242796","253200","1989596"
"HowStuffWorks.com","Web","22843","3519","19324"
"IKEA.com","Web","53299025","14028754","39270271"
"Intuit.com","Business Application","5403029","2696641","2706388"
"LeBonCoin.fr","Web","3015372","105592","2909780"
"Mashable.com","Web","2616010","55380","2560630"
"Match.com","Web","55548","37298","18250"
"NASA.gov","Web","5014497","77341","4937156"
"NationalGeographic.com","Web","2631767","49507","2582260"
"NBA.com","Web","56708327","2403942","54304385"
"National Football League (NFL.com)","Web","1242910","90160","1152750"
"Nike.com","Web","90450987","9139397","81311590"
"NYTimes.com","Web","45643253","1563093","44080160"
"PlayStation.com","Web","4843507","342145","4501362"
"Sky","Web","847704","45199","802505"
"SlideShare","Web","745561","18672","726889"
"Sports Illustrated","Web","2649555","116076","2533479"
"Sprint.com","Web","18040","3555","14485"
"SurveyMonkey.com","Web","532693","28424","504269"
"Univision.com","Web","2407338","83692","2323646"
"Vimeo","Web","1786784491","24849009","1761935482"
"WashingtonPost.com","Web","1191526","39791","1151735"
"WindowsMedia.com","Media","4822","846","3976"
"Xbox","Gaming","364100","76594","287506"
"XNXX","Web","12063","2431","9632"
"Youporn","Web","68262","2411","65851"
"Sina.com.cn","Internet Instant Messaging","40596853","1372237","39224616"
"OICQ","Internet Instant Messaging","24353","13684","10669"
"Sina Weibo","Web","23271129","1132453","22138676"
"QQ WeiBo","Web","135398","28768","106630"
"Google App Engine","Business Application","3185732","653364","2532368"
"Line","Internet Instant Messaging","54181468","17112474","37068994"
"BCA KlikPay","Web","25318","7628","17690"
"Bank Central Asia (BCA)","Web","9081327","393065","8688262"
"Scribd.com","Web","3306762","1107442","2199320"
"Shazam","Web","3638994","517715","3121279"
"TuneIn","Real Time Audio/Video","18818109","511042","18307067"
"Asiae.co.kr","Web","2856045","130983","2725062"
"Chosun services","Web","21927678","2464822","19462856"
"Coupang","Web","654138","95070","559068"
"Zum.com","Web","480618","49259","431359"
"Donga.com","Web","8014890","338305","7676585"
"Hankyung.com","Web","3955298","214258","3741040"
"Mk.co.kr","Web","81548","18204","63344"
"Nate.com","Web","307827","51618","256209"
"Sbs.co.kr","Web","59949","4552","55397"
"Shinhan.com","Web","3709538","106553","3602985"
"Ticketmonster.co.kr","Web","3299","2729","570"
"Tistory.com","Web","1727123","409417","1317706"
"MBC (Munhwa Broadcasting Corp)","Web","9448","7104","2344"
"Joongang Daily","Web","59876","10922","48954"
"Kookmin Bank","Web","1054680","53943","1000737"
"QQ.com","Web","60900534","13868913","47031621"
"163.com","Web","6817761","2100445","4717316"
"Sohu.com","Web","3301481","153722","3147759"
"Ifeng.com","Web","83609","12270","71339"
"Tmall.com","Web","1169276","323080","846196"
"Hao123","Web","204281","43139","161142"
"Alipay","Web","735980","223212","512768"
"Sogou.com","Web","3329599","733893","2595706"
"Douban.com","Web","669923","269752","400171"
"cnzz.com","Web","4237","1635","2602"
"360.cn","Web","16402","8391","8011"
"Alibaba.com","Web","22483541","11117261","11366280"
"Soku.com","Web","4035","461","3574"
"Alimama.com","Web","76806","6266","70540"
"ISO Base Media File Format","Real Time Audio/Video","874076474","15174489","858901985"
"KIK Messenger","Internet Instant Messaging","39460456","755925","38704531"
"MiTalk Messenger (Miliao)","Internet Instant Messaging","3227114","331066","2896048"
"FC2.com","Social Networking","72243","10790","61453"
"Rakuten.co.jp","Web","2124302","283772","1840530"
"Hatena.ne.jp","Social Networking","73702","13047","60655"
"QQ Games","Gaming","8114456","6468077","1646379"
"QQ Mail","Email","1370125","300218","1069907"
"QQ News","Web","454715","79142","375573"
"Sina finance","Web","6413","754","5659"
"Sina News","Web","32351","19666","12685"
"Tencent.com","Internet Instant Messaging","1468120","1251027","217093"
"Udn.com","Web","823352","24864","798488"
"Pornhub","Web","32296","6461","25835"
"MeetMe.com","Social Networking","9120460","2556355","6564105"
"Microsoft SharePoint Online (Office 365)","Business Application","4297623371","253540667","4044082704"
"SoftBank.com","Web","52272","3058","49214"
"Nend.net","Web","4921","1363","3558"
"Baidu Player","Media","2375","881","1494"
"ESPN.go.com","Web","144797792","2843291","141954501"
"MapQuest.com","Web","493886","49367","444519"
"Evernote","Web","839237","51630","787607"
"JingDong","Web","22441318","421949","22019369"
"WebSocket","Network Service","798596","174194","624402"
"Bet365.com","Web","2126024","186545","1939479"
"LastPass.com","Web","17857","2593","15264"
"Microsoft Skype for Business (formerly Microsoft Lync)","Business Collaboration","4194","1982","2212"
"Saavn Bollywood Music","Media","655754","13382","642372"
"touch","Internet Instant Messaging","178227","75307","102920"
"LineGames.jp","Gaming","33994","9445","24549"
"Orange.com","Web","52942","3828","49114"
"AVG.com","Web","11803","1329","10474"
"ElPais.com","Web","196820","7634","189186"
"Marca.com","Web","127938","27136","100802"
"Olx","Web","15909","3890","12019"
"ESPNCricinfo.com","Web","4161066","445410","3715656"
"Goal.com","Web","1198217","22169","1176048"
"Delfi","Web","919052","39908","879144"
"Blogfa.com","Web","239615","18703","220912"
"Apple HTTP Live Streaming","Real Time Audio/Video","96179580","912308","95267272"
"Avito.ru","Web","1799247","107973","1691274"
"Ambebi.ge","Web","4294583","54755","4239828"
"craigslist","Web","6077524","181544","5895980"
"Hurriyet.com.tr","Web","1555571","36167","1519404"
"Background Intelligent Transfer Service","File Sharing","229179338","15438746","213740592"
"Marktplaats.nl","Web","386929","49075","337854"
"Sahibinden.com","Web","15096597","570456","14526141"
"Seznam.cz","Web","7741839","738709","7003130"
"Super.cz","Web","177394","6744","170650"
"Varzesh3.com","Web","1267274053","21137001","1246137052"
"Walla.co.il","Web","485945","21433","464512"
"Zoznam.sk","Web","119097","14692","104405"
"Hotspot Shield","Tunneling and VPN","2405817","577874","1827943"
"EdgeCast Networks CDN","Infrastructure","67860","2813","65047"
"AliExpress.com","Web","493653545","18642643","475010902"
"Clarin.com","Web","773110","133075","640035"
"Elcomercio.pe","Web","87229","8594","78635"
"NZHerald.co.nz","Web","2865199","74467","2790732"
"Rt.com","Web","3510487","269580","3240907"
"Sabq.org","Web","9029","1536","7493"
"Wp.pl","Web","647287","199475","447812"
"Ynet.co.il","Web","7343163","1303285","6039878"
"Emol.com","Web","64334","4610","59724"
"Forum.ge","Web","567703","30044","537659"
"Novinky.cz","Web","9838","2806","7032"
"VnExpress.net","Web","469431","42612","426819"
"Fox Business Network","Web","383411","18457","364954"
"News","Web","471533","30226","441307"
"Gameloft Games","Gaming","70694","18036","52658"
"Naver","Web","2991644","150731","2840913"
"uTorrent","Peer to Peer","2710","1468","1242"
"Candy Crush Saga","Gaming","13366920","6073969","7292951"
"King Digital Entertainment","Gaming","1756923","338980","1417943"
"OpenStreetMap","Infrastructure","6172692","146240","6026452"
"Videoplaza","Web","209615","49716","159899"
"World Series of Poker","Gaming","48353896","2556677","45797219"
"Naver Blog","Web","5509","3014","2495"
"Wrike","Business Application","4414712","91012","4323700"
"Plenty Of Fish","Web","25413976","3080019","22333957"
"Twitch","Media","571051899","11378008","559673891"
"OkCupid","Web","24774613","7959313","16815300"
"zalo","Internet Instant Messaging","34313","8372","25941"
"battlenet","Gaming","4572","1012","3560"
"99ACRES","Web","2557201","174941","2382260"
"AAJTAK","Web","6520","1393","5127"
"ASANA","Web","2922181","169538","2752643"
"Find My iPhone","Web","363142","39286","323856"
"Lider Bet","Web","43457792","1274204","42183588"
"Eksisozluk","Web","39391","3334","36057"
"Taobao Ad Network and Exchange","Web","269745","39166","230579"
"Amazon Cloud Drive","Web","768218","717682","50536"
"Soy502","Web","6151743","98657","6053086"
"Lazada","Web","9246526","213887","9032639"
"Gettyimages","Web","4122943","145254","3977689"
"Theladbible","Web","626122","19902","606220"
"Clien","Web","2088758","77968","2010790"
"Flipboard","Web","14956630","1063815","13892815"
"Traffic Junky","Web","24583","7010","17573"
"quic","Network Service","7588380","3532314","4056066"
"I2P Invisible Internet Project","Tunneling and VPN","18619670","594774","18024896"
"CPMSTAR","Web","303501","58787","244714"
"Constant Contact","Web","11095018","533201","10561817"
"GitHub","Web","1538704318","18153866","1520550452"
"Bitbucket","Web","6036","1488","4548"
"Skynewsarabia","Web","18191","4162","14029"
"Atlassian","Web","82479314","38618424","43860890"
"Internet.org","Web","102355","38577","63778"
"SourceForge","Web","31200759","248942","30951817"
"My.com","Web","1345533","412448","933085"
"Bizographics","Web","63676","11583","52093"
"Splunk","Web","1949287","36424","1912863"
"CBS Video","Web","25454572","402159","25052413"
"LogMeIn","Remote Desktop","157506","9497","148009"
"Disney Channel","Web","2080401","97746","1982655"
"Jibjab","Web","9920943","108932","9812011"
"NBC","Web","29505797","1312000","28193797"
"MoPub","Web","5534110","3927793","1606317"
"Microsoft Translator (Bing Translator)","Web","659303","131393","527910"
"Microsoft Sway (Office 365)","Business Application","61699","7351","54348"
"Olark","Web","4582385","402201","4180184"
"Liveperson","Web","45189764","4314107","40875657"
"Zopim","Web","7121641","1796874","5324767"
"ABS-CBN Entertainment","Web","345197","16706","328491"
"Uptodown","Web","220806734","1538788","219267946"
"Liberty Times Net","Web","35392","7385","28007"
"Google Code","Web","2493","515","1978"
"Rollout","Web","41987","6168","35819"
"Microsoft Excel Online (Office 365)","Web","73240933","40737668","32503265"
"Signal","Web","24940812","836099","24104713"
"LiveChat","Web","7360426","461163","6899263"
"Riffsy (Tenor.co)","Web","12933006","534935","12398071"
"Ensighten","Web","10493664","1835355","8658309"
"Tune","Web","185668","45786","139882"
"QINIU","Web","30792","604","30188"
"LKQD","Web","15437973","8667914","6770059"
"NeuLion","Web","14006","2496","11510"
"Tokopedia","Web","116875","48391","68484"
"Hola Web Proxy","Web","1027542","362905","664637"
"MobFox","Web","789310","228770","560540"
"Yandex Maps","Web","909174","10861","898313"
"Baidu Maps","Web","101713","23996","77717"
"QQVideo","Web","1516878","49198","1467680"
"Slack","Web","421191077","182983825","238207252"
"ICY (I Can Yell)","Media","2748","1550","1198"
"Bazaarvoice","Web","29681063","2567137","27113926"
"MQ Telemetry Transport","Network Service","15632","4894","10738"
"Adk2","Web","344001","20659","323342"
"Pokemon GO","Gaming","465907","205481","260426"
"CDNetworks","Infrastructure","14485192","502281","13982911"
"Weborama","Web","923141","236135","687006"
"Constrained Application Protocol","Network Service","401345168","5260329","396084839"
"Douyu","Gaming","838497511","32239959","806257552"
"StackExchange","Web","2039217","82127","1957090"
"StackOverflow","Web","5668937","112854","5556083"
"Eskimi","Web","139302","16101","123201"
"Namuwiki","Web","310698","9939","300759"
"Shutterstock","Web","6930709","857165","6073544"
"Ubuntu","Web","258478","54369","204109"
"Hola","Web","676175","31166","645009"
"Clash of Clans","Gaming","488061374","5474093","482587281"
"Supercell","Gaming","46942416","761493","46180923"
"Amazon Music","Media","20540637","2071450","18469187"
"Facebook Live","Media","331112","320413","10699"
"Cheetah Mobile","Web","51150","10622","40528"
"Microsoft Word Online (Office 365)","Business Collaboration","92914673","30920835","61993838"
"Microsoft Powerpoint Online (Office 365)","Business Collaboration","80185409","29186569","50998840"
"Signal Private Messenger (Open Whisper Systems)","Internet Instant Messaging","23003699","5718935","17284764"
"Tidal","Media","15724780","127113","15597667"
"StreamRail","Media","229793","52882","176911"
"Vidyard","Web","273645","14029","259616"
"Nintendo","Gaming","58402000500","1586506446","56815494054"
"Rozetka","Web","80142","8914","71228"
"OpenRTB","Web","1351261","818011","533250"
"Audible","Real Time Audio/Video","652918","191348","461570"
"OpenRice","Web","64140","13173","50967"
"Meituan","Web","18234","3399","14835"
"Flashtalking","Web","22962966","2513481","20449485"
"Aerserv","Web","2088639","973638","1115001"
"QQ r2","Web","3523359","2183840","1339519"
"Google Classroom","Web","103698","12643","91055"
"Samsung Update","Web","9259593996","450524275","8809069721"
"Huawei","Web","130912676","7233753","123678923"
"Yandex Disk","Web","101400163","857608","100542555"
"Mail.Ru Love","Web","62844","41529","21315"
"Wamba","Web","1810326","79543","1730783"
"Amazon Chime","Business Collaboration","10189","1853","8336"
"AnyDesk","Remote Desktop","3707074","1483367","2223707"
"Livescore","Web","1649140","111901","1537239"
"Savefrom","Web","505768","30761","475007"
"Zhihu","Web","1139521","26392","1113129"
"Booking.com","Web","107601187","9860771","97740416"
"Walmart","Web","2222881","664639","1558242"
"Yandex Music","Real Time Audio/Video","34585280","2631488","31953792"
"Avast","Web","157574485","12884314","144690171"
"DocuSign","Web","54950426","2783631","52166795"
"Duodecad IT Services","Web","6306647","203704","6102943"
"WeTransfer","Web","12925249","158785","12766464"
"Cloudinary","Web","139295262","3509499","135785763"
"Indian Railway Catering and Tourism Corporation","Web","732089","59393","672696"
"Optus","Web","10820485","310295","10510190"
"Gfycat","Web","19641922","203581","19438341"
"T-Mobile","Web","5842293","5455885","386408"
"World Of Tanks","Gaming","545529","183525","362004"
"Vivox","Internet Instant Messaging","197101","103273","93828"
"Citrix Cloud","Web","2187687","218960","1968727"
"Pornhub NETWORK","Web","92320","28166","64154"
"Wall Street Journal","Web","25308","3094","22214"
"ChinaNetCenter ","Web","6022631","113963","5908668"
"Niantic, Inc","Web","8672","2326","6346"
"Meitu","Web","10777857","1365424","9412433"
"Snow","Internet Instant Messaging","3937","1390","2547"
"Clash Royale","Gaming","29837661","1514909","28322752"
"Origin","Web","1467612","487087","980525"
"Canvas Student","Web","1552277","42003","1510274"
"Instructure","Web","828866","68861","760005"
"Mail.com","Email","15655340","3859142","11796198"
"United Internet","Web","4060481","603046","3457435"
"Workplace By Facebook","Social Networking","27308","7995","19313"
"shopee.tw","Web","74337877","5306707","69031170"
"Electronic Arts","Web","37809133","6771014","31038119"
"Facebook Lite","Social Networking","7279300","1082096","6197204"
"ShareFile","Web","2011493","225188","1786305"
"Apache Thrift","Network Service","21680","9854","11826"
"Key management service","Management","3988","1790","2198"
"x_vpn","Tunneling and VPN","1880159011","165644168","1714514843"
"Mediascope","Web","690452","146976","543476"
"Data Saver","Web","19799084","1388128","18410956"
"Domain Name Service Crypt","Network Service","154072","50916","103156"
"Symantec Endpoint Protection","Web","220969","105685","115284"
"Youtube Music","Media","1820866431","56755369","1764111062"
"Appnext","Web","1926089","83963","1842126"
"Splunk Cloud","Storage and Backup","128059","54869","73190"
"Fox Networks","Web","1055993","46480","1009513"
"9GAG","File Sharing","1009525605","19819844","989705761"
"Text Me","Internet Instant Messaging","11364737","4361061","7003676"
"AnchorFree","Tunneling and VPN","33581","17270","16311"
"Epic_games","Gaming","5867729","1038520","4829209"
"Unreal_engine","Gaming","735550053","335375292","400174761"
"IBM","Web","45645","9392","36253"
"Grammarly","Web","83448827","27866773","55582054"
"RingCentral","Business Collaboration","10065358","453931","9611427"
"PlayerUnknown's BattleGrounds","Gaming","315758164","20270649","295487515"
"Alibaba Group","Web","1242015","334572","907443"
"League of Legends","Gaming","992463","172459","820004"
"Discord","Internet Instant Messaging","636974830","172734742","464240088"
"Discourse","Web","1738053","39391","1698662"
"Mobile Legends","Gaming","62191402","5884320","56307082"
"ExpressVPN","Tunneling and VPN","1482821","427000","1055821"
"Redis","Business Application","31195","11401","19794"
"TechRadar","Web","848862","25124","823738"
"Future_plc","Web","29479119","809769","28669350"
"Inskin","Web","7685","1762","5923"
"Google Play Books","Web","1456342","59841","1396501"
"ProtonMail","Email","1118381","131797","986584"
"MAkeMyTrip","Web","2518190","306120","2212070"
"WorkspaceOne","Web","480293","270465","209828"
"Fandom","Web","9772862","413417","9359445"
"Tesla","Web","188778","18187","170591"
"Google GSuite","Web","63908716","29961245","33947471"
"AnonyTun","Tunneling and VPN","58386","28976","29410"
"W3Schools","Web","4203700","235915","3967785"
"Didi","Web","75389","30351","45038"
"OpenSignal","Web","14875","7711","7164"
"UDP Data Transfer protocol","File Sharing","221457566","4287136","217170430"
"TripAdvisor","Web","40663340","2496168","38167172"
"Moodle","Social Networking","6632162","315284","6316878"
"DAZN","Real Time Audio/Video","1538086","82781","1455305"
"Gaana","Real Time Audio/Video","13850","3884","9966"
"Unknown virtual protocol","Unclassified","60105","7948","52157"
"Unknown virtual protocol","Unclassified","4816891","121522","4695369"
"Unknown virtual protocol","Unclassified","2242842","851773","1391069"
"NetEase","Web","55503953","3877459","51626494"
"Unknown virtual protocol","Unclassified","867771","237676","630095"
"Unknown virtual protocol","Unclassified","3469","1138","2331"
"Unknown virtual protocol","Unclassified","130776","22591","108185"
"Unknown virtual protocol","Unclassified","44755733","978821","43776912"
"Unknown virtual protocol","Unclassified","27939","2856","25083"
"National Public Radio","Web","3634492","70520","3563972"
"Acast","Real Time Audio/Video","86736662","565262","86171400"
"Talkatone","Internet Instant Messaging","12017","5529","6488"
"Wireguard","Tunneling and VPN","2977512719","213813128","2763699591"
"Firework","Internet Instant Messaging","10603016","258556","10344460"
"Banggood","Web","112898","18680","94218"
"Google Stadia","Web","7790","450","7340"
"Apple TV Plus","Real Time Audio/Video","48923390","230988","48692402"
"Agora","Network Service","11858","5100","6758"
"Toutiao","Web","298363","31222","267141"
"Tuchong","Web","3120945","2920449","200496"
"Zhenai","Web","67342","37951","29391"
"MediaLab","Web","2100584834","97943432","2002641402"
"Netease Games","Gaming","7490240","80263","7409977"
"Browsec VPN","Tunneling and VPN","6824","1972","4852"
"Advanced Hosting","Web","3880702005","19197481","3861504524"
"Workday","Business Application","29951032","1239523","28711509"
"Service Now","Web","11443984","2155084","9288900"
"LocationIQ","Web","4010","763","3247"
"StackPath","Web","1946857","59432","1887425"
"Ximalaya","Real Time Audio/Video","162482","64690","97792"
"Uber Eats","Web","5958332","1009976","4948356"
"DoorDash","Web","40987713","7774182","33213531"
"Fifa","Gaming","2023832","190907","1832925"
"Radio Javan","Real Time Audio/Video","344515984","2947131","341568853"
"Roblox","Gaming","315359247","18151953","297207294"
"Acronis Cloud","Web","7364","1990","5374"
"Acronis Backup","File Sharing","6327639","358679","5968960"
"Citrix","Web","203049","38921","164128"
"Cafe Bazaar","Network Service","1347755","57348","1290407"
"Digital Turbine","Web","28095","11034","17061"
"Pluto TV","Real Time Audio/Video","3202530600","38759974","3163770626"
"adRise","Real Time Audio/Video","2513973","275078","2238895"
"Tubi TV","Real Time Audio/Video","24192770942","210377092","23982393850"
"ToTok Messenger","Internet Instant Messaging","224656","62089","162567"
"Amazon Alexa Assistant","Business Collaboration","8607471","906427","7701044"
"Yubo","Internet Instant Messaging","26606565","7128339","19478226"
"Zerotier","Tunneling and VPN","6115798","3257639","2858159"
"Minute Media","Web","95665585","2483489","93182096"
"UserReport","Web","618820","136038","482782"
"Jitsi","Real Time Audio/Video","1604040","1252581","351459"
"Coursera","Web","6762163","434073","6328090"
"The Blaze","Web","4930246","97181","4833065"
"WordReference.com","Web","585225","21712","563513"
"E! Online","Web","139194","2099","137095"
"Hotels.com","Web","10716651","3320247","7396404"
"NHL.com","Web","5592428","259436","5332992"
"Official Major League Baseball","Web","18335672","240876","18094796"
"Priceline.com","Web","9035064","1718670","7316394"
"Rotten Tomattoes","Web","4450181","147278","4302903"
"RetailMeNot","Web","167324","8485","158839"
"BambooHR","Web","7534853","154828","7380025"
"The Daily Beast","Web","209256","5456","203800"
"TIME","Web","5603173","299557","5303616"
"Nvidia","Web","6834","3290","3544"
"Geforce Now","Gaming","1331722","115933","1215789"
"Call of Duty Mobile","Gaming","105073334","41960517","63112817"
"The Walt Disney Company","Web","1359586","108294","1251292"
"Kickstarter","Web","11810372","218557","11591815"
"Indiegogo","Web","16870","1541","15329"
"Rediff","Web","107881","4340","103541"
"World Of Tanks Blitz","Gaming","19050","4843","14207"
"Wargaming","Web","59919524881","965146955","58954377926"
"Etahub","Web","10533","2527","8006"
"Datadog","Web","20536726","11602861","8933865"
"Unknown virtual protocol","Unclassified","46518","24588","21930"
"Riverbed","Tunneling and VPN","6822","1544","5278"
"h323","Real Time Audio/Video","889366","8989","880377"
"ShoreTel","Business Collaboration","2385777","1818378","567399"
"RingCentralApp","Business Collaboration","29360","7368","21992"
"ZoomCRC","Business Collaboration","1800","864","936"
