"Application","Category","Total Bytes","Bytes Received","Bytes Sent"
"Domain Name Service","Network Service","2606055192","1223568997","1382486195"
"Google Mail","Email","6329020378","846169746","5482850632"
"Google Search","Web","2026193229","318466469","1707726760"
"Google Maps","Web","313497260","19056449","294440811"
"HyperText Transfer Protocol","Web","4315935723","649446584","3666489139"
"HyperText Transfer Protocol Secure","Web","54243448407","3235291427","51008156980"
"Internet Control Message Protocol","Network Service","4402195169","2649723010","1752472159"
"Internet Message Access Protocol version 4","Email","118673448","41931132","76742316"
"Internet Protocol","Network Service","0","0","0"
"XMPP Protocol (Jabber)","Business Collaboration","624516000","64474544","560041456"
"Remote Desktop Protocol (Windows Terminal Server)","Remote Desktop","8591308","3801480","4789828"
"Session Initiation Protocol","Business Application","4201040","2594484","1606556"
"Simple Object Access Protocol","Network Service","366100836","238371339","127729497"
"Secure Shell","Tunneling and VPN","76417440","29491374","46926066"
"Secure Socket Layer","Tunneling and VPN","61095675120","3950278442","57145396678"
"Session Traversal Utilities for NAT","Business Collaboration","22791836","20282480","2509356"
"Transmission Control Protocol","Other TCP/UDP","4545945294","613162016","3932783278"
"User Datagram Protocol","Other TCP/UDP","425108684976","26668396375","398440288601"
"Wikipedia.com","Web","88445804","10412471","78033333"
"Youtube.com","Media","59803368307","5040158710","54763209597"
"Facebook","Social Networking","145181157435","4377912418","140803245017"
"Google Ads","Web","4254619394","650761519","3603857875"
"LinkedIn","Social Networking","862151311","67104008","795047303"
"Apple Generic Services","Web","28818008355","1389459038","27428549317"
"Online Certificate Status Protocol","Business Application","42496354","18093586","24402768"
"Twitter","Social Networking","7290414987","254465172","7035949815"
"Yelp.com","Web","52945114","1367693","51577421"
"Yandex.ru","Web","26734832","13630518","13104314"
"iTunes","Media","3689079991","317829755","3371250236"
"TeamViewer","Remote Desktop","13715830407","10543238538","3172591869"
"Bing.com (formerly MSN Search)","Web","1350618932","158053651","1192565281"
"Teredo protocol","Tunneling and VPN","89700084","86230500","3469584"
"Windows Update","Web","32148018347","1696876505","30451141842"
"Chrome Update","Web","1505722139","76347823","1429374316"
"Opera Update","Web","3856484","1312384","2544100"
"Google Analytics,Google Marketing Platform","Web","1322650531","402648418","920002113"
"Google GStatic","Web","5026550576","419136153","4607414423"
"Google Generic","Web","4370140395","1055289350","3314851045"
"Amazon Generic Services","Web","6734204519","2140265855","4593938664"
"WhatsApp Messenger","Internet Instant Messaging","43688115092","14874141451","28813973641"
"Apple App Store","Web","33997673763","1110072968","32887600795"
"Windows Marketplace","Web","4947931257","314374680","4633556577"
"Apple Push Notification Service","Web","789543670","515999103","273544567"
"iOS over-the-air (OTA) update","Web","14120097159","528929674","13591167485"
"Google Play Store","Media","4469386622","1626800812","2842585810"
"iCloud (Apple)","Storage and Backup","17970866513","7741388632","10229477881"
"Instagram","Web","174304151705","10200346625","164103805080"
"SoundCloud","Media","159567106","13156430","146410676"
"Amazon Web Services/Cloudfront CDN","Infrastructure","10327884330","2308917011","8018967319"
"Yahoo.com","Web","1827714148","193588613","1634125535"
"Rakuten.co.jp","Web","1842578","287464","1555114"
"Google Talk (incl. Hangouts and Allo and Duo)","Real Time Audio/Video","2399292204","1068398569","1330893635"
"CloudFlare CDN","Infrastructure","63459157192","1347187242","62111969950"
"Microsoft Office 365","Business Collaboration","4553639056","401471119","4152167937"
"Pinterest","Web","958004081","56160464","901843617"
"Microsoft Outlook (Office 365)","Business Application","8293874937","1318110537","6975764400"
"Reddit.com","Web","6085776123","164472057","5921304066"
"Apple SIRI","Web","209083255","146602278","62480977"
"Apple Maps","Web","5344691","332440","5012251"
"Indiatimes","Web","8968241","1103501","7864740"
"Kijiji.ca","Web","197231144","21067435","176163709"
"Conviva","Infrastructure","19126734","11296318","7830416"
"Google Accounts","Web","584118326","145543582","438574744"
"Amazon Ad System","Web","288496036","72126749","216369287"
"Snapchat","Social Networking","31502172738","2761687028","28740485710"
"Turn","Web","6233842","1527408","4706434"
"ScorecardResearch","Web","46149795","12727843","33421952"
"Telegram","Internet Instant Messaging","17498836949","540327018","16958509931"
"Oracle","Web","16684473","4484082","12200391"
"Bitstrips","Social Networking","368829213","21412103","347417110"
"Criteo","Web","222581709","43191669","179390040"
"Adobe","Business Application","3973297699","189606915","3783690784"
"Google Safe Browsing","Web","2325875357","52751795","2273123562"
"Samsung","Web","199073756","64230905","134842851"
"Crashlytics","Web","89195381","12809595","76385786"
"Facebook Messenger","Internet Instant Messaging","3311652064","1469787122","1841864942"
"AppsFlyer","Business Application","77794298","28125010","49669288"
"Smart AdServer","Web","123187829","34013319","89174510"
"Google Cloud Storage","Web","29911163221","28485256972","1425906249"
"Google Cloud Messaging","Web","216818066","44689486","172128580"
"Apple Location","Web","7638737390","677918425","6960818965"
"OpenX","Web","22986287","7478502","15507785"
"PubMatic","Web","171827067","94793276","77033791"
"Index Exchange (previously Casale Media)","Web","56169140","18881762","37287378"
"LOTAME","Web","16113212","2804198","13309014"
"Rubicon Project","Web","227833936","94749671","133084265"
"AppNexus","Web","563592982","331578736","232014246"
"HyperText Transfer Protocol version 2","Web","13171848051","1750737973","11421110078"
"Google Tag Manager","Web","500810060","46256977","454553083"
"Ad Safe Protected","Web","165521028","28281359","137239669"
"Adjust.com","Web","17129407","6836382","10293025"
"BootstrapCDN","Web","11841011","1205364","10635647"
"Apple Music","Media","12132120735","1145422614","10986698121"
"Outbrain","Web","215188444","30533444","184655000"
"Unruly","Web","9928576","4686721","5241855"
"Rogers TV","Web","969860181","15515613","954344568"
"Android connectivity Manager","Network Service","25145577","12906057","12239520"
"Periscope","Media","151580403","3666200","147914203"
"Branch Metrics","Web","107756208","15681540","92074668"
"Taboola","Web","317436554","46288673","271147881"
"Signal","Web","1505713","290367","1215346"
"Smaato","Web","13188959","5795097","7393862"
"MediaMath","Web","11015227","3808572","7206655"
"jQuery","Web","52855322","2150259","50705063"
"SpotXchange","Web","7497585","2355714","5141871"
"Microsoft","Web","7897366095","1218673582","6678692513"
"Revcontent","Web","10251818","1586224","8665594"
"Conversant","Web","8206044","2536040","5670004"
"Teads","Web","41284120","7300291","33983829"
"Adform","Web","24421795","6151594","18270201"
"Shutterstock","Web","2494833","72310","2422523"
"Bidswitch","Web","33023984","12937703","20086281"
"Bugsnag","Web","8737023","5051099","3685924"
"Sharethrough","Web","58961420","18752613","40208807"
"AdColony","Web","28046299","8469839","19576460"
"Yieldmo","Web","26214548","4364245","21850303"
"MGID","Web","65548381","2643219","62905162"
"PulsePoint","Web","9623846","3100691","6523155"
"Amplitude","Web","1080453839","1026862976","53590863"
"Microsoft teams","Internet Instant Messaging","10989865643","2807563668","8182301975"
"Data Saver","Web","9825247","632104","9193143"
"Tenor","Web","40116477","3156241","36960236"
"Cisco","Web","29827746","9953510","19874236"
"Grammarly","Web","232138366","103528106","128610260"
"ByteDance","Web","865731480","159881216","705850264"
"TikTok (Musical.ly)","Social Networking","96949458324","7136604205","89812854119"
"Apple News","Web","609612742","42489560","567123182"
"Google APIs","Web","7626660779","3598345458","4028315321"
"Amazon Cognito","Web","22638387","7163083","15475304"
"Unknown virtual protocol","Unclassified","275799541","4464447","271335094"
"Disney Plus","Real Time Audio/Video","26791204326","322060603","26469143723"
"KOCHAVA","Web","2356446","535446","1821000"
"UserReport","Web","45417438","762908","44654530"
"NHL.com","Web","22833494","629155","22204339"
"Digicert","Web","46107080","8275871","37831209"
"Font Awesome","Web","51590105","5429435","46160670"
"SD-WAN Control","SD-WAN","39906389116","21916759556","17989629560"
"SD-WAN Management","SD-WAN","4940660505","2167826336","2772834169"
"TencentMeeting","Business Collaboration","888716038","114523749","774192289"
"eBay.com","Web","56251479","11871857","44379622"
"Internet Message Access Protocol Secure","Email","79351995","25277301","54074694"
"Internet Security Association and Key Management Protocol","Tunneling and VPN","537951717","106134616","431817101"
"McAfee Client update","Business Application","713745664","44144679","669600985"
"Network Time Protocol","Network Service","764529","404654","359875"
"Post Office Protocol (Version 3)","Email","160684","6782","153902"
"Secure POP3","Email","3286574","179251","3107323"
"Real Time Protocol","Business Collaboration","2726436063","780562472","1945873591"
"ShoutCast","Media","1271982465","38503513","1233478952"
"Skype and Teams","Business Collaboration","76832812","13846955","62985857"
"Yahoo Mail v.2.0","Email","1506442237","109981507","1396460730"
"Windows Live Hotmail","Email","439504786","58966513","380538273"
"Secure AIM","Internet Instant Messaging","1346715","217446","1129269"
"WordPress.com","Social Networking","68835392","2639832","66195560"
"Mail.ru Webmail","Email","4361940","1890435","2471505"
"Steampowered.com","Gaming","3135762636","81024655","3054737981"
"Xbox Live","Gaming","64127468","7706108","56421360"
"Foursquare.com","Web","2193123","515546","1677577"
"Spotify","Media","1388895475","275129144","1113766331"
"Baidu.com","Web","371247332","29076638","342170694"
"Firefox Update","Web","13547792","281061","13266731"
"Apple Update","Web","13408798579","241170303","13167628276"
"BitDefender Update","Web","7261700","2471197","4790503"
"Viber","Real Time Audio/Video","106964824","14474784","92490040"
"Netflix.com","Media","34050349699","854309845","33196039854"
"Dropbox","Storage and Backup","1855122985","164460181","1690662804"
"Google Translate","Web","57607064","28994469","28612595"
"Salesforce","Business Application","66005290","18736814","47268476"
"Portal.TidalTV.com","Web","1965558","501400","1464158"
"AccuWeather","Web","18490953","2751653","15739300"
"Adobe Acrobat DC (Document Cloud)","Web","17473604","2484295","14989309"
"Alexa","Web","1934709","318887","1615822"
"Blogger","Web","5792029","181425","5610604"
"CNN (Cable News Network)","Web","60883046","7383152","53499894"
"Daum.net","Web","127827961","6016685","121811276"
"Match.com","Web","5891","1887","4004"
"Mozilla.com - Mozilla.org","Web","659510451","158513974","500996477"
"Naver Corporation (formerly NHN Corporation)","Web","12734104","1533364","11200740"
"National Football League (NFL.com)","Web","46260139","4677826","41582313"
"Vimeo","Web","1220958535","18576376","1202382159"
"Weather.com","Web","73299717","9523525","63776192"
"Taobao","Web","116550500","14677606","101872894"
"Samsung Apps","Web","117354815","10993941","106360874"
"KakaoTalk","Internet Instant Messaging","4090598","441327","3649271"
"Tistory.com","Web","57350","12476","44874"
"Amazon Prime Video","Media","1510608464","33071058","1477537406"
"QQ.com","Web","244570188","7128541","237441647"
"Akamai Technologies CDN","Web","4911921078","119500286","4792420792"
"Microsoft Azure (previously Windows Azure)","Infrastructure","1273436264","34362841","1239073423"
"WeChat","Internet Instant Messaging","30928222333","1136741613","29791480720"
"Zoho Corporation","Business Application","245721360","137810582","107910778"
"Nokia Here API","Web","144105253","6059909","138045344"
"Microsoft SharePoint Online (Office 365)","Business Application","1904215842","359602519","1544613323"
"ESPN.go.com","Web","350880323","6222810","344657513"
"xHamster.com","Web","2138232","422300","1715932"
"Google Documents (aka Google Drive)","Storage and Backup","390407446","169367580","221039866"
"Paypal.com","Web","71519673","8881941","62637732"
"B92.net","Web","466681","40905","425776"
"Seznam.cz","Web","507649","49940","457709"
"Top.channel","Web","34211542","1313157","32898385"
"Aol","Web","5411940","738259","4673681"
"Gameloft Games","Gaming","694655","157106","537549"
"AddThis","Web","45942831","2695684","43247147"
"Quantcast","Web","21399712","4094482","17305230"
"Candy Crush Saga","Gaming","27531225","12478795","15052430"
"King Digital Entertainment","Gaming","6233347","1010257","5223090"
"Waze Social GPS Maps & Traffic","Web","31952249","2570434","29381815"
"Symantec","Web","33079787","6511727","26568060"
"TRUSTe","Web","35828282","2336164","33492118"
"Zendesk","Business Collaboration","56049103","7109630","48939473"
"Inneractive","Web","116163590","83866496","32297094"
"Flurry","Business Application","105190953","16216668","88974285"
"Brightcove","Media","282562814","7219089","275343725"
"InMobi","Web","65447355","33526128","31921227"
"Apsalar","Business Application","121618","24083","97535"
"Gravatar","Business Collaboration","2881960","506069","2375891"
"Xiaomi","Web","226098023","19508372","206589651"
"Turner","Web","834210624","17126770","817083854"
"Nielsen","Web","8463871","1864333","6599538"
"Stickyads","Web","38674136","14844262","23829874"
"Mixpanel","Web","34717513","26415965","8301548"
"Cedexis","Web","47582389","13529783","34052606"
"Google Calendar","Web","90054025","35750840","54303185"
"Flipboard","Web","55066167","3565080","51501087"
"ADTECH","Web","1986942","153657","1833285"
"Sizmek (previously MediaMind)","Web","70317678","2454543","67863135"
"Rlcdn","Web","22178047","4142877","18035170"
"Kakaocdn","Infrastructure","14577962","527781","14050181"
"Advertising.com","Web","4996342","1351490","3644852"
"Facebook Embedded Video","Media","7555199224","149893604","7405305620"
"My.com","Web","1041194","548377","492817"
"Atlas Solutions","Web","588404","156101","432303"
"Urbanairship","Web","19470550","6542829","12927721"
"LogMeIn","Remote Desktop","679772","41038","638734"
"Fastly","Web","10205242","2191563","8013679"
"Disney Channel","Web","7430954","241016","7189938"
"MoPub","Web","591395","224419","366976"
"Applovin","Web","1187097650","392134966","794962684"
"Moat","Web","165323715","44783026","120540689"
"Krux","Web","23375413","2437104","20938309"
"Microsoft Office OneNote (Office 365)","Business Application","34274016","1960416","32313600"
"Heap","Web","1613575804","1463864774","149711030"
"Optimizely","Web","27379565","7065764","20313801"
"Zopim","Web","60733495","24270680","36462815"
"Mapbox","Web","44890671","2120610","42770061"
"Rackspace","Web","1723661910","187721370","1535940540"
"Ensighten","Web","9193480","1115259","8078221"
"Braintree","Web","1319212","242368","1076844"
"Verizon","Web","19888230","13672522","6215708"
"LKQD","Web","2684684","962701","1721983"
"Everest Technologies","Web","19209942","5977285","13232657"
"Bleacher Report","Web","53715167","1290190","52424977"
"Microsoft OneDrive","Web","2857627908","357061041","2500566867"
"Umeng","Web","3603705","1786936","1816769"
"New Relic","Web","127871555","72123394","55748161"
"Google Photos (formerly Google Picasa)","Web","67300425","20648255","46652170"
"Liftoff","Web","4312480","1520663","2791817"
"Uber (formerly UberCab)","Web","402680480","69842122","332838358"
"QQVideo","Web","20596997","894123","19702874"
"Bazaarvoice","Web","31209326","4404426","26804900"
"Clicktale","Web","12130704","6313720","5816984"
"hotjar","Web","161801526","122702271","39099255"
"ZoomMeetings","Business Collaboration","16223056095","3589985463","12633070632"
"HyperText Transfer Protocol proxy","Network Service","1461282469","366981688","1094300781"
"Tinder","Web","105265374","5307572","99957802"
"GIPHY","Web","378872285","13081178","365791107"
"Firebase Cloud Messaging","Web","1080984596","555286632","525697964"
"Heroku","Web","74209611","44554459","29655152"
"IMO Video Calling Application","Media","17054286","6612802","10441484"
"Clash of Clans","Gaming","11960339","1069145","10891194"
"Supercell","Gaming","18599211","481404","18117807"
"Amazon Music","Media","27997218","3030784","24966434"
"Vidyard","Web","338384","36099","302285"
"Apple Game Center","Gaming","23808208","6304895","17503313"
"Flashtalking","Web","22977085","1523514","21453571"
"Google Classroom","Web","2488211","465697","2022514"
"ULP","Network Service","4514575","267579","4246996"
"DoubleVerify","Web","113283647","24122126","89161521"
"Media Innovation Group","Web","4015677","1107289","2908388"
"Booking.com","Web","63641575","7436636","56204939"
"Walmart","Web","8125839","2339530","5786309"
"Avast","Web","526523605","308811691","217711914"
"Okta","Web","348811581","44213573","304598008"
"eXelate","Web","3337837","900689","2437148"
"Sonobi","Web","15828347","6403650","9424697"
"Google Secure User Plane Location","Web","3640336","503841","3136495"
"Sportradar","Web","38703337","2404345","36298992"
"ChinaNetCenter ","Web","205068","81086","123982"
"Google Cloud Platform","Web","76291654","28368107","47923547"
"Clash Royale","Gaming","113779547","3195935","110583612"
"Kakao","Web","1639079","548955","1090124"
"UC Browser","Web","2341484","1087000","1254484"
"Akamai Video","Media","13236491","603563","12632928"
"IronSource","Business Application","602179968","89643577","512536391"
"Fortnite","Gaming","673985709","151996206","521989503"
"Disqus","Web","84713909","11892795","72821114"
"Simpli.fi","Web","4561354","1038247","3523107"
"Alibaba Cloud","Web","53368829","6510490","46858339"
"Discord","Internet Instant Messaging","7950363882","102611954","7847751928"
"Google GSuite","Web","61228291","39076653","22151638"
"Vungle","Web","351813838","14815256","336998582"
"TripAdvisor","Web","83712683","3206891","80505792"
"PubNub","Web","2499104","932529","1566575"
"Unknown virtual protocol","Unclassified","3127345179","125329397","3002015782"
"Unknown virtual protocol","Unclassified","10609893","423398","10186495"
"Unknown virtual protocol","Unclassified","247001469","30279100","216722369"
"Unknown virtual protocol","Unclassified","282186871","158193353","123993518"
"Unknown virtual protocol","Unclassified","32920300","26016852","6903448"
"Google Pay","Web","14887838","2691927","12195911"
"Bumble","Web","46142096","3315744","42826352"
"Qwant","Web","368662","19669","348993"
"Google Messages","Internet Instant Messaging","42632136","16585596","26046540"
"JWPLAYER","Web","469091934","11848659","457243275"
"BAMTech","Real Time Audio/Video","225931846","157963941","67967905"
"Toutiao","Web","248408","29183","219225"
"Shopify","Web","245620900","12065381","233555519"
"Likee","Internet Instant Messaging","5757727","1418808","4338919"
"Acronis Backup","File Sharing","23152786","747641","22405145"
"Digital Turbine","Web","1669013","238969","1430044"
"Sift Science","Web","991232","212947","778285"
"Amazon Alexa Assistant","Business Collaboration","1968007","224560","1743447"
"Spotify Audio","Real Time Audio/Video","6029451074","85237038","5944214036"
"Minute Media","Web","66909365","944541","65964824"
"Pendo","Web","208803611","26811877","181991734"
"Go Daddy","Web","280821792","133481740","147340052"
"Contentful","Web","413291716","34182223","379109493"
"Indeed","Web","275639974","114160771","161479203"
"Slickdeals","Web","416813","38864","377949"
"Nvidia","Web","769906","58534","711372"
"Geforce Now","Gaming","48296357","1404728","46891629"
"The Walt Disney Company","Web","7220925","681052","6539873"
"Intercom","Web","60167621","22195281","37972340"
"Advance Message Queuing Protocol","Network Service","950","530","420"
"BitTorrent","Peer to Peer","1544245961","124509012","1419736949"
"Connection Oriented Transfer Protocol","Network Service","874","664","210"
"Dailymotion.com","Media","125284098","3673045","121611053"
"File Transfer Protocol","File Sharing","82787","42981","39806"
"Gnutella","Peer to Peer","11462","0","11462"
"Google Earth","Web","1167615","100950","1066665"
"GPRS Tunneling Protocol","Tunneling and VPN","324940257","13062917","311877340"
"IPsec (AH and ESP)","Tunneling and VPN","2362561504","428366998","1934194506"
"Kerberos","Authentication","2022","1392","630"
"Lighweight Directory Access Protocol","Authentication","38074","15477","22597"
"Netbios Name Service","Network Service","10530","10530","0"
"Network File System","File Sharing","9967535","1210760","8756775"
"Port Mapper","Network Service","3907","2752","1155"
"QQ","Internet Instant Messaging","6769988","785727","5984261"
"Real Time Control Protocol","Business Collaboration","50762","28346","22416"
"Real Time Streaming Protocol","Media","1547882","70674","1477208"
"Server Message Block (Windows File Server)","File Sharing","7555","5140","2415"
"Simple Mail Transfer Protocol","Email","35151252","33678482","1472770"
"Simple Network Management Protocol","Management","3736020","3736020","0"
"SOCKet Secure v4","Tunneling and VPN","10227","7302","2925"
"SOCKet Secure v5","Tunneling and VPN","3683","2001","1682"
"Tabular Data Stream","Business Application","2972","1922","1050"
"Telnet","Network Service","2226","1367","859"
"Transparent Network Service (Oracle)","Business Application","1011","696","315"
"X Window System","Business Application","4268","2792","1476"
"Yahoo Search","Web","7376515","676947","6699568"
"SecondLife.com","Web","71971","22479","49492"
"MPEG-Transport Stream","Real Time Audio/Video","376236855","5397450","370839405"
"Simple Network Paging Protocol","Network Service","5382899","5173205","209694"
"Ask.com","Web","94147","5953","88194"
"Tagged.com","Social Networking","591781","176821","414960"
"Expedia.fr","Web","30780393","18494960","12285433"
"Travelocity.com","Web","125858809","58335978","67522831"
"Realtor.com","Web","2569730","161524","2408206"
"Flickr","Social Networking","3046966","66799","2980167"
"Rambler.ru","Web","1695730","327846","1367884"
"World of Warcraft","Gaming","171916","11616","160300"
"Badoo.com","Internet Instant Messaging","107667842","24762028","82905814"
"DeviantArt.com","Web","11700","1064","10636"
"FetLife.com","Web","15406","4694","10712"
"Last.fm","Media","29606","3265","26341"
"Meetup","Web","90586","21112","69474"
"MocoSpace.com","Web","13778","1876","11902"
"Odnoklassniki.ru","Social Networking","126909","23627","103282"
"ResearchGATE.net","Web","1576701","61197","1515504"
"Tumblr","Social Networking","38717936","879305","37838631"
"Vk.com (Vkontakte)","Social Networking","648948","104174","544774"
"Adobe Update Manager","Web","706897495","26789653","680107842"
"Adobe Flash Plugin Update","Web","91389","20088","71301"
"Java Update","Web","710202","49259","660943"
"Archive.org","Web","61769956","650105","61119851"
"Sopcast.org","Media","51318709","2986830","48331879"
"icecast","Media","18790330","605578","18184752"
"Symantec Norton AntiVirus Updates","Web","2603852","50551","2553301"
"Playstation Network","Gaming","39524","3305","36219"
"Kaspersky Update","Web","25922","6061","19861"
"Avira Update","Web","294697","19556","275141"
"AVG Update","Web","25642","5752","19890"
"BBC Player","Media","7296","1478","5818"
"UUSee Protocol","Media","2740","1107","1633"
"Garena","Web","47944","3314","44630"
"Concur","Business Application","250580","23091","227489"
"iHeartRADIO","Media","3849539","157042","3692497"
"Pandora Radio","Media","150921","138723","12198"
"Psiphon","Web","265463","29976","235487"
"Tokbox.com","Web","35823","12968","22855"
"SiriusXm.com","Media","32161383","5761524","26399859"
"YouKu","Media","6607452","3164203","3443249"
"GoToMeeting Online Meeting","Business Collaboration","43756540","412624","43343916"
"WebEx","Business Collaboration","8503641","2084783","6418858"
"Slingbox","Media","3323163","108734","3214429"
"Bloomberg.com","Web","2553585","138489","2415096"
"Microsoft Office Communicator","Internet Instant Messaging","4802403","1534982","3267421"
"Internet Inter-ORB Protocol","Network Service","1011","696","315"
"RSS","Web","67572","1794","65778"
"BlackBerry.com","Web","100689","71851","28838"
"Netware Core Protocol","Management","4266","2772","1494"
"10086.cn","Web","10099030","1197474","8901556"
"ABCNews","Web","1675552","58093","1617459"
"Acer","Web","1842177","70423","1771754"
"AlJazeera.net","Web","338944","17821","321123"
"AmericanExpress","Web","4848167","293697","4554470"
"ATT.com (AT&T)","Web","3732076","264505","3467571"
"Capital One","Web","7790811","1225192","6565619"
"Cnet.com","Web","866641","45685","820956"
"China Network Television","Web","405963","36410","369553"
"Comcast","Web","194099767","4218592","189881175"
"Daily Mail","Web","52070425","2703401","49367024"
"DirecTV.com","Web","42632","9355","33277"
"Fox News","Web","52232527","1644147","50588380"
"FoxSports.com","Web","4082193","97229","3984964"
"Groupon","Web","772106","52649","719457"
"IKEA.com","Web","17269764","2029538","15240226"
"Intuit.com","Business Application","146014363","112411546","33602817"
"Kaspersky.com","Web","16736933","6371985","10364948"
"Monster.com","Web","20341","3320","17021"
"NationalGeographic.com","Web","1126043","15195","1110848"
"NBA.com","Web","20050080","660635","19389445"
"Nike.com","Web","56610878","6254094","50356784"
"NYTimes.com","Web","127015533","3550090","123465443"
"PlayStation.com","Web","64549256","3796506","60752750"
"Redtube","Web","136947","62977","73970"
"Reuters.com","Web","3393051","86374","3306677"
"Reverso.net","Web","1079717","40936","1038781"
"Sky","Web","12291","1667","10624"
"SlideShare","Web","1076259","23101","1053158"
"Spiegel.de","Web","36115281","2917458","33197823"
"Sports Illustrated","Web","1835790","186572","1649218"
"Sprint.com","Web","112293","25878","86415"
"SurveyMonkey.com","Web","111258","22189","89069"
"Univision.com","Web","2320393","296622","2023771"
"WashingtonPost.com","Web","8289039","236860","8052179"
"Xbox","Gaming","3394787","151865","3242922"
"XNXX","Web","12044","2431","9613"
"Xvideos.com","Media","239764","55192","184572"
"Youdao.com","Web","3580667","1218631","2362036"
"Sina.com.cn","Internet Instant Messaging","17892932","1378151","16514781"
"Sophos update","Business Application","41899","7963","33936"
"Sina Weibo","Web","8659541","475192","8184349"
"QQ WeiBo","Web","114891","3132","111759"
"Google App Engine","Business Application","3322385","457154","2865231"
"GMX webmail","Email","108989","48875","60114"
"Apple FaceTime","Real Time Audio/Video","6669332120","3348441010","3320891110"
"Line","Internet Instant Messaging","10921671","4118639","6803032"
"Scribd.com","Web","200475","29241","171234"
"Shazam","Web","6138792","529525","5609267"
"Chosun services","Web","184651103","2615221","182035882"
"Coupang","Web","196041","49020","147021"
"Nate.com","Web","4688","1192","3496"
"163.com","Web","667762","212483","455279"
"Sohu.com","Web","13411200","1008922","12402278"
"Ifeng.com","Web","465905","42790","423115"
"Tmall.com","Web","7227","1830","5397"
"Alipay","Web","86562921","3906324","82656597"
"Sogou.com","Web","226103","163110","62993"
"Douban.com","Web","379296","131192","248104"
"Tianya","Web","19276025","1229711","18046314"
"360.cn","Web","260012","100616","159396"
"Alibaba.com","Web","63061494","4814130","58247364"
"PConline.com.cn","Web","233953","47010","186943"
"Zol.com.cn","Web","1345081","172434","1172647"
"Chinese Software Developer Network","Web","467725","151094","316631"
"Zynga.com","Gaming","7560320","4069038","3491282"
"Limelight Networks CDN","Web","779537518","24950424","754587094"
"Datagram Transport Layer Security","Tunneling and VPN","5091122415","2183473188","2907649227"
"ISO Base Media File Format","Real Time Audio/Video","733228666","12473384","720755282"
"KIK Messenger","Internet Instant Messaging","181325","57012","124313"
"MiTalk Messenger (Miliao)","Internet Instant Messaging","1041055","131513","909542"
"MEGA","Peer to Peer","1502","798","704"
"Ameba.jp","Web","287273","31617","255656"
"Nikkei.com","Web","6397","1463","4934"
"104.com","Web","6426","868","5558"
"Chinatimes.com","Web","48241","7331","40910"
"Ctrip.com","Web","374653","236691","137962"
"QQ Games","Gaming","282457","188945","93512"
"QQ Mail","Email","104631","91236","13395"
"QQ News","Web","2260100","138259","2121841"
"Sina finance","Web","1248457","158251","1090206"
"Tencent.com","Internet Instant Messaging","732646843","12375752","720271091"
"Udn.com","Web","479549","23800","455749"
"Conduit Services","Web","3127","1614","1513"
"MeetMe.com","Social Networking","36688795","3285050","33403745"
"Microsoft Skype for Business (formerly Microsoft Lync Online) (Office 365)","Business Collaboration","1910","1064","846"
"Speedtest","File Sharing","40842112","8789961","32052151"
"BuzzFeed.com","Web","11173","1709","9464"
"Internet Movie Database","Web","97478059","883082","96594977"
"Imgur.com","Storage and Backup","24224063","479741","23744322"
"Evernote","Web","626120","296938","329182"
"JingDong","Web","41335295","1484123","39851172"
"WebSocket","Network Service","1098633","148283","950350"
"Bet365.com","Web","1168157","176305","991852"
"Saavn Bollywood Music","Media","1808110","223971","1584139"
"Bitcoin client","Peer to Peer","950","530","420"
"Orange.com","Web","40584","15508","25076"
"BBC","Web","51057071","2615403","48441668"
"AVG.com","Web","18643","6868","11775"
"T-Online.de","Web","5559","692","4867"
"Marca.com","Web","460150","105945","354205"
"Kooora.com","Web","447899","24971","422928"
"MercadoLibre (aka MercadoLivre)","Web","426419","71428","354991"
"Olx","Web","1623119","426910","1196209"
"Goal.com","Web","676291","32785","643506"
"Opensooq.com","Web","233933","37575","196358"
"Apple HTTP Live Streaming","Real Time Audio/Video","7164043","135090","7028953"
"24sata.hr","Web","145357","7380","137977"
"Abv.bg","Email","439026","68670","370356"
"craigslist","Web","1527","793","734"
"Grid.mk","Web","341181","17586","323595"
"Hurriyet.com.tr","Web","1858794","207513","1651281"
"ING Bank","Web","34407","20919","13488"
"Lotterypost.com","Web","159969","11768","148201"
"Background Intelligent Transfer Service","File Sharing","33782634","4288908","29493726"
"Pik.ba","Web","4886711","105780","4780931"
"Varzesh3.com","Web","1497410","95713","1401697"
"Hotspot Shield","Tunneling and VPN","136162","40214","95948"
"EdgeCast Networks CDN","Infrastructure","10823","1538","9285"
"AliExpress.com","Web","40581546","3860012","36721534"
"Rt.com","Web","69102","3740","65362"
"UOL.com.br","Web","2563","648","1915"
"Wp.pl","Web","16127726","5618889","10508837"
"Lanacion.com.ar","Web","13969","1837","12132"
"Milliyet.com.tr","Web","1704331","109734","1594597"
"Monitor.co.ug","Web","60440","2485","57955"
"VnExpress.net","Web","1280402","204689","1075713"
"Zing.vn","Web","6814","1147","5667"
"Perfect Dark","Peer to Peer","17476","1852","15624"
"The Simpsons: Tapped Out","Gaming","2492843","1750781","742062"
"Fox Business Network","Web","940088","46375","893713"
"Telegrafi","Web","322470","20184","302286"
"News","Web","491159","20247","470912"
"Vecernji","Web","94069757","7370623","86699134"
"Yadro","Web","32322","13049","19273"
"Rovio Entertainment","Gaming","18067333","1251813","16815520"
"Huffington Post","Web","87097","3081","84016"
"OpenStreetMap","Infrastructure","14273385","332955","13940430"
"Videoplaza","Web","125945","23159","102786"
"Digital River","Web","600658","20956","579702"
"Plenty Of Fish","Web","13805301","1574203","12231098"
"Twitch","Media","12769380347","163062933","12606317414"
"BoldChat Live Chat","Internet Instant Messaging","2909486","878870","2030616"
"OkCupid","Web","1236483","536528","699955"
"FreeWheel","Web","8554273","2300281","6253992"
"zalo","Internet Instant Messaging","1620607","519272","1101335"
"battlenet","Gaming","3922731774","139825911","3782905863"
"Inquirer","Web","724943","18883","706060"
"4CHAN","Web","18751","5914","12837"
"AAJTAK","Web","295986","16537","279449"
"ASANA","Web","110927","30395","80532"
"JAVA-RMI","Network Service","2972","1922","1050"
"Taobao Ad Network and Exchange","Web","2285168","914579","1370589"
"Amazon Cloud Drive","Web","6937373","6667051","270322"
"Koha","Web","10253634","321204","9932430"
"Lazada","Web","2309735","55851","2253884"
"Gettyimages","Web","12549544","522917","12026627"
"Theladbible","Web","785499","38229","747270"
"Traffic Junky","Web","393335","9841","383494"
"quic","Network Service","9476275","3898058","5578217"
"I2P Invisible Internet Project","Tunneling and VPN","162444","74015","88429"
"CPMSTAR","Web","1039096","131236","907860"
"AOL One","Web","5351310","334773","5016537"
"Realestate","Web","488171","86132","402039"
"Constant Contact","Web","2542276","106493","2435783"
"GitHub","Web","25780837","3220241","22560596"
"Sabah","Web","10023","1737","8286"
"Skynewsarabia","Web","467343","17622","449721"
"Atlassian","Web","4725555","1607026","3118529"
"Pastebin","Web","107839","5740","102099"
"Internet.org","Web","170070","62776","107294"
"Bizographics","Web","8673","1634","7039"
"Helpshift","Web","1051461","204221","847240"
"Scotiabank","Web","92080763","20881401","71199362"
"Gmanetwork","Web","2246921","73541","2173380"
"CBS Video","Web","103550775","1981479","101569296"
"UpLynk","Web","22809364","993591","21815773"
"NBC","Web","12717208","875390","11841818"
"Localytics","Web","3988455","873001","3115454"
"Microsoft Translator (Bing Translator)","Web","7151","1170","5981"
"Perform","Web","2775062","67198","2707864"
"Microsoft Sway (Office 365)","Business Application","68770","8340","60430"
"Olark","Web","2021653","88857","1932796"
"Liveperson","Web","44233462","6560782","37672680"
"Liputan6","Web","9626","960","8666"
"Rollout","Web","168260","60735","107525"
"Microsoft Excel Online (Office 365)","Web","222950108","89863908","133086200"
"LiveChat","Web","3632770","461615","3171155"
"Riffsy (Tenor.co)","Web","9797318","3433048","6364270"
"Tune","Web","268221","63075","205146"
"Manorama Online","Web","650994","23328","627666"
"NeuLion","Web","139038","11775","127263"
"Lookout Mobile Security","Business Application","215633","24668","190965"
"Ikon","Web","13044599","211487","12833112"
"TubeMogul","Web","1521413","200820","1320593"
"Hola Web Proxy","Web","331664","87143","244521"
"BitComet Peer Exchange (PEX)","Peer to Peer","3162","0","3162"
"funCaptcha","Web","12075","3073","9002"
"MobFox","Web","267921","50758","217163"
"Baidu Maps","Web","164523","27870","136653"
"Bank of America","Web","65282","12284","52998"
"Slack","Web","70649926","6983827","63666099"
"ICY (I Can Yell)","Media","7307117","174735","7132382"
"Younow","Web","10331091","3991690","6339401"
"MQ Telemetry Transport","Network Service","5349894","425281","4924613"
"Adk2","Web","10175","1290","8885"
"Pokemon GO","Gaming","94669329","6678752","87990577"
"CDNetworks","Infrastructure","1352812","127814","1224998"
"Weborama","Web","3217113","150400","3066713"
"Constrained Application Protocol","Network Service","1011","696","315"
"Myway","Web","22361","4545","17816"
"Highwinds","Web","1300637288","36475232","1264162056"
"Innovid","Web","685545603","15638861","669906742"
"StackExchange","Web","3183816","139142","3044674"
"StackOverflow","Web","930224","23260","906964"
"Wix","Web","209560854","21317490","188243364"
"Cheetah Mobile","Web","45711","11815","33896"
"Microsoft Word Online (Office 365)","Business Collaboration","75386782","7113297","68273485"
"Microsoft Powerpoint Online (Office 365)","Business Collaboration","33212368","1641287","31571081"
"OPC Unified Architecture","Web","542","332","210"
"Signal Private Messenger (Open Whisper Systems)","Internet Instant Messaging","47030093","12494426","34535667"
"StreamRail","Media","439419","77373","362046"
"Nintendo","Gaming","70566","1675","68891"
"OpenRTB","Web","1040140","866718","173422"
"Hockey Curve","Web","136401","14738","121663"
"ADventori","Web","340883","78799","262084"
"Tealium","Web","20352821","7298322","13054499"
"Audible","Real Time Audio/Video","2978064","106514","2871550"
"Dnevnik","Web","9467908","261169","9206739"
"En Son Haber","Web","1515642","34428","1481214"
"Meituan","Web","718730","406022","312708"
"Dianping","Web","502513","318958","183555"
"Aerserv","Web","95664","23805","71859"
"Samsung Update","Web","6433607164","259771014","6173836150"
"Huawei","Web","43741560","3226733","40514827"
"Huawei Update","Web","8398","1801","6597"
"Mail.Ru Love","Web","234898","142394","92504"
"Amazon Chime","Business Collaboration","5156799","715523","4441276"
"AnyDesk","Remote Desktop","252898","103014","149884"
"Livescore","Web","1573615","134987","1438628"
"Naij","Web","121096","23405","97691"
"Savefrom","Web","224143","7986","216157"
"MaxCDN","Web","119544","10029","109515"
"Zhihu","Web","46515274","3708284","42806990"
"China Youth League","Web","7765478","675010","7090468"
"Yandex Music","Real Time Audio/Video","873292","51994","821298"
"DocuSign","Web","6721944","599554","6122390"
"Automatic Data Processing (ADP)","Web","26383337","1401112","24982225"
"WeTransfer","Web","30222184","834144","29388040"
"Microsoft Power BI (Office 365)","Web","18964","1231","17733"
"Autodesk Fusion 360","Tunneling and VPN","69310","21234","48076"
"Cloudinary","Web","147339074","3774532","143564542"
"Optus","Web","239971","12585","227386"
"Gfycat","Web","7178548","134940","7043608"
"T-Mobile","Web","31902","4978","26924"
"Chunghwa Telecom","Web","32044","9176","22868"
"Vivox","Internet Instant Messaging","376368","116393","259975"
"Kahoot!","Web","2780779","93455","2687324"
"Wall Street Journal","Web","3945616","293630","3651986"
"Niantic, Inc","Web","880363","107900","772463"
"Origin","Web","38716","8193","30523"
"Canvas Student","Web","18555479","407381","18148098"
"Instructure","Web","870913","72153","798760"
"Mail.com","Email","1662261","62187","1600074"
"United Internet","Web","150281","46731","103550"
"Workplace By Facebook","Social Networking","1095454","734479","360975"
"shopee.tw","Web","1467396","284052","1183344"
"Electronic Arts","Web","371321871","10235764","361086107"
"Facebook Lite","Social Networking","1680484","282659","1397825"
"Microsoft PowerShell Remoting Protocol","Network Service","2648","1402","1246"
"Digioh","Web","1610320","56113","1554207"
"Apptimize","Web","138148","40982","97166"
"x_vpn","Tunneling and VPN","472721693","40908984","431812709"
"Mediascope","Web","90700","15517","75183"
"Vero","Social Networking","263904","6939","256965"
"Domain Name Service Crypt","Network Service","2117939","1040838","1077101"
"Adtelligent","Web","5684958","2216694","3468264"
"Opera turbo","Network Service","10997909","902588","10095321"
"Symantec Endpoint Protection","Web","58406","19828","38578"
"Youtube Music","Media","3431543","237986","3193557"
"Appnext","Web","2415818","174130","2241688"
"Splunk Cloud","Storage and Backup","382730","252563","130167"
"Fox Networks","Web","607912","29799","578113"
"9GAG","File Sharing","4964050","133368","4830682"
"Text Me","Internet Instant Messaging","2200719","824036","1376683"
"AnchorFree","Tunneling and VPN","2176978","1866425","310553"
"textPlus","Internet Instant Messaging","8591","3690","4901"
"Epic_games","Gaming","36630663","1234867","35395796"
"Unreal_engine","Gaming","35188658","1872159","33316499"
"IBM","Web","912710","115723","796987"
"TunnelBear VPN","Tunneling and VPN","240299","74760","165539"
"Ubisoft","Gaming","385993","23547","362446"
"Microsoft AD Right Management Service","Business Application","57823","42204","15619"
"Azure Right Management Service","Business Application","123065","54575","68490"
"Kodi","Management","1313","649","664"
"RingCentral","Business Collaboration","736949","48265","688684"
"Google News","Web","2605061","284560","2320501"
"PlayerUnknown's BattleGrounds","Gaming","32453412","1200411","31253001"
"Visual IQ","Web","1093106","298243","794863"
"Alibaba Group","Web","944244","176288","767956"
"CyberGhost","Tunneling and VPN","17943","4370","13573"
"CarbonBlack website","Web","61541039","57998658","3542381"
"ExpressVPN","Tunneling and VPN","486745","71821","414924"
"Easy Anti-Cheat","Web","215047","42313","172734"
"TechRadar","Web","749512","30851","718661"
"Future_plc","Web","7641396","277069","7364327"
"Inskin","Web","7962","1465","6497"
"Monday.com","Web","165963","63503","102460"
"Wish","Web","12807910","1256872","11551038"
"Google Play Books","Web","153977","14604","139373"
"ProtonMail","Email","100804","16341","84463"
"MAkeMyTrip","Web","71862","25437","46425"
"Warner Bros. Interactive Entertainment","Gaming","6961181","415756","6545425"
"AWS Console","Business Application","5889548","4480736","1408812"
"WorkspaceOne","Web","399980","141613","258367"
"iBooks","Web","210378","19227","191151"
"Fandom","Web","113905613","11264301","102641312"
"Tesla","Web","34358","10040","24318"
"AnonyTun","Tunneling and VPN","264114","125053","139061"
"W3Schools","Web","493035","12013","481022"
"OpenSignal","Web","12330932","500057","11830875"
"Megaphone","Web","1047803738","20081138","1027722600"
"Moodle","Social Networking","355255115","8533821","346721294"
"Monero (XMR)","Web","732","510","222"
"Gaana","Real Time Audio/Video","358899","54699","304200"
"Unknown virtual protocol","Unclassified","274984","47949","227035"
"Unknown virtual protocol","Unclassified","3828199","106610","3721589"
"NetEase","Web","3170396","266085","2904311"
"Unknown virtual protocol","Unclassified","682140","299714","382426"
"Unknown virtual protocol","Unclassified","222763","32624","190139"
"Unknown virtual protocol","Unclassified","1397995","877987","520008"
"Unknown virtual protocol","Unclassified","291243","8957","282286"
"Discovery Inc","Real Time Audio/Video","5794","1068","4726"
"National Public Radio","Web","299530709","6123459","293407250"
"Acast","Real Time Audio/Video","97220221","2885011","94335210"
"Wireguard","Tunneling and VPN","9032037591","730459262","8301578329"
"Ragnarok Online","Gaming","3729882415","127924539","3601957876"
"Firework","Internet Instant Messaging","889523","158229","731294"
"Bigo","Web","94410684","319018","94091666"
"Apple TV Plus","Real Time Audio/Video","6897492958","200134017","6697358941"
"Kuwo","Real Time Audio/Video","296633","220679","75954"
"Agora","Network Service","168110","2628","165482"
"Grand Theft Auto 5","Gaming","22367","1923","20444"
"Quora","Social Networking","12732826","1550074","11182752"
"Xigua Video","Real Time Audio/Video","89874000","2333023","87540977"
"Tuchong","Web","3821341","3608359","212982"
"Airbnb","Web","59206283","3526740","55679543"
"Zhenai","Web","37608","23620","13988"
"Rockstar Games","Gaming","167516","33411","134105"
"MediaLab","Web","182514","36709","145805"
"Netease Games","Gaming","24587","15739","8848"
"Wangwang","Internet Instant Messaging","1412823","699861","712962"
"Browsec VPN","Tunneling and VPN","517060186","28212802","488847384"
"Advanced Hosting","Web","13748309","213816","13534493"
"Workday","Business Application","10604376","384693","10219683"
"Service Now","Web","58579","24065","34514"
"StackPath","Web","4001110","223820","3777290"
"Ximalaya","Real Time Audio/Video","32592","12601","19991"
"Uber Eats","Web","13195755","2713283","10482472"
"DoorDash","Web","20995727","521941","20473786"
"Houseparty","Real Time Audio/Video","227023","32636","194387"
"Roblox","Gaming","1744671071","199916082","1544754989"
"Acronis Cloud","Web","264526","98364","166162"
"Citrix","Web","1531172","594428","936744"
"Anten","Real Time Audio/Video","826204","13354","812850"
"Microsoft Dynamics","Business Application","300606","52822","247784"
"Pluto TV","Real Time Audio/Video","1196204388","24365918","1171838470"
"adRise","Real Time Audio/Video","303760","45544","258216"
"Tubi TV","Real Time Audio/Video","2675195969","36200850","2638995119"
"iFunny","Web","82548","12308","70240"
"Demandbase","Web","839676","53947","785729"
"ToTok Messenger","Internet Instant Messaging","382384","110782","271602"
"Yubo","Internet Instant Messaging","912013","47533","864480"
"Connatix","Real Time Audio/Video","47673602","3800223","43873379"
"Xbox Cloud Gaming","Gaming","2894772","55067","2839705"
" Revolut","Web","406892","64931","341961"
"Jitsi","Real Time Audio/Video","33877","2500","31377"
"The Blaze","Web","2117618","67196","2050422"
"E! Online","Web","1392989","34846","1358143"
"Hotels.com","Web","1172361","54565","1117796"
"Official Major League Baseball","Web","333596","12605","320991"
"RetailMeNot","Web","170092","7501","162591"
"SFGate","Web","38220","3314","34906"
"Slate Magazine","Web","38948","5960","32988"
"BambooHR","Web","11876981","345482","11531499"
"The Telegraph","Web","4299879","537231","3762648"
"The Daily Beast","Web","285874","8353","277521"
"The Free Dictionary","Web","11019","1424","9595"
"TIME","Web","1138625","76192","1062433"
"TMZ","Web","9283434","256252","9027182"
"United Airlines","Web","16543575","3967049","12576526"
"Wired","Web","70288497","1324696","68963801"
"Kickstarter","Web","58464770","1296997","57167773"
"Indiegogo","Web","132186","10031","122155"
"FedEx","Web","6192455","1005453","5187002"
"Kayak","Web","38902009","1519231","37382778"
"Rediff","Web","187243","62539","124704"
"Eventbrite","Web","11299865","290980","11008885"
"G-Core Labs","Web","110565","37763","72802"
"WarnerMedia","Web","353036234","6922969","346113265"
"Bilibili","Web","752007","44425","707582"
"Etahub","Web","20299","5640","14659"
"Datadog","Web","1981043","1765808","215235"
"Unknown virtual protocol","Unclassified","166767","70884","95883"
"ShoreTel","Business Collaboration","88706","34408","54298"
"RingCentralApp","Business Collaboration","9483","2383","7100"
"ZoomPhone","Business Collaboration","284520","133262","151258"
