"Application","Category","Total Bytes","Bytes Received","Bytes Sent"
"Domain Name Service","Network Service","1432313161","717716733","714596428"
"Google Mail","Email","1308446766","162505650","1145941116"
"Google Search","Web","1478928190","207084137","1271844053"
"Google Maps","Web","118676586","14833422","103843164"
"HyperText Transfer Protocol","Web","1973662116","175039437","1798622679"
"HyperText Transfer Protocol Secure","Web","19297862635","5225366485","14072496150"
"Internet Control Message Protocol","Network Service","4291869629","2582083502","1709786127"
"Internet Message Access Protocol version 4","Email","136833790","43252017","93581773"
"Internet Message Access Protocol Secure","Email","37871542","5023691","32847851"
"Internet Protocol","Network Service","0","0","0"
"Remote Desktop Protocol (Windows Terminal Server)","Remote Desktop","1001624","571180","430444"
"Skype and Teams","Business Collaboration","32957497","7519412","25438085"
"Simple Object Access Protocol","Network Service","1802385339","858638184","943747155"
"Secure Socket Layer","Tunneling and VPN","34825370626","14569009789","20256360837"
"Transmission Control Protocol","Other TCP/UDP","14526030217","12493576010","2032454207"
"User Datagram Protocol","Other TCP/UDP","106009031431","13245925018","92763106413"
"Youtube.com","Media","28709955778","1273390823","27436564955"
"Facebook","Social Networking","65708299300","2816386216","62891913084"
"Google Ads","Web","1486453597","227067399","1259386198"
"Windows Live Hotmail","Email","155600014","25192613","130407401"
"Apple Generic Services","Web","7313216350","282286874","7030929476"
"Online Certificate Status Protocol","Business Application","19638237","7646368","11991869"
"Twitter","Social Networking","3697104359","255319645","3441784714"
"iTunes","Media","811120015","104707119","706412896"
"TeamViewer","Remote Desktop","351869271","217504836","134364435"
"Bing.com (formerly MSN Search)","Web","514361320","90558705","423802615"
"Windows Update","Web","7237657289","496860647","6740796642"
"Google Analytics,Google Marketing Platform","Web","435238608","109412683","325825925"
"Google GStatic","Web","3747984296","221539515","3526444781"
"Google Translate","Web","13424694","4543564","8881130"
"Google Generic","Web","1972415461","225140641","1747274820"
"Amazon Generic Services","Web","3713805969","1202607934","2511198035"
"WhatsApp Messenger","Internet Instant Messaging","8635191414","2645350043","5989841371"
"Apple App Store","Web","5218660171","174457030","5044203141"
"Windows Marketplace","Web","655820857","53732444","602088413"
"Apple FaceTime","Real Time Audio/Video","5930263607","866961530","5063302077"
"Apple Push Notification Service","Web","349694486","241710382","107984104"
"iOS over-the-air (OTA) update","Web","6914870222","127113391","6787756831"
"Google Play Store","Media","5576666338","542900334","5033766004"
"iCloud (Apple)","Storage and Backup","5118359540","1554864790","3563494750"
"Instagram","Web","61903197617","2755308283","59147889334"
"Amazon Web Services/Cloudfront CDN","Infrastructure","29492199772","26154367098","3337832674"
"Limelight Networks CDN","Web","520790497","19259971","501530526"
"Microsoft Azure (previously Windows Azure)","Infrastructure","222741521","13684652","209056869"
"Yahoo.com","Web","784936840","99344051","685592789"
"CloudFlare CDN","Infrastructure","8629650201","399277081","8230373120"
"Microsoft Office 365","Business Collaboration","1329584574","152813702","1176770872"
"Microsoft Outlook (Office 365)","Business Application","1297974219","237964803","1060009416"
"Apple SIRI","Web","113667366","90208493","23458873"
"Google Documents (aka Google Drive)","Storage and Backup","193317370","92813767","100503603"
"WebSocket","Network Service","2553338269","1958136759","595201510"
"Google Accounts","Web","663942046","72890474","591051572"
"Amazon Ad System","Web","230759941","34566072","196193869"
"Snapchat","Social Networking","3992670266","392502489","3600167777"
"AddThis","Web","17809514","1233446","16576068"
"ScorecardResearch","Web","77969396","9472572","68496824"
"Quantcast","Web","11609865","2347247","9262618"
"Oracle","Web","6922356","1901377","5020979"
"Bitstrips","Social Networking","95694785","5868256","89826529"
"TRUSTe","Web","18095297","1477559","16617738"
"Adobe","Business Application","1179994666","142259566","1037735100"
"Inneractive","Web","64901749","44784756","20116993"
"Facebook Messenger","Internet Instant Messaging","4084108111","1238221439","2845886672"
"InMobi","Web","28894532","13358591","15535941"
"AppsFlyer","Business Application","33414162","11221219","22192943"
"Smart AdServer","Web","61170335","14327080","46843255"
"Google Cloud Storage","Web","3527424952","2929299292","598125660"
"Google Cloud Messaging","Web","121542970","35040064","86502906"
"Apple Location","Web","4810990486","316026511","4494963975"
"OpenX","Web","7589469","2206330","5383139"
"PubMatic","Web","89960947","47559225","42401722"
"Rubicon Project","Web","83809545","32586076","51223469"
"AppNexus","Web","215380939","131822928","83558011"
"Rlcdn","Web","9859099","1635250","8223849"
"HyperText Transfer Protocol version 2","Web","7640130640","1219481036","6420649604"
"Google Tag Manager","Web","306118399","18136386","287982013"
"Ad Safe Protected","Web","91389221","12751916","78637305"
"Adjust.com","Web","13036998","4889617","8147381"
"Urbanairship","Web","5021585","1597964","3423621"
"BootstrapCDN","Web","7551198","491624","7059574"
"Apple Music","Media","3876675263","91047635","3785627628"
"Outbrain","Web","84224933","13087125","71137808"
"Applovin","Web","546074900","164482324","381592576"
"Android connectivity Manager","Network Service","16405381","8922294","7483087"
"Moat","Web","90895244","26124581","64770663"
"Branch Metrics","Web","75967840","17273217","58694623"
"Smaato","Web","5739826","1883764","3856062"
"Verizon","Web","8497455","5999832","2497623"
"MediaMath","Web","5814000","2123813","3690187"
"jQuery","Web","21518245","976237","20542008"
"Everest Technologies","Web","14241307","3946895","10294412"
"TubeMogul","Web","734291","132885","601406"
"Microsoft","Web","4121426546","744232637","3377193909"
"New Relic","Web","52074590","32370246","19704344"
"Liftoff","Web","1085596","328007","757589"
"Uber (formerly UberCab)","Web","2468121564","1673037821","795083743"
"Conversant","Web","5571710","2303704","3268006"
"Adform","Web","19895898","2449236","17446662"
"HyperText Transfer Protocol proxy","Network Service","283541605","60459761","223081844"
"Innovid","Web","81585901","2351781","79234120"
"Firebase Cloud Messaging","Web","444969636","142875067","302094569"
"Bidswitch","Web","19587700","7541340","12046360"
"Tealium","Web","13517934","2766531","10751403"
"Sharethrough","Web","32117971","10305033","21812938"
"DoubleVerify","Web","57714990","10285470","47429520"
"Media Innovation Group","Web","1477930","375757","1102173"
"PulsePoint","Web","4745159","1558723","3186436"
"Amplitude","Web","1243280117","977397380","265882737"
"Data Saver","Web","6614319","351317","6263002"
"Cisco","Web","4721919","1797894","2924025"
"Disqus","Web","17082969","1664077","15418892"
"ByteDance","Web","225163914","84926359","140237555"
"TikTok (Musical.ly)","Social Networking","30350792652","1306979629","29043813023"
"Vungle","Web","187041941","8927517","178114424"
"Google APIs","Web","3666657734","1067400012","2599257722"
"Amazon Cognito","Web","26537065","8836957","17700108"
"Unknown virtual protocol","Unclassified","44936116","3201328","41734788"
"Unknown virtual protocol","Unclassified","70741952","28532040","42209912"
"JWPLAYER","Web","175486866","5344677","170142189"
"KOCHAVA","Web","1672795","449808","1222987"
"Go Daddy","Web","60784415","3196153","57588262"
"Contentful","Web","203590805","12338342","191252463"
"Eventbrite","Web","17450292","425342","17024950"
"Digicert","Web","37253364","5023161","32230203"
"Font Awesome","Web","20736901","1378194","19358707"
"SD-WAN Control","SD-WAN","36938584197","20556723240","16381860957"
"SD-WAN Management","SD-WAN","6033775996","2680362312","3353413684"
"TencentMeeting","Business Collaboration","1003222658","157552071","845670587"
"BitTorrent","Peer to Peer","2654091","14012","2640079"
"eBay.com","Web","59231940","7044571","52187369"
"IPsec (AH and ESP)","Tunneling and VPN","48744967","8262144","40482823"
"Internet Security Association and Key Management Protocol","Tunneling and VPN","219662176","27011703","192650473"
"XMPP Protocol (Jabber)","Business Collaboration","3500604","1221519","2279085"
"McAfee Client update","Business Application","60394627","3770373","56624254"
"Network Time Protocol","Network Service","864367","439030","425337"
"Post Office Protocol (Version 3)","Email","746848966","19263652","727585314"
"QQ","Internet Instant Messaging","8356130","1580996","6775134"
"Server Message Block (Windows File Server)","File Sharing","42374","30428","11946"
"Simple Mail Transfer Protocol","Email","28327284","27181768","1145516"
"SOCKet Secure v5","Tunneling and VPN","5968","2937","3031"
"Session Traversal Utilities for NAT","Business Collaboration","23267656","6709044","16558612"
"Tabular Data Stream","Business Application","11532","7974","3558"
"Wikipedia.com","Web","62199165","2437540","59761625"
"Yahoo Search","Web","2561755","217832","2343923"
"Yahoo Mail v.2.0","Email","280893067","58990709","221902358"
"WordPress.com","Social Networking","60465989","2044676","58421313"
"LinkedIn","Social Networking","407298977","29321934","377977043"
"Steampowered.com","Gaming","2957469","453931","2503538"
"Xbox Live","Gaming","2780422","487591","2292831"
"Badoo.com","Internet Instant Messaging","15102446","1283613","13818833"
"Meetup","Web","8873587","1385907","7487680"
"Tumblr","Social Networking","845902929","24674170","821228759"
"Yandex.ru","Web","13853340","6287346","7565994"
"Spotify","Media","2277902243","183945325","2093956918"
"Baidu.com","Web","293081390","19967290","273114100"
"Firefox Update","Web","62463400","4201351","58262049"
"Java Update","Web","69559607","4833158","64726449"
"Apple Update","Web","4659424","156075","4503349"
"Chrome Update","Web","727424972","28997647","698427325"
"Opera Update","Web","3420764","1016013","2404751"
"Viber","Real Time Audio/Video","78021898","9744272","68277626"
"Netflix.com","Media","20080710935","502431668","19578279267"
"Dropbox","Storage and Backup","471607610","34548415","437059195"
"Portal.TidalTV.com","Web","957936","225218","732718"
"YouKu","Media","259595","203314","56281"
"AccuWeather","Web","5799279","972143","4827136"
"AmericanExpress","Web","2670745","364333","2306412"
"Blogger","Web","4876704","220499","4656205"
"CNN (Cable News Network)","Web","54610322","8251486","46358836"
"China Network Television","Web","3325","501","2824"
"Comcast","Web","26290125","7761055","18529070"
"Mozilla.com - Mozilla.org","Web","1001914074","76603276","925310798"
"Vimeo","Web","302654433","7515491","295138942"
"Weather.com","Web","19876163","2867310","17008853"
"Sina.com.cn","Internet Instant Messaging","52063740","1668856","50394884"
"Sina Weibo","Web","205683257","7983429","197699828"
"Taobao","Web","2406664","775962","1630702"
"Google App Engine","Business Application","36727578","26408899","10318679"
"Samsung Apps","Web","356032463","12075609","343956854"
"Line","Internet Instant Messaging","198933267","23461752","175471515"
"SoundCloud","Media","214699722","8443788","206255934"
"Amazon Prime Video","Media","182354673","26124529","156230144"
"QQ.com","Web","115872078","4678444","111193634"
"Akamai Technologies CDN","Web","2500731194","65762926","2434968268"
"WeChat","Internet Instant Messaging","1548574531","182312517","1366262014"
"Rakuten.co.jp","Web","1017972","157705","860267"
"Chinatimes.com","Web","2439730","100720","2339010"
"QQ Mail","Email","1229370","519241","710129"
"Sina finance","Web","143865","19517","124348"
"Tencent.com","Internet Instant Messaging","1096292","234682","861610"
"Google Talk (incl. Hangouts and Allo and Duo)","Real Time Audio/Video","1290785744","155175398","1135610346"
"Zoho Corporation","Business Application","56515187","28444974","28070213"
"Microsoft SharePoint Online (Office 365)","Business Application","468205072","86657113","381547959"
"ESPN.go.com","Web","81679955","3208955","78471000"
"Pinterest","Web","266931206","28420560","238510646"
"Reddit.com","Web","2089768059","83144362","2006623697"
"Imgur.com","Storage and Backup","5219785","203718","5016067"
"Saavn Bollywood Music","Media","1672481","1222376","450105"
"Paypal.com","Web","79860350","17822475","62037875"
"BBC","Web","73801880","4673373","69128507"
"craigslist","Web","2566324","165966","2400358"
"Kijiji.ca","Web","82264515","4345483","77919032"
"Aol","Web","8362649","2292622","6070027"
"Turn","Web","3575007","855927","2719080"
"Telegram","Internet Instant Messaging","802330764","79753995","722576769"
"Waze Social GPS Maps & Traffic","Web","64886992","2482916","62404076"
"OpenStreetMap","Infrastructure","20918626","764150","20154476"
"Criteo","Web","150090852","21775071","128315781"
"Google Safe Browsing","Web","13271750","2649692","10622058"
"Flurry","Business Application","19975422","12128532","7846890"
"Samsung","Web","135834158","47168937","88665221"
"Crashlytics","Web","44346987","6015475","38331512"
"Gravatar","Business Collaboration","3457384","357452","3099932"
"FreeWheel","Web","930102","211015","719087"
"Xiaomi","Web","72424582","3379624","69044958"
"Turner","Web","3690167","298439","3391728"
"Nielsen","Web","5457403","1210504","4246899"
"Stickyads","Web","22516827","8395136","14121691"
"Mixpanel","Web","10267792","6826453","3441339"
"Lazada","Web","421301","14002","407299"
"Gettyimages","Web","2253005","110069","2142936"
"Google Calendar","Web","45917982","10232507","35685475"
"Index Exchange (previously Casale Media)","Web","27128105","8939850","18188255"
"LOTAME","Web","13496205","1920189","11576016"
"CPMSTAR","Web","183770","39514","144256"
"ADTECH","Web","2047719","129504","1918215"
"AOL One","Web","662158","75140","587018"
"Realestate","Web","284073","43486","240587"
"GitHub","Web","5062840","959430","4103410"
"Advertising.com","Web","6059991","1372240","4687751"
"Facebook Embedded Video","Media","5200068512","110044841","5090023671"
"Helpshift","Web","1496990","355526","1141464"
"Scotiabank","Web","14543224","2027331","12515893"
"Atlas Solutions","Web","485252","120892","364360"
"Unruly","Web","7942945","4648745","3294200"
"Rogers TV","Web","1252951405","20028252","1232923153"
"UpLynk","Web","17697702","451053","17246649"
"NBC","Web","39641565","1069940","38571625"
"Krux","Web","20925803","7224292","13701511"
"Microsoft Office OneNote (Office 365)","Business Application","4539201","2767276","1771925"
"Heap","Web","24399461","15051537","9347924"
"Optimizely","Web","18906689","4330571","14576118"
"Liveperson","Web","11777253","925891","10851362"
"Taboola","Web","234068832","34547570","199521262"
"Rackspace","Web","1715753063","108394494","1607358569"
"SpotXchange","Web","2809693","908268","1901425"
"Microsoft OneDrive","Web","1645377526","533252777","1112124749"
"Umeng","Web","1388499","688566","699933"
"Revcontent","Web","2976037","560319","2415718"
"MobFox","Web","161068","43192","117876"
"Slack","Web","36334548","9635372","26699176"
"Younow","Web","12723027","5977925","6745102"
"Teads","Web","15770865","2376515","13394350"
"hotjar","Web","44295776","21519024","22776752"
"ZoomMeetings","Business Collaboration","1259158326","236282744","1022875582"
"Pokemon GO","Gaming","137440263","24380377","113059886"
"Weborama","Web","392207","71731","320476"
"Wix","Web","60259685","2950961","57308724"
"Tinder","Web","291099901","12222579","278877322"
"GIPHY","Web","320432974","8885873","311547101"
"IMO Video Calling Application","Media","30975615","20719840","10255775"
"Amazon Music","Media","3234253","912668","2321585"
"Signal Private Messenger (Open Whisper Systems)","Internet Instant Messaging","22254691","8544335","13710356"
"Bugsnag","Web","5597959","3758197","1839762"
"Apple Game Center","Gaming","8079033","1709156","6369877"
"AdColony","Web","8792994","3726275","5066719"
"Yieldmo","Web","14557859","2127814","12430045"
"Huawei","Web","114741995","6628216","108113779"
"MGID","Web","26263427","1139442","25123985"
"ULP","Network Service","3868640","145435","3723205"
"MaxCDN","Web","87703","15756","71947"
"Okta","Web","53581759","6941510","46640249"
"eXelate","Web","2481196","625647","1855549"
"Sonobi","Web","5732094","2090743","3641351"
"Cloudinary","Web","119589134","2960897","116628237"
"Google Secure User Plane Location","Web","634034","93000","541034"
"Sportradar","Web","8123759","531881","7591878"
"Google Cloud Platform","Web","40725348","5170561","35554787"
"Niantic, Inc","Web","1674616","683484","991132"
"Canvas Student","Web","60111816","1706681","58405135"
"Microsoft teams","Internet Instant Messaging","2022581589","221666432","1800915157"
"Youtube Music","Media","3837662","1714145","2123517"
"Tenor","Web","97077811","4776521","92301290"
"IronSource","Business Application","149298418","12686425","136611993"
"Text Me","Internet Instant Messaging","3495234","1123911","2371323"
"Grammarly","Web","73559511","34003111","39556400"
"Simpli.fi","Web","2487915","585250","1902665"
"Alibaba Group","Web","403838","100030","303808"
"Alibaba Cloud","Web","131241890","92441435","38800455"
"Discord","Internet Instant Messaging","914545002","64886571","849658431"
"Apple News","Web","167049183","10393889","156655294"
"Unknown virtual protocol","Unclassified","2694530465","95572004","2598958461"
"Unknown virtual protocol","Unclassified","82611454","13543352","69068102"
"Unknown virtual protocol","Unclassified","26615274","22155901","4459373"
"Google Pay","Web","12667304","2466341","10200963"
"Wireguard","Tunneling and VPN","565948055","84675377","481272678"
"Firework","Internet Instant Messaging","24103779","691073","23412706"
"Google Messages","Internet Instant Messaging","39684330","15469226","24215104"
"Quora","Social Networking","12986514","1229292","11757222"
"Houseparty","Real Time Audio/Video","224701","33259","191442"
"Likee","Internet Instant Messaging","8299108","2233205","6065903"
"Demandbase","Web","105789","9862","95927"
"Spotify Audio","Real Time Audio/Video","2959066974","68648061","2890418913"
"Pendo","Web","7839268","2592331","5246937"
"Nvidia","Web","126388","3948","122440"
"Geforce Now","Gaming","4665125","608180","4056945"
"Intercom","Web","93381755","32260763","61120992"
"Advance Message Queuing Protocol","Network Service","3920","2366","1554"
"Connection Oriented Transfer Protocol","Network Service","3300","2412","888"
"Dailymotion.com","Media","86120164","3444015","82676149"
"File Transfer Protocol","File Sharing","21525","10400","11125"
"GPRS Tunneling Protocol","Tunneling and VPN","51825222","16342759","35482463"
"Independant Computing Architecture (Citrix)","Remote Desktop","3010","1666","1344"
"Kerberos","Authentication","9097","5878","3219"
"Lighweight Directory Access Protocol","Authentication","28369","15927","12442"
"Secure POP3","Email","590319","50203","540116"
"Port Mapper","Network Service","10960","7630","3330"
"Point-to-Point Tunneling Protocol","Tunneling and VPN","2806","1768","1038"
"Real Time Control Protocol","Business Collaboration","9006952","116707","8890245"
"Real Time Protocol","Business Collaboration","810451627","173038117","637413510"
"Real Time Streaming Protocol","Media","19124","9091","10033"
"SAP","Business Application","9839594","626792","9212802"
"ShoutCast","Media","1190525","43184","1147341"
"Session Initiation Protocol","Business Application","120689","65836","54853"
"Simple Mail Transfer Protocol Secure","Email","840038","800132","39906"
"Simple Network Management Protocol","Management","72841","72841","0"
"SOCKet Secure v4","Tunneling and VPN","19092","13344","5748"
"Secure Shell","Tunneling and VPN","993786","283246","710540"
"Transparent Network Service (Oracle)","Business Application","1853","1298","555"
"VMWare","Remote Desktop","22186","15815","6371"
"X Window System","Business Application","13964","9308","4656"
"4shared.com","Web","13040","1838","11202"
"Secure AIM","Internet Instant Messaging","2461090","161340","2299750"
"Expedia.fr","Web","8143483","1951821","6191662"
"Travelocity.com","Web","7191","847","6344"
"Realtor.com","Web","201410","15091","186319"
"Flickr","Social Networking","32167527","763365","31404162"
"Deezer","Web","9888166","264714","9623452"
"Rambler.ru","Web","360527","16670","343857"
"Mail.ru Webmail","Email","933460","80584","852876"
"Real Time Messaging Protocol","Network Service","45870643","926223","44944420"
"FilmAffinity.com","Web","284820","13937","270883"
"Foursquare.com","Web","1386657","241028","1145629"
"Goodreads.com","Web","313460","53929","259531"
"Last.fm","Media","2110073","73579","2036494"
"Mixi.jp","Web","5543","1006","4537"
"Odnoklassniki.ru","Social Networking","318703","89281","229422"
"ResearchGATE.net","Web","426502","20869","405633"
"Vk.com (Vkontakte)","Social Networking","9205131","377209","8827922"
"Vox.com","Web","22791","5720","17071"
"Yammer.com","Business Application","154449","9055","145394"
"Yelp.com","Web","49593707","2531484","47062223"
"Yandex webmail","Email","774205","205112","569093"
"Adobe Update Manager","Web","385244689","9564761","375679928"
"Adobe Flash Plugin Update","Web","32681","8201","24480"
"Archive.org","Web","11791931","266222","11525709"
"QQLive Network Player","Media","83052","61436","21616"
"BitDefender Update","Web","2958968","1552595","1406373"
"Symantec Norton AntiVirus Updates","Web","1023069","24003","999066"
"Kaspersky Update","Web","2051253","193313","1857940"
"Avira Update","Web","5247","1311","3936"
"Trendmicro Update protocol","Web","1245","527","718"
"BBC Player","Media","50819448","1202691","49616757"
"Garena","Web","39765","2326","37439"
"Box","File Sharing","14505","3056","11449"
"Channel 4 (Channel Four Television)","Web","71650","9893","61757"
"Web-ICQ","Internet Instant Messaging","13607","3724","9883"
"iHeartRADIO","Media","2288969","175260","2113709"
"Psiphon","Web","11291","4839","6452"
"Salesforce","Business Application","14566738","2406120","12160618"
"SiriusXm.com","Media","886191","69710","816481"
"WebEx","Business Collaboration","29562846","687482","28875364"
"Slingbox","Media","14300","3172","11128"
"Bloomberg.com","Web","747899","141474","606425"
"Internet Inter-ORB Protocol","Network Service","5346","3588","1758"
"RSS","Web","22963","988","21975"
"BlackBerry.com","Web","33570","7834","25736"
"Netware Core Protocol","Management","7319","4550","2769"
"10086.cn","Web","129674087","2461292","127212795"
"ABCNews","Web","554176","18762","535414"
"Adobe Acrobat DC (Document Cloud)","Web","4696069","1022007","3674062"
"Alexa","Web","76644","7536","69108"
"AlJazeera.net","Web","8133459","940125","7193334"
"ATT.com (AT&T)","Web","4935809","1921417","3014392"
"Capital One","Web","8092082","1161507","6930575"
"Cnet.com","Web","108815","12397","96418"
"Daily Mail","Web","21475586","1215756","20259830"
"Daum.net","Web","26470951","2066295","24404656"
"Fox News","Web","71507321","3260146","68247175"
"FoxSports.com","Web","1539270","107440","1431830"
"Groupon","Web","1610826","357871","1252955"
"IKEA.com","Web","2221767","166581","2055186"
"Intuit.com","Business Application","11931170","4627265","7303905"
"Kaspersky.com","Web","7564336","3828201","3736135"
"LeBonCoin.fr","Web","1056461","32313","1024148"
"Naver Corporation (formerly NHN Corporation)","Web","244421733","87820439","156601294"
"NBA.com","Web","7050155","402820","6647335"
"National Football League (NFL.com)","Web","111066","8049","103017"
"Nike.com","Web","7945193","1984290","5960903"
"NYTimes.com","Web","92356389","3438887","88917502"
"PlayStation.com","Web","636206","57133","579073"
"Reuters.com","Web","1498762","46746","1452016"
"SlideShare","Web","78124","3304","74820"
"Spiegel.de","Web","221672","9511","212161"
"Sports Illustrated","Web","676670","26410","650260"
"Sprint.com","Web","5887","1176","4711"
"SurveyMonkey.com","Web","135178","22070","113108"
"Univision.com","Web","1377437","50647","1326790"
"WashingtonPost.com","Web","7144836","389172","6755664"
"Xbox","Gaming","36608","5771","30837"
"Xvideos.com","Media","76003","46970","29033"
"Youdao.com","Web","196166","67568","128598"
"Youm7.com","Web","231095","24215","206880"
"OICQ","Internet Instant Messaging","6738","4336","2402"
"QQ WeiBo","Web","376831","183082","193749"
"GMX webmail","Email","1641623","181841","1459782"
"Kompass.com","Web","64783","3043","61740"
"Scribd.com","Web","1220842","326452","894390"
"Shazam","Web","1088166","103990","984176"
"TuneIn","Real Time Audio/Video","475395","19676","455719"
"KakaoTalk","Internet Instant Messaging","65843698","37763234","28080464"
"Coupang","Web","9492","1208","8284"
"Zum.com","Web","173286","17166","156120"
"Mk.co.kr","Web","595610","26976","568634"
"mt","Web","1267846","34724","1233122"
"Nate.com","Web","4521","1084","3437"
"Shinhan.com","Web","6297","2888","3409"
"Tistory.com","Web","88038","21854","66184"
"163.com","Web","521248","185641","335607"
"Sohu.com","Web","19438218","628307","18809911"
"Ifeng.com","Web","15801426","1405370","14396056"
"Tmall.com","Web","50768","10625","40143"
"Alipay","Web","172831","94705","78126"
"Sogou.com","Web","28483","22360","6123"
"Douban.com","Web","5842","1145","4697"
"360.cn","Web","129357","109872","19485"
"Alibaba.com","Web","979134","259620","719514"
"51.la","Web","50518","9160","41358"
"Zynga.com","Gaming","14068591","6494210","7574381"
"Datagram Transport Layer Security","Tunneling and VPN","699813124","233075896","466737228"
"ISO Base Media File Format","Real Time Audio/Video","443531157","9860124","433671033"
"KIK Messenger","Internet Instant Messaging","725674","234195","491479"
"MiTalk Messenger (Miliao)","Internet Instant Messaging","105868","16259","89609"
"FC2.com","Social Networking","257543","12253","245290"
"Goo.ne.jp","Web","998274","59245","939029"
"Hatena.ne.jp","Social Networking","9929","1300","8629"
"Nikkei.com","Web","1275421","41548","1233873"
"Mail189.cn","Email","2066953","687329","1379624"
"QQ Games","Gaming","42318","14139","28179"
"QQ News","Web","189547","9124","180423"
"Udn.com","Web","71522","11824","59698"
"Xuite.net","Gaming","59655","4267","55388"
"Konaminet.jp","Web","172942","34073","138869"
"Nokia Here API","Web","5543482","234558","5308924"
"MeetMe.com","Social Networking","2977782","162868","2814914"
"Microsoft Skype for Business (formerly Microsoft Lync Online) (Office 365)","Business Collaboration","1266310","193155","1073155"
"Mobage games","Gaming","3147091","539242","2607849"
"Nend.net","Web","40832","10719","30113"
"Speedtest","File Sharing","13542080","2624980","10917100"
"MapQuest.com","Web","239186","11561","227625"
"BuzzFeed.com","Web","333079","156493","176586"
"Internet Movie Database","Web","862533","67516","795017"
"ThePirateBay.se","Web","203249","29308","173941"
"Evernote","Web","303422","67249","236173"
"JingDong","Web","177458","33043","144415"
"Apple Maps","Web","6478470","232325","6246145"
"Bet365.com","Web","101664","20371","81293"
"DCinside.com","Web","1172116","106821","1065295"
"Issuu.com","Web","27647","9582","18065"
"LastPass.com","Web","151577","37603","113974"
"Mendeley.com","File Sharing","312047","158305","153742"
"Bitcoin client","Peer to Peer","3310","1978","1332"
"Westpac.com.au","Web","5136956","798746","4338210"
"Orange.com","Web","6285","3131","3154"
"ElPais.com","Web","510880","37609","473271"
"T-Online.de","Web","26391","1847","24544"
"Marca.com","Web","194020","26345","167675"
"Kooora.com","Web","373454","46076","327378"
"MercadoLibre (aka MercadoLivre)","Web","198406","21602","176804"
"Sapo.mz - Sapo.pt","Web","507491","16187","491304"
"Apple HTTP Live Streaming","Real Time Audio/Video","330599286","5418974","325180312"
"Avito.ru","Web","6220","1895","4325"
"Free","Web","14538","4879","9659"
"24h.com.vn","Web","47128","2003","45125"
"Alrakoba.net","Web","148832","5722","143110"
"Dantri.com.vn","Web","297457","55430","242027"
"Indiatimes","Web","4728904","204180","4524724"
"System Center Configuration Manager","Management","55311","40619","14692"
"Background Intelligent Transfer Service","File Sharing","2973784","116449","2857335"
"Sahibinden.com","Web","398987","112986","286001"
"Walla.co.il","Web","3960250","195275","3764975"
"Conviva","Infrastructure","4453581","2830160","1623421"
"EdgeCast Networks CDN","Infrastructure","33385","1766","31619"
"20minutes","Web","8472","2767","5705"
"AliExpress.com","Web","5518035","347188","5170847"
"Bild.de","Web","2504843","288906","2215937"
"Clarin.com","Web","81294","22303","58991"
"NZHerald.co.nz","Web","2865044","85374","2779670"
"Rt.com","Web","650498","27175","623323"
"UOL.com.br","Web","620768","139921","480847"
"Wp.pl","Web","18452","4540","13912"
"Mako.co.il","Web","1659542","228453","1431089"
"Onet.pl","Web","3789","526","3263"
"Vanguardngr.com","Web","83625","5078","78547"
"VnExpress.net","Web","2050007","489609","1560398"
"Zing.vn","Web","21523","4817","16706"
"Top.channel","Web","5332873","138363","5194510"
"Xl","Web","948888","94884","854004"
"Fox Business Network","Web","684167","92628","591539"
"Gameloft Games","Gaming","96849335","26959355","69889980"
"Aparat","Web","537796","22883","514913"
"Naver","Web","23697","2040","21657"
"Yadro","Web","45824","18621","27203"
"uTorrent","Peer to Peer","3496","1732","1764"
"Candy Crush Saga","Gaming","5714106","2277130","3436976"
"King Digital Entertainment","Gaming","1828739","196943","1631796"
"Huffington Post","Web","2688462","87953","2600509"
"Symantec","Web","14468297","2840151","11628146"
"Plants vs Zombies","Gaming","481667","199677","281990"
"Videoplaza","Web","178943","31653","147290"
"Zendesk","Business Collaboration","91505865","21103115","70402750"
"Wrike","Business Application","1610536","830743","779793"
"Brightcove","Media","222572088","8455666","214116422"
"Plenty Of Fish","Web","10669058","1452631","9216427"
"Beatport","Media","327772","11919","315853"
"Twitch","Media","5548423490","132169116","5416254374"
"BoldChat Live Chat","Internet Instant Messaging","607369","164545","442824"
"OkCupid","Web","30134","21811","8323"
"zalo","Internet Instant Messaging","18503391","1612126","16891265"
"Vmware Horizon View (PCoIP protocol)","Business Application","39071778","12596304","26475474"
"Protothema","Web","1297140","59384","1237756"
"Inquirer","Web","376757","73457","303300"
"Ukr","Web","44535","2213","42322"
"ASANA","Web","2076903","266927","1809976"
"Abs.cbnnews","Web","462174","38569","423605"
"Eksisozluk","Web","199468","15068","184400"
"JAVA-RMI","Network Service","5963","3644","2319"
"Taobao Ad Network and Exchange","Web","53351","11824","41527"
"Cedexis","Web","4196694","978390","3218304"
"Amazon Cloud Drive","Web","47247895","45664786","1583109"
"Alaraby","Web","1753682","62171","1691511"
"Theladbible","Web","1257246","46919","1210327"
"Flipboard","Web","485191","74982","410209"
"Traffic Junky","Web","9018","2016","7002"
"quic","Network Service","15479747","5776023","9703724"
"Sizmek (previously MediaMind)","Web","4513106","511861","4001245"
"Constant Contact","Web","153378165","5300879","148077286"
"Atlassian","Web","13692950","3940758","9752192"
"Web.DE","Web","1772497","352036","1420461"
"Internet.org","Web","93569","47518","46051"
"Kakaocdn","Infrastructure","11906702","294498","11612204"
"My.com","Web","83930","23044","60886"
"Bizographics","Web","16345","2826","13519"
"Gmanetwork","Web","1087590","45945","1041645"
"CBS Video","Web","3615862","189690","3426172"
"LogMeIn","Remote Desktop","49119","2171","46948"
"Fastly","Web","4449326","458624","3990702"
"Disney Channel","Web","3035920","130596","2905324"
"Threema","Web","69532","37265","32267"
"Localytics","Web","2002536","518282","1484254"
"MoPub","Web","474458","100073","374385"
"Microsoft Translator (Bing Translator)","Web","76400","16342","60058"
"Perform","Web","1382985","46566","1336419"
"Periscope","Media","401252895","9601404","391651491"
"Microsoft Planner (Office 365)","Business Application","15851","8645","7206"
"Olark","Web","141189","14311","126878"
"Rovi corporation","Web","43811","2956","40855"
"Zopim","Web","1404997","380669","1024328"
"Mapbox","Web","35872649","2305713","33566936"
"ABS-CBN Entertainment","Web","258538","41314","217224"
"Rollout","Web","423686","150182","273504"
"Microsoft Excel Online (Office 365)","Web","45315011","17063330","28251681"
"Signal","Web","426637","80466","346171"
"LiveChat","Web","1809636","100260","1709376"
"Glympse","Web","6380","1257","5123"
"Riffsy (Tenor.co)","Web","41709597","975531","40734066"
"Ensighten","Web","3575717","408807","3166910"
"Tune","Web","133948","34565","99383"
"Braintree","Web","690633","86599","604034"
"MiaoPai","Web","21447","1582","19865"
"LKQD","Web","1648646","611602","1037044"
"Lookout Mobile Security","Business Application","181195","121607","59588"
"Bleacher Report","Web","13127605","712484","12415121"
"Google Photos (formerly Google Picasa)","Web","302646852","254258239","48388613"
"Baidu Maps","Web","374215","64498","309717"
"Bank of America","Web","3820114","648431","3171683"
"QQVideo","Web","185817863","3220532","182597331"
"ICY (I Can Yell)","Media","1702282","63902","1638380"
"Ethernet/IP","Network Service","28339817","26381402","1958415"
"Bazaarvoice","Web","18405546","1291715","17113831"
"MQ Telemetry Transport","Network Service","4572","2760","1812"
"Clicktale","Web","7132164","4796568","2335596"
"nuomi.com","Web","12245","1643","10602"
"Adk2","Web","68838","5318","63520"
"CDNetworks","Infrastructure","220955","23566","197389"
"Constrained Application Protocol","Network Service","3011","2018","993"
"Highwinds","Web","25730157","459407","25270750"
"Wells Fargo","Web","993232","379974","613258"
"StackExchange","Web","1399290","125578","1273712"
"StackOverflow","Web","1537897","56248","1481649"
"Eskimi","Web","8212","1101","7111"
"Namuwiki","Web","65360","19902","45458"
"Shutterstock","Web","3670157","93042","3577115"
"Heroku","Web","7345078","1139738","6205340"
"Hola","Web","4984","612","4372"
"Clash of Clans","Gaming","18546430","1558362","16988068"
"Supercell","Gaming","17690855","608138","17082717"
"Cheetah Mobile","Web","2739","1654","1085"
"Microsoft Word Online (Office 365)","Business Collaboration","25750951","3919391","21831560"
"Microsoft Powerpoint Online (Office 365)","Business Collaboration","2213643","76736","2136907"
"OPC Unified Architecture","Web","3544","1978","1566"
"Tidal","Media","1579312","151036","1428276"
"StreamRail","Media","724827","65505","659322"
"Vidyard","Web","35874","2061","33813"
"Lightstreamer","Web","149459","69691","79768"
"Nintendo","Gaming","50818","20279","30539"
"ADventori","Web","113105","24170","88935"
"Audible","Real Time Audio/Video","1366847","472385","894462"
"Ming Pao","Web","3165309","75010","3090299"
"Meituan","Web","788500","513684","274816"
"Dianping","Web","3016867","582531","2434336"
"Flashtalking","Web","28558439","1731531","26826908"
"Google Classroom","Web","628756","267511","361245"
"Samsung Update","Web","4653848322","250296796","4403551526"
"Yandex Disk","Web","18453561","500065","17953496"
"Amazon Chime","Business Collaboration","78806464","34159365","44647099"
"AnyDesk","Remote Desktop","6329171","386070","5943101"
"Net Perform","Web","37397","32363","5034"
"Livescore","Web","675297","42361","632936"
"Booking.com","Web","19307583","1606071","17701512"
"Walmart","Web","949171","381270","567901"
"Yandex Music","Real Time Audio/Video","8582673","573813","8008860"
"Avast","Web","12595870","1403451","11192419"
"DocuSign","Web","25750","4651","21099"
"Automatic Data Processing (ADP)","Web","14543786","1000179","13543607"
"Microsoft Power BI (Office 365)","Web","27639","3965","23674"
"Autodesk Fusion 360","Tunneling and VPN","75784","24188","51596"
"Gfycat","Web","2323694","59546","2264148"
"T-Mobile","Web","629917","380587","249330"
"Chunghwa Telecom","Web","100834","21527","79307"
"Kahoot!","Web","17617029","678080","16938949"
"Wall Street Journal","Web","8663747","307504","8356243"
"ChinaNetCenter ","Web","13542","5288","8254"
"Meitu","Web","84598423","3341396","81257027"
"Snow","Internet Instant Messaging","9669","3302","6367"
"Clash Royale","Gaming","9965708","1455305","8510403"
"Origin","Web","1208829","52002","1156827"
"Cabify","Web","5817","1358","4459"
"Instructure","Web","7838100","252802","7585298"
"Mail.com","Email","2642975","661567","1981408"
"United Internet","Web","913436","109529","803907"
"shopee.tw","Web","22829","5965","16864"
"Electronic Arts","Web","8089270","898098","7191172"
"Facebook Lite","Social Networking","8983935","1116043","7867892"
"Kakao","Web","686349","183256","503093"
"Digioh","Web","2889263","135133","2754130"
"Apptimize","Web","385952","126283","259669"
"UC Browser","Web","178446","128983","49463"
"x_vpn","Tunneling and VPN","100545552","14227578","86317974"
"Mediascope","Web","26038","5186","20852"
"Domain Name Service Crypt","Network Service","745605","330977","414628"
"Adtelligent","Web","1240702","380601","860101"
"Akamai Video","Media","593911","156239","437672"
"Appnext","Web","39101","8410","30691"
"Splunk Cloud","Storage and Backup","778332","442084","336248"
"Fox Networks","Web","2519849","82643","2437206"
"Libon","Media","134447","32236","102211"
"Epic_games","Gaming","395582","71955","323627"
"Unreal_engine","Gaming","4523","787","3736"
"IBM","Web","14549","3290","11259"
"Spring Tech VPN","Tunneling and VPN","23560","14861","8699"
"RingCentral","Business Collaboration","483367","52841","430526"
"Google News","Web","5709815","977996","4731819"
"Visual IQ","Web","317051","83705","233346"
"CyberGhost","Tunneling and VPN","23878","4570","19308"
"ExpressVPN","Tunneling and VPN","1164758","307691","857067"
"Redis","Business Application","87147","28593","58554"
"TechRadar","Web","22846","2790","20056"
"Future_plc","Web","2613530","98901","2514629"
"Wish","Web","2525733","397338","2128395"
"Google Play Books","Web","823787","73647","750140"
"ProtonMail","Email","37705","5548","32157"
"Ted Conferences","Web","68565","4167","64398"
"Prezi","Web","611012","98107","512905"
"Litres read,Litres listen","Web","18299","3857","14442"
"WorkspaceOne","Web","69017","28829","40188"
"Opera VPN","Tunneling and VPN","454462","177940","276522"
"Target","Web","124026","3959","120067"
"iBooks","Web","1580954","554692","1026262"
"Fandom","Web","7867985","852702","7015283"
"Tesla","Web","68439","51780","16659"
"Google GSuite","Web","1893517","385870","1507647"
"AnonyTun","Tunneling and VPN","15070","5413","9657"
"Didi","Web","17555","5481","12074"
"OpenSignal","Web","6017","2618","3399"
"Megaphone","Web","1022167430","24341616","997825814"
"UDP Data Transfer protocol","File Sharing","4320688","500454","3820234"
"TripAdvisor","Web","88696259","7209485","81486774"
"DAZN","Real Time Audio/Video","80054","11134","68920"
"PubNub","Web","810252","245957","564295"
"Unknown virtual protocol","Unclassified","48935","9490","39445"
"Unknown virtual protocol","Unclassified","6925847","170127","6755720"
"NetEase","Web","451351","122427","328924"
"Unknown virtual protocol","Unclassified","1718987","362400","1356587"
"Unknown virtual protocol","Unclassified","232124","72206","159918"
"Unknown virtual protocol","Unclassified","826004","47795","778209"
"Unknown virtual protocol","Unclassified","1590259","663372","926887"
"Unknown virtual protocol","Unclassified","827519","53931","773588"
"Google Blog","Web","15510","2005","13505"
"Eurosport","Web","3184","1316","1868"
"Bumble","Web","37965852","2299427","35666425"
"National Public Radio","Web","79051832","1862400","77189432"
"Acast","Real Time Audio/Video","149824570","1833733","147990837"
"Talkatone","Internet Instant Messaging","10741576","4110850","6630726"
"Bigo","Web","4237973","104544","4133429"
"BAMTech","Real Time Audio/Video","21541496","11552240","9989256"
"Disney Plus","Real Time Audio/Video","3843221534","69468691","3773752843"
"Apple TV Plus","Real Time Audio/Video","234053556","4650480","229403076"
"Kuwo","Real Time Audio/Video","1879","1218","661"
"Agora","Network Service","2871","405","2466"
"Moji Weather","Web","12307","1517","10790"
"Toutiao","Web","161437","31652","129785"
"Xigua Video","Real Time Audio/Video","1569292","18776","1550516"
"Airbnb","Web","2614614","379058","2235556"
"MediaLab","Web","76184","53248","22936"
"Netease Games","Gaming","369149","153090","216059"
"Baidu Tieba","Social Networking","55683","17929","37754"
"Wangwang","Internet Instant Messaging","1082591","363411","719180"
"Code42","Web","4298","1485","2813"
"Workday","Business Application","10520151","377512","10142639"
"Shopify","Web","103176430","3891010","99285420"
"StackPath","Web","814845","51889","762956"
"Uber Eats","Web","3741833","662804","3079029"
"DoorDash","Web","7006079","3646903","3359176"
"Fifa","Gaming","338341","140823","197518"
"Roblox","Gaming","482458173","40642786","441815387"
"BridTV","Real Time Audio/Video","4217799","124555","4093244"
"Acronis Cloud","Web","675848","307638","368210"
"Acronis Backup","File Sharing","16537611","503166","16034445"
"Citrix","Web","76918","27587","49331"
"Microsoft Dynamics","Business Application","963899","126842","837057"
"Digital Turbine","Web","174659","84820","89839"
"7digital","Real Time Audio/Video","18505858","461443","18044415"
"Pluto TV","Real Time Audio/Video","656740","56723","600017"
"adRise","Real Time Audio/Video","42865","4885","37980"
"Tubi TV","Real Time Audio/Video","61247977","1403225","59844752"
"iFunny","Web","30745","8898","21847"
"Sift Science","Web","550463","156341","394122"
"ToTok Messenger","Internet Instant Messaging","81337","41136","40201"
"Amazon Alexa Assistant","Business Collaboration","1262036","323329","938707"
"Yubo","Internet Instant Messaging","7860875","606795","7254080"
"Connatix","Real Time Audio/Video","50071131","4055380","46015751"
"Minute Media","Web","3089011","102086","2986925"
"UserReport","Web","472362","75507","396855"
" Revolut","Web","4723830","615036","4108794"
"Coursera","Web","4890043","331469","4558574"
"The Blaze","Web","1770918","47321","1723597"
"WordReference.com","Web","48352","2933","45419"
"European Union","Web","272261","5691","266570"
"Hotels.com","Web","625980","333147","292833"
"Indeed","Web","121619438","35370054","86249384"
"NHL.com","Web","2545376","139401","2405975"
"Official Major League Baseball","Web","231780","16421","215359"
"Priceline.com","Web","1102596","196535","906061"
"Slate Magazine","Web","1182154","69440","1112714"
"The Telegraph","Web","3136263","217991","2918272"
"The Daily Beast","Web","2280681","73885","2206796"
"The Free Dictionary","Web","36969","1845","35124"
"TMZ","Web","2494858","62807","2432051"
"The Walt Disney Company","Web","196491","65985","130506"
"Wired","Web","86074878","2226008","83848870"
"Kickstarter","Web","186335230","4767151","181568079"
"FedEx","Web","161328","86104","75224"
"Kayak","Web","18574952","1257736","17317216"
"Rediff","Web","617043","194310","422733"
"WarnerMedia","Web","19444342","826079","18618263"
"Bilibili","Web","1023540146","26021811","997518335"
"Datadog","Web","608824","504123","104701"
"Unknown virtual protocol","Unclassified","252683","112304","140379"
"RingCentralApp","Business Collaboration","92458499","4592632","87865867"
