"Application","Category","Total Bytes","Bytes Received","Bytes Sent"
"Domain Name Service","Network Service","1867802219","943259954","924542265"
"Google Mail","Email","2301423734","321661275","1979762459"
"Google Search","Web","1874709016","302264659","1572444357"
"HyperText Transfer Protocol","Web","9942756752","1987663158","7955093594"
"HyperText Transfer Protocol Secure","Web","17699850552","1887855405","15811995147"
"Internet Control Message Protocol","Network Service","4633496259","2799854519","1833641740"
"Internet Message Access Protocol version 4","Email","185025395","47103184","137922211"
"Internet Message Access Protocol Secure","Email","14351164","2442870","11908294"
"Internet Protocol","Network Service","0","0","0"
"Internet Security Association and Key Management Protocol","Tunneling and VPN","388836500","187459584","201376916"
"XMPP Protocol (Jabber)","Business Collaboration","30451823","8133037","22318786"
"Network Time Protocol","Network Service","1443701","860112","583589"
"Simple Object Access Protocol","Network Service","359053355","247114790","111938565"
"Secure Shell","Tunneling and VPN","1435363049","55098482","1380264567"
"Secure Socket Layer","Tunneling and VPN","26606390311","4795868967","21810521344"
"Transmission Control Protocol","Other TCP/UDP","3786835316","1262962443","2523872873"
"User Datagram Protocol","Other TCP/UDP","106854222858","12058791386","94795431472"
"Wikipedia.com","Web","19186522","1156214","18030308"
"Yahoo Search","Web","5718278","561184","5157094"
"Yahoo Mail v.2.0","Email","174344214","31804379","142539835"
"Youtube.com","Media","85304232299","4449644304","80854587995"
"Facebook","Social Networking","74474027314","4364758247","70109269067"
"Google Ads","Web","2323665328","443781863","1879883465"
"Windows Live Hotmail","Email","369501439","45838258","323663181"
"LinkedIn","Social Networking","337162015","51079962","286082053"
"Apple Generic Services","Web","10725882871","668300930","10057581941"
"Online Certificate Status Protocol","Business Application","28205576","10917183","17288393"
"Twitter","Social Networking","2245255926","147946483","2097309443"
"Yandex.ru","Web","47310136","27164352","20145784"
"iTunes","Media","1709645591","188794637","1520850954"
"TeamViewer","Remote Desktop","379108728","144547046","234561682"
"Bing.com (formerly MSN Search)","Web","826825130","123037247","703787883"
"Baidu.com","Web","232764849","32719303","200045546"
"Windows Update","Web","12220341993","1359534749","10860807244"
"Google Analytics,Google Marketing Platform","Web","896907884","202314500","694593384"
"Google GStatic","Web","4124810649","340587321","3784223328"
"Google Generic","Web","2437143187","472413555","1964729632"
"Amazon Generic Services","Web","4901655889","1303815083","3597840806"
"WhatsApp Messenger","Internet Instant Messaging","25115379192","7338437571","17776941621"
"Apple App Store","Web","16474822248","677173084","15797649164"
"Windows Marketplace","Web","2843002477","273747398","2569255079"
"Apple Push Notification Service","Web","517005698","350246208","166759490"
"iOS over-the-air (OTA) update","Web","3979501091","227977797","3751523294"
"Samsung Apps","Web","378587505","17853243","360734262"
"Google Play Store","Media","10049779460","1116911991","8932867469"
"iCloud (Apple)","Storage and Backup","10153504779","3248572616","6904932163"
"Instagram","Web","97786208516","6154502941","91631705575"
"Amazon Web Services/Cloudfront CDN","Infrastructure","61698863388","52784191748","8914671640"
"Yahoo.com","Web","928293214","115057320","813235894"
"Google Talk (incl. Hangouts and Allo and Duo)","Real Time Audio/Video","23112858","10799051","12313807"
"CloudFlare CDN","Infrastructure","10115835454","568924051","9546911403"
"Microsoft Office 365","Business Collaboration","1834321544","241551846","1592769698"
"ESPN.go.com","Web","151840777","4520063","147320714"
"Microsoft Outlook (Office 365)","Business Application","1393118776","461730819","931387957"
"Apple SIRI","Web","155071903","119874626","35197277"
"Apple Maps","Web","8017928","1047201","6970727"
"Saavn Bollywood Music","Media","2246550","106853","2139697"
"Olx","Web","2150292","101698","2048594"
"ESPNCricinfo.com","Web","1647759","76461","1571298"
"AliExpress.com","Web","25770745","979708","24791037"
"Google Accounts","Web","532229136","140199500","392029636"
"Amazon Ad System","Web","144378128","34205363","110172765"
"Snapchat","Social Networking","18083753337","1593207906","16490545431"
"ScorecardResearch","Web","30239923","6787364","23452559"
"Quantcast","Web","24527332","2453544","22073788"
"Telegram","Internet Instant Messaging","4509259550","526153021","3983106529"
"Bitstrips","Social Networking","376846618","45697100","331149518"
"Adobe","Business Application","571846700","58983404","512863296"
"Inneractive","Web","188615752","130519836","58095916"
"Samsung","Web","227881700","94211527","133670173"
"Facebook Messenger","Internet Instant Messaging","6914472531","2072542592","4841929939"
"InMobi","Web","79017587","37836488","41181099"
"AppsFlyer","Business Application","273862025","62327851","211534174"
"Google Cloud Storage","Web","5321912640","3044292558","2277620082"
"Google Cloud Messaging","Web","154300153","31714404","122585749"
"Google Calendar","Web","89458159","39505899","49952260"
"Apple Location","Web","5178837628","562689885","4616147743"
"PubMatic","Web","76123163","36404363","39718800"
"Rubicon Project","Web","67700602","23316248","44384354"
"AppNexus","Web","168578920","87401805","81177115"
"HyperText Transfer Protocol version 2","Web","8973423873","1532593816","7440830057"
"Google Tag Manager","Web","458560481","45204746","413355735"
"Adjust.com","Web","23611848","9382384","14229464"
"Apple Music","Media","4441751868","215341408","4226410460"
"Unruly","Web","2418927","809684","1609243"
"Applovin","Web","1075846350","374041241","701805109"
"Android connectivity Manager","Network Service","20616432","10676566","9939866"
"Periscope","Media","136228817","5400426","130828391"
"Heap","Web","27812397","10182765","17629632"
"Taboola","Web","217410381","35202364","182208017"
"Smaato","Web","19111215","9891241","9219974"
"Verizon","Web","38587552","25922781","12664771"
"jQuery","Web","16476131","1228976","15247155"
"Everest Technologies","Web","29992328","4598564","25393764"
"Microsoft","Web","4428166611","1090247523","3337919088"
"New Relic","Web","161877827","113645904","48231923"
"Younow","Web","124991755","71851175","53140580"
"ZoomMeetings","Business Collaboration","2315333594","389117551","1926216043"
"HyperText Transfer Protocol proxy","Network Service","2419168","1512927","906241"
"Firebase Cloud Messaging","Web","1048473925","599688877","448785048"
"DoubleVerify","Web","59781839","10378408","49403431"
"PulsePoint","Web","4776612","1461121","3315491"
"Google Cloud Platform","Web","35581051","10362205","25218846"
"Cisco","Web","27976773","4630489","23346284"
"ByteDance","Web","536531908","251750476","284781432"
"TikTok (Musical.ly)","Social Networking","73556119719","4296403294","69259716425"
"Apple News","Web","282411195","22266279","260144916"
"Vungle","Web","194985284","15205462","179779822"
"Google APIs","Web","6731270749","3012798566","3718472183"
"Amazon Cognito","Web","30619530","10083666","20535864"
"Unknown virtual protocol","Unclassified","7079802","914793","6165009"
"Digicert","Web","26799368","4839876","21959492"
"Datadog","Web","977359","725217","252142"
"Intercom","Web","78326595","33686471","44640124"
"SD-WAN Control","SD-WAN","53808516146","29086122450","24722393696"
"SD-WAN Management","SD-WAN","5705375829","2548637552","3156738277"
"TencentMeeting","Business Collaboration","332452839","71556937","260895902"
"Google Maps","Web","308886636","59383518","249503118"
"McAfee Client update","Business Application","311818789","18465467","293353322"
"QQ","Internet Instant Messaging","7395214","1343730","6051484"
"Remote Desktop Protocol (Windows Terminal Server)","Remote Desktop","138460","89734","48726"
"Real Time Control Protocol","Business Collaboration","29580610","14003229","15577381"
"Real Time Protocol","Business Collaboration","3115455552","497775994","2617679558"
"Session Initiation Protocol","Business Application","1189928","662876","527052"
"Skype and Teams","Business Collaboration","91329030","12610757","78718273"
"Simple Mail Transfer Protocol","Email","1797764","1639815","157949"
"Session Traversal Utilities for NAT","Business Collaboration","28990276","14636382","14353894"
"Secure AIM","Internet Instant Messaging","802648","127207","675441"
"WordPress.com","Social Networking","31048284","1396530","29651754"
"Xbox Live","Gaming","6846907","787398","6059509"
"MocoSpace.com","Web","52473","4780","47693"
"Yelp.com","Web","13123506","1643887","11479619"
"Spotify","Media","1628064250","167223649","1460840601"
"Java Update","Web","4693779","751200","3942579"
"Chrome Update","Web","1918000246","70380812","1847619434"
"Opera Update","Web","5796924","775927","5020997"
"Viber","Real Time Audio/Video","290323685","171401073","118922612"
"Netflix.com","Media","24719656625","1359824690","23359831935"
"Dropbox","Storage and Backup","608835986","34714046","574121940"
"Salesforce","Business Application","11689448","4493755","7195693"
"Portal.TidalTV.com","Web","970576","233266","737310"
"YouKu","Media","431130","392892","38238"
"WebEx","Business Collaboration","19768479","2124669","17643810"
"AccuWeather","Web","9042389","1745965","7296424"
"Kaspersky.com","Web","2595690","1146399","1449291"
"Vimeo","Web","342706614","18344872","324361742"
"Weather.com","Web","42743613","3964221","38779392"
"Sina.com.cn","Internet Instant Messaging","412448","69386","343062"
"Taobao","Web","2770657","1567808","1202849"
"Google App Engine","Business Application","5836020","1079067","4756953"
"Apple FaceTime","Real Time Audio/Video","1458614816","346661659","1111953157"
"Line","Internet Instant Messaging","201186","35264","165922"
"SoundCloud","Media","1211344484","67349411","1143995073"
"Amazon Prime Video","Media","7575634929","389621218","7186013711"
"QQ.com","Web","218514903","11249581","207265322"
"Alibaba.com","Web","8352546","866965","7485581"
"Akamai Technologies CDN","Web","2443569650","79085258","2364484392"
"Microsoft Azure (previously Windows Azure)","Infrastructure","292526605","26195948","266330657"
"Datagram Transport Layer Security","Tunneling and VPN","14871007","4541670","10329337"
"WeChat","Internet Instant Messaging","1548910168","83332071","1465578097"
"MiTalk Messenger (Miliao)","Internet Instant Messaging","768713","135674","633039"
"Rakuten.co.jp","Web","1169742","253261","916481"
"Ctrip.com","Web","3122153","217652","2904501"
"QQ News","Web","857786","204892","652894"
"Tencent.com","Internet Instant Messaging","5861486","1407793","4453693"
"Zoho Corporation","Business Application","103602945","66149547","37453398"
"Nokia Here API","Web","6612551","605395","6007156"
"Microsoft SharePoint Online (Office 365)","Business Application","363013706","209499641","153514065"
"Speedtest","File Sharing","25898773","3696423","22202350"
"Pinterest","Web","257156923","19360780","237796143"
"Reddit.com","Web","873985888","49625225","824360663"
"Google Documents (aka Google Drive)","Storage and Backup","144721165","29135914","115585251"
"WebSocket","Network Service","2507246","313171","2194075"
"Issuu.com","Web","104592","16150","88442"
"Paypal.com","Web","346307113","41758672","304548441"
"Apple HTTP Live Streaming","Real Time Audio/Video","238098317","6831653","231266664"
"Indiatimes","Web","1616362","232746","1383616"
"Kijiji.ca","Web","137986333","8888074","129098259"
"Aol","Web","5514444","985678","4528766"
"AddThis","Web","13271974","1086569","12185405"
"Turn","Web","2960924","674561","2286363"
"King Digital Entertainment","Gaming","11375975","3274891","8101084"
"Waze Social GPS Maps & Traffic","Web","43613083","4246022","39367061"
"Oracle","Web","7169874","2005821","5164053"
"TRUSTe","Web","16910220","1617915","15292305"
"Criteo","Web","181153477","25517120","155636357"
"Google Safe Browsing","Web","58041413","19137091","38904322"
"Flurry","Business Application","43886344","12585653","31300691"
"Crashlytics","Web","146218119","12525599","133692520"
"Gravatar","Business Collaboration","1372032","191457","1180575"
"FreeWheel","Web","2306872","402452","1904420"
"Xiaomi","Web","159573185","7651733","151921452"
"Nielsen","Web","3057741","623503","2434238"
"Stickyads","Web","21728368","5250607","16477761"
"Mixpanel","Web","110685052","96270513","14414539"
"Smart AdServer","Web","26778582","9400883","17377699"
"Cedexis","Web","5639542","1566798","4072744"
"Lazada","Web","2442291","117568","2324723"
"quic","Network Service","3829875","1132202","2697673"
"OpenX","Web","14114513","4599524","9514989"
"Index Exchange (previously Casale Media)","Web","39004893","12774007","26230886"
"LOTAME","Web","5827250","1128491","4698759"
"ADTECH","Web","500556","54683","445873"
"Sizmek (previously MediaMind)","Web","50833855","2059533","48774322"
"Rlcdn","Web","9644571","2114218","7530353"
"Constant Contact","Web","2059646","114905","1944741"
"Facebook Embedded Video","Media","6488463781","456475310","6031988471"
"Bizographics","Web","61477","11214","50263"
"Ad Safe Protected","Web","60692867","10748841","49944026"
"Helpshift","Web","891640","202700","688940"
"Scotiabank","Web","86918066","18876352","68041714"
"Atlas Solutions","Web","276490","71729","204761"
"Urbanairship","Web","2455383","753595","1701788"
"BootstrapCDN","Web","6478684","634300","5844384"
"Outbrain","Web","55280914","9887390","45393524"
"Rogers TV","Web","674263895","24797055","649466840"
"UpLynk","Web","35330109","1482690","33847419"
"NBC","Web","7172343","759413","6412930"
"Localytics","Web","5203919","1130712","4073207"
"MoPub","Web","4176859","2561059","1615800"
"Moat","Web","101580540","28563207","73017333"
"Krux","Web","7084695","1046685","6038010"
"Microsoft Office OneNote (Office 365)","Business Application","1537228","281047","1256181"
"Branch Metrics","Web","101562221","17520384","84041837"
"Optimizely","Web","13647726","2329952","11317774"
"Liveperson","Web","31369591","4454722","26914869"
"Microsoft Excel Online (Office 365)","Web","112123722","41345248","70778474"
"Rackspace","Web","1789931607","231230896","1558700711"
"Signal","Web","1649901","321988","1327913"
"Ensighten","Web","5949035","815230","5133805"
"MediaMath","Web","5312693","1884489","3428204"
"LKQD","Web","3023352","1421526","1601826"
"TubeMogul","Web","909825","101372","808453"
"SpotXchange","Web","5716747","2271659","3445088"
"Microsoft OneDrive","Web","1719870202","289810635","1430059567"
"Umeng","Web","2004325","927710","1076615"
"Revcontent","Web","37290490","1474803","35815687"
"Google Photos (formerly Google Picasa)","Web","427614450","357130490","70483960"
"Baidu Maps","Web","419907","96072","323835"
"Uber (formerly UberCab)","Web","383329469","67430593","315898876"
"QQVideo","Web","3096177","121252","2974925"
"Slack","Web","5595767","1137998","4457769"
"Conversant","Web","3876996","1093092","2783904"
"Teads","Web","13250243","2279287","10970956"
"MQ Telemetry Transport","Network Service","6813695","1043605","5770090"
"Clicktale","Web","7913083","4585701","3327382"
"Adform","Web","6649660","1443409","5206251"
"hotjar","Web","41059213","18401431","22657782"
"Innovid","Web","270173644","16005295","254168349"
"Wix","Web","66659509","5757500","60902009"
"Tinder","Web","196877045","10967070","185909975"
"GIPHY","Web","177246010","6898361","170347649"
"Bidswitch","Web","15714328","5686475","10027853"
"Bugsnag","Web","5442071","2098242","3343829"
"Apple Game Center","Gaming","11986294","1826443","10159851"
"ADventori","Web","154785","27990","126795"
"Tealium","Web","13636580","3478140","10158440"
"Flashtalking","Web","6129941","1141180","4988761"
"Sharethrough","Web","30090958","8880706","21210252"
"AdColony","Web","19022853","6154145","12868708"
"Yieldmo","Web","9538221","1490917","8047304"
"Huawei","Web","20827713","5420391","15407322"
"MGID","Web","7822885","816419","7006466"
"AnyDesk","Remote Desktop","44679174","2169087","42510087"
"Media Innovation Group","Web","2046562","565024","1481538"
"Booking.com","Web","74384330","4404549","69979781"
"Okta","Web","154499405","47451055","107048350"
"eXelate","Web","1528671","397918","1130753"
"Autodesk Fusion 360","Tunneling and VPN","4613840","258584","4355256"
"Sonobi","Web","11940352","4814570","7125782"
"Cloudinary","Web","125952730","8617123","117335607"
"Amplitude","Web","66839274","58983728","7855546"
"Microsoft teams","Internet Instant Messaging","3185345221","438328115","2747017106"
"Apptimize","Web","12519","4280","8239"
"UC Browser","Web","8513254","4859809","3653445"
"Data Saver","Web","18776537","723476","18053061"
"Adtelligent","Web","4489547","1817587","2671960"
"Akamai Video","Media","987704","296277","691427"
"Tenor","Web","28657096","1529133","27127963"
"IronSource","Business Application","238808652","25208858","213599794"
"Disqus","Web","18244951","1672852","16572099"
"Grammarly","Web","100214141","22950120","77264021"
"Simpli.fi","Web","2188762","466674","1722088"
"Visual IQ","Web","261022","71659","189363"
"Alibaba Cloud","Web","9250391","997339","8253052"
"ExpressVPN","Tunneling and VPN","307268","86356","220912"
"Wish","Web","15233573","1846348","13387225"
"Google GSuite","Web","19767565","5386506","14381059"
"Megaphone","Web","4029549720","130136972","3899412748"
"TripAdvisor","Web","4157103","526905","3630198"
"Moodle","Social Networking","174399127","8003766","166395361"
"Unknown virtual protocol","Unclassified","1316253405","92080823","1224172582"
"Unknown virtual protocol","Unclassified","64882747","7017343","57865404"
"Unknown virtual protocol","Unclassified","874648","675754","198894"
"Unknown virtual protocol","Unclassified","235372234","96894559","138477675"
"Unknown virtual protocol","Unclassified","7820998","3829828","3991170"
"Google Pay","Web","16458337","3899419","12558918"
"Google Messages","Internet Instant Messaging","109214046","40244364","68969682"
"Toutiao","Web","84337","20127","64210"
"MediaLab","Web","1512335","1052230","460105"
"Wangwang","Internet Instant Messaging","242543","119732","122811"
"Workday","Business Application","46458428","2434893","44023535"
"StackPath","Web","11972","2997","8975"
"Uber Eats","Web","5036662","1285093","3751569"
"Likee","Internet Instant Messaging","9233468","2862926","6370542"
"Demandbase","Web","338058","19049","319009"
"Spotify Audio","Real Time Audio/Video","1059914946","31843984","1028070962"
"Yubo","Internet Instant Messaging","7127617","713950","6413667"
"Connatix","Real Time Audio/Video","19289319","1968129","17321190"
"UserReport","Web","264984","48970","216014"
"Pendo","Web","68609769","20071460","48538309"
"Go Daddy","Web","27499365","5380379","22118986"
"Contentful","Web","415325995","45109865","370216130"
"Hotels.com","Web","277333","21168","256165"
"Indeed","Web","204182239","75083722","129098517"
"Geforce Now","Gaming","8782340","266062","8516278"
"Font Awesome","Web","18110838","1919569","16191269"
"ShoreTel","Business Collaboration","89046","34612","54434"
"Advance Message Queuing Protocol","Network Service","986","542","444"
"BitTorrent","Peer to Peer","7665397994","843281576","6822116418"
"Connection Oriented Transfer Protocol","Network Service","1828","1384","444"
"Dailymotion.com","Media","18931320","1675538","17255782"
"eBay.com","Web","25429330","4030747","21398583"
"GPRS Tunneling Protocol","Tunneling and VPN","9817361","2203730","7613631"
"Independant Computing Architecture (Citrix)","Remote Desktop","4990","2770","2220"
"IPsec (AH and ESP)","Tunneling and VPN","162789968","41832062","120957906"
"Kerberos","Authentication","7570","4906","2664"
"Lighweight Directory Access Protocol","Authentication","15984","10044","5940"
"Netbios Name Service","Network Service","29328","29328","0"
"Post Office Protocol (Version 3)","Email","21198","3367","17831"
"Secure POP3","Email","58533","5432","53101"
"Port Mapper","Network Service","6299","4178","2121"
"PostgreSQL","Business Application","664","332","332"
"Point-to-Point Tunneling Protocol","Tunneling and VPN","1655","902","753"
"Real Time Streaming Protocol","Media","16170","10085","6085"
"Server Message Block (Windows File Server)","File Sharing","31131","21726","9405"
"Simple Mail Transfer Protocol Secure","Email","13799","10801","2998"
"Simple Network Management Protocol","Management","187995","187995","0"
"SOCKet Secure v4","Tunneling and VPN","24604","16840","7764"
"Tabular Data Stream","Business Application","8039","4680","3359"
"Transparent Network Service (Oracle)","Business Application","388632","215965","172667"
"VMWare","Remote Desktop","84121","1914","82207"
"X Window System","Business Application","12264","7854","4410"
"MPEG-Transport Stream","Real Time Audio/Video","116952070","3774980","113177090"
"Simple Network Paging Protocol","Network Service","11866","5504","6362"
"Gmail Mobile","Email","119847","65832","54015"
"Ask.com","Web","43789","4452","39337"
"Tagged.com","Social Networking","4200983","1667396","2533587"
"Expedia.fr","Web","12854704","3478358","9376346"
"Travelocity.com","Web","46491","7194","39297"
"Realtor.com","Web","54842","10634","44208"
"Flickr","Social Networking","2817699","192239","2625460"
"Hi5.com","Social Networking","5739126","2786390","2952736"
"Rambler.ru","Web","17917","3635","14282"
"Mail.ru Webmail","Email","10369441","1772260","8597181"
"Real Time Messaging Protocol","Network Service","9941473","1437225","8504248"
"Steampowered.com","Gaming","103138037","4693740","98444297"
"Badoo.com","Internet Instant Messaging","11338012","1154962","10183050"
"Foursquare.com","Web","2501479","604202","1897277"
"Last.fm","Media","31416360","798462","30617898"
"Meetup","Web","111340","40649","70691"
"Odnoklassniki.ru","Social Networking","596949","82840","514109"
"ResearchGATE.net","Web","619633","37273","582360"
"Tumblr","Social Networking","7149","1623","5526"
"Vk.com (Vkontakte)","Social Networking","67145298","2762058","64383240"
"Yammer.com","Business Application","43233","3281","39952"
"Adobe Flash Plugin Update","Web","288975","49965","239010"
"Teredo protocol","Tunneling and VPN","10971","10208","763"
"Firefox Update","Web","25203290","675337","24527953"
"Apple Update","Web","42101254","1539881","40561373"
"Archive.org","Web","2482540","116066","2366474"
"icecast","Media","19860573","567212","19293361"
"QQLive Network Player","Media","1231","828","403"
"BitDefender Update","Web","3046092","911184","2134908"
"Symantec Norton AntiVirus Updates","Web","11942254","242878","11699376"
"Panda Update","Web","1043","413","630"
"BBC Player","Media","6178016","293019","5884997"
"Garena","Web","115018","10926","104092"
"Box","File Sharing","26895","3975","22920"
"Google Translate","Web","11500382","2101008","9399374"
"iHeartRADIO","Media","22362","3156","19206"
"Psiphon","Web","317576","41021","276555"
"Tokbox.com","Web","6433","857","5576"
"SiriusXm.com","Media","333797","68367","265430"
"Zoho CRM","Business Application","22157","3984","18173"
"Zoho Chat","Business Collaboration","42147","18143","24004"
"Slingbox","Media","431375","20825","410550"
"Bloomberg.com","Web","2472292","341687","2130605"
"Internet Inter-ORB Protocol","Network Service","3557","2144","1413"
"RSS","Web","253291","26652","226639"
"Adobe Connect","Real Time Audio/Video","728522171","108687955","619834216"
"Netware Core Protocol","Management","6040","3628","2412"
"Acer","Web","227637","59331","168306"
"Adobe Acrobat DC (Document Cloud)","Web","6648948","292997","6355951"
"AmericanExpress","Web","147498","68266","79232"
"ATT.com (AT&T)","Web","22728","5198","17530"
"Blogger","Web","7134040","770271","6363769"
"Capital One","Web","20350235","2900579","17449656"
"CDiscount","Web","6323347","1467462","4855885"
"Cnet.com","Web","573192","55264","517928"
"CNN (Cable News Network)","Web","30642331","2650013","27992318"
"China Network Television","Web","1029634","44804","984830"
"Comcast","Web","3151184","561381","2589803"
"Daily Mail","Web","10649861","537509","10112352"
"Daum.net","Web","53587","11762","41825"
"Fox News","Web","2845201","179843","2665358"
"Groupon","Web","587169","42699","544470"
"IKEA.com","Web","14869055","1777210","13091845"
"Intuit.com","Business Application","9798978","6322351","3476627"
"Mashable.com","Web","632936","13769","619167"
"Monster.com","Web","64314","20430","43884"
"Mozilla.com - Mozilla.org","Web","287422818","30645342","256777476"
"NationalGeographic.com","Web","742418","32400","710018"
"Naver Corporation (formerly NHN Corporation)","Web","51405151","2602983","48802168"
"NBA.com","Web","370229","14853","355376"
"Nike.com","Web","96753158","19002102","77751056"
"NYTimes.com","Web","886672","190561","696111"
"PlayStation.com","Web","9297","2507","6790"
"Redtube","Web","44256","4684","39572"
"Reuters.com","Web","4163911","147763","4016148"
"SFR.fr","Web","2156987","157021","1999966"
"SlideShare","Web","607996","42334","565662"
"SurveyMonkey.com","Web","119573","38292","81281"
"WashingtonPost.com","Web","1787947","80063","1707884"
"Xbox","Gaming","39182","8281","30901"
"XNXX","Web","45980","13814","32166"
"Xvideos.com","Media","23147","6296","16851"
"Youdao.com","Web","67909","30991","36918"
"Youporn","Web","54589","3377","51212"
"Sophos update","Business Application","32235","11150","21085"
"QQ WeiBo","Web","453966","33281","420685"
"Scribd.com","Web","43225756","1266021","41959735"
"Shazam","Web","2144645","300893","1843752"
"TuneIn","Real Time Audio/Video","214125","25827","188298"
"VEVO","Media","316881","11990","304891"
"163.com","Web","137276","23988","113288"
"Sohu.com","Web","24367410","3773046","20594364"
"Ifeng.com","Web","44089","23898","20191"
"Chinaz.com","Web","4754","967","3787"
"Alipay","Web","202838","106588","96250"
"Sogou.com","Web","82625","44313","38312"
"360.cn","Web","17658","6683","10975"
"Xinhuanet.com","Web","1350218","48004","1302214"
"People.com.cn","Web","471156","25351","445805"
"51.la","Web","29668","3605","26063"
"Limelight Networks CDN","Web","1720764345","72526618","1648237727"
"ISO Base Media File Format","Real Time Audio/Video","93198295","5253251","87945044"
"KIK Messenger","Internet Instant Messaging","25955725","8532359","17423366"
"MEGA","Peer to Peer","9574","5350","4224"
"QQ Games","Gaming","655167","488937","166230"
"Pornhub","Web","211539","73358","138181"
"MeetMe.com","Social Networking","20868578","709985","20158593"
"BuzzFeed.com","Web","255797","146309","109488"
"Internet Movie Database","Web","5917767","338425","5579342"
"Imgur.com","Storage and Backup","6165150","280500","5884650"
"ThePirateBay.se","Web","114948","8271","106677"
"Evernote","Web","2315984","545945","1770039"
"JingDong","Web","279416","10716","268700"
"Bet365.com","Web","248773","52739","196034"
"LastPass.com","Web","40132","13796","26336"
"touch","Internet Instant Messaging","1185","375","810"
"Bitcoin client","Peer to Peer","986","542","444"
"Pole-emploi.fr","Web","158185","30926","127259"
"BBC","Web","12873215","1310695","11562520"
"Softonic.com","Web","304114","28165","275949"
"ElPais.com","Web","786520","45777","740743"
"T-Online.de","Web","1289550","123240","1166310"
"Marca.com","Web","177846","48985","128861"
"Kooora.com","Web","1278453","882870","395583"
"Index.hr","Web","70791","3752","67039"
"ING Bank","Web","25881","6912","18969"
"Internet Small Computer Systems Interface","Network Service","2752","1508","1244"
"System Center Configuration Manager","Management","26867","19115","7752"
"Background Intelligent Transfer Service","File Sharing","77585982","11676184","65909798"
"Hotspot Shield","Tunneling and VPN","104928","83988","20940"
"Conviva","Infrastructure","1211382","742833","468549"
"EdgeCast Networks CDN","Infrastructure","22449","3105","19344"
"Abola.pt","Web","4512783","201184","4311599"
"UOL.com.br","Web","395084","32407","362677"
"Wp.pl","Web","234304","78799","155505"
"Flipkart.com","Web","5676","3128","2548"
"lexpress.mu","Web","193597","11549","182048"
"VnExpress.net","Web","86576","4832","81744"
"Perfect Dark","Peer to Peer","2415055","276636","2138419"
"Jamaicaobserver","Web","963580","190892","772688"
"Fnb","Web","35739","5003","30736"
"Xl","Web","822162","103113","719049"
"Gameloft Games","Gaming","6403585","830976","5572609"
"Aparat","Web","267540492","5737895","261802597"
"Yadro","Web","45614","17857","27757"
"Candy Crush Saga","Gaming","3560263","1129501","2430762"
"Symantec","Web","417345261","14101009","403244252"
"OpenStreetMap","Infrastructure","41510891","1919819","39591072"
"Videoplaza","Web","52286","11900","40386"
"Zendesk","Business Collaboration","14057873","1003103","13054770"
"Wrike","Business Application","20560","3612","16948"
"Brightcove","Media","105565129","9237423","96327706"
"Plenty Of Fish","Web","32939582","19234415","13705167"
"Twitch","Media","9229715","551181","8678534"
"BoldChat Live Chat","Internet Instant Messaging","1514531","346228","1168303"
"OkCupid","Web","122089","30809","91280"
"Apsalar","Business Application","63660","23222","40438"
"Turner","Web","438285","28711","409574"
"zalo","Internet Instant Messaging","19166","4925","14241"
"battlenet","Gaming","2669999","627638","2042361"
"Jamaica Gleaner","Web","3334346","214265","3120081"
"Ukr","Web","123659","12351","111308"
"ASANA","Web","3837910","632759","3205151"
"JAVA-RMI","Network Service","6523","3988","2535"
"Taobao Ad Network and Exchange","Web","4179","3100","1079"
"Amazon Cloud Drive","Web","7407","1714","5693"
"Gettyimages","Web","315582","27675","287907"
"Theladbible","Web","311740","23721","288019"
"Flipboard","Web","1069945","101077","968868"
"Traffic Junky","Web","5006","1447","3559"
"CPMSTAR","Web","131096","21634","109462"
"AOL One","Web","3838928","213190","3625738"
"Foxsports Australia","Web","113647","10449","103198"
"Realestate","Web","177105","30777","146328"
"GitHub","Web","58906280","1733675","57172605"
"Bitbucket","Web","57706","16844","40862"
"Atlassian","Web","644591","322411","322180"
"Internet.org","Web","193043","50859","142184"
"Advertising.com","Web","1756873","479743","1277130"
"SourceForge","Web","534856","31715","503141"
"My.com","Web","151057","49118","101939"
"Aptoide","Web","106723","22522","84201"
"Ebay.classifieds","Web","952102","33764","918338"
"Gmanetwork","Web","1399035","201306","1197729"
"HideMyAss","Anonymizers and Proxies","7907","3990","3917"
"CBS Video","Web","3760920","209973","3550947"
"Microsoft SpyNet (aka Microsoft Active Protection Service)","Web","11660","6959","4701"
"LogMeIn","Remote Desktop","142766","6536","136230"
"Fastly","Web","1874804","130975","1743829"
"Disney Channel","Web","1643891","58915","1584976"
"Threema","Web","25657","3736","21921"
"Microsoft Translator (Bing Translator)","Web","500416","16742","483674"
"ZenMate","Tunneling and VPN","9497","1938","7559"
"Perform","Web","1068222","55798","1012424"
"Olark","Web","1099545","44433","1055112"
"Zopim","Web","2079246","435998","1643248"
"Mapbox","Web","23963254","1444589","22518665"
"ABS-CBN Entertainment","Web","388692","26887","361805"
"Rollout","Web","57281","17539","39742"
"LiveChat","Web","2869144","271694","2597450"
"Glympse","Web","13108","2617","10491"
"Riffsy (Tenor.co)","Web","6364275","856508","5507767"
"Tune","Web","213561","55135","158426"
"Braintree","Web","1088475","280814","807661"
"QINIU","Web","3529701","407554","3122147"
"Lookout Mobile Security","Business Application","151205","56520","94685"
"Hola Web Proxy","Web","151478","57308","94170"
"funCaptcha","Web","32070","7695","24375"
"MobFox","Web","65312","13230","52082"
"Yandex Maps","Web","4949375","324663","4624712"
"Liftoff","Web","3210049","1245902","1964147"
"Bazaarvoice","Web","10787566","1661102","9126464"
"Adk2","Web","21806","3425","18381"
"Pokemon GO","Gaming","7454779","1401136","6053643"
"CDNetworks","Infrastructure","112928","4710","108218"
"Weborama","Web","384865","80259","304606"
"Constrained Application Protocol","Network Service","3439","2200","1239"
"Highwinds","Web","5920179","260180","5659999"
"StackExchange","Web","409387","17295","392092"
"StackOverflow","Web","400256","30586","369670"
"Qatarairways","Web","13127438","1160805","11966633"
"Heroku","Web","3504173","309772","3194401"
"IMO Video Calling Application","Media","117770527","54565295","63205232"
"Clash of Clans","Gaming","1009943","141766","868177"
"Supercell","Gaming","141597","41984","99613"
"Amazon Music","Media","2055183","418645","1636538"
"Cheetah Mobile","Web","11415","2279","9136"
"Microsoft Word Online (Office 365)","Business Collaboration","28383753","3333362","25050391"
"Microsoft Powerpoint Online (Office 365)","Business Collaboration","253489371","88614849","164874522"
"OPC Unified Architecture","Web","986","542","444"
"Signal Private Messenger (Open Whisper Systems)","Internet Instant Messaging","10841714","452846","10388868"
"StreamRail","Media","297555","27176","270379"
"Vidyard","Web","31731","2236","29495"
"Nintendo","Gaming","3478708","870104","2608604"
"Daraz","Web","32781","18238","14543"
"OpenRTB","Web","3196904","2758494","438410"
"Audible","Real Time Audio/Video","54296","30027","24269"
"Google Classroom","Web","16146796","1446346","14700450"
"Samsung Update","Web","6328736803","199170479","6129566324"
"Mail.Ru Love","Web","247498","121639","125859"
"ULP","Network Service","2360295","150507","2209788"
"Livescore","Web","14748","4393","10355"
"MaxCDN","Web","7838","1340","6498"
"Zhihu","Web","9724405","4531155","5193250"
"Walmart","Web","975198","826832","148366"
"Yandex Music","Real Time Audio/Video","15331","3435","11896"
"Avast","Web","35467777","8465288","27002489"
"DocuSign","Web","7469890","367477","7102413"
"Automatic Data Processing (ADP)","Web","62075754","3856939","58218815"
"WeTransfer","Web","2025186","63193","1961993"
"Microsoft Power BI (Office 365)","Web","30175","2918","27257"
"Optus","Web","3633054","176590","3456464"
"Google Secure User Plane Location","Web","1246624","198170","1048454"
"Gfycat","Web","17648","4434","13214"
"T-Mobile","Web","31939","8175","23764"
"Citrix Cloud","Web","372837","115103","257734"
"Kahoot!","Web","1653900","70093","1583807"
"Sportradar","Web","72256","3242","69014"
"Pornhub NETWORK","Web","28335","8638","19697"
"Wall Street Journal","Web","3120956","165093","2955863"
"Niantic, Inc","Web","200611","31375","169236"
"Meitu","Web","6178128","724868","5453260"
"Clash Royale","Gaming","17719","3352","14367"
"Origin","Web","379175","126359","252816"
"Canvas Student","Web","11371291","366179","11005112"
"Instructure","Web","1312646","190091","1122555"
"shopee.tw","Web","288982","69413","219569"
"Electronic Arts","Web","797083","188863","608220"
"Facebook Lite","Social Networking","17415","5255","12160"
"Kakao","Web","13394","3195","10199"
"Digioh","Web","1448849","64657","1384192"
"x_vpn","Tunneling and VPN","93793","12349","81444"
"Mediascope","Web","133959","20499","113460"
"Domain Name Service Crypt","Network Service","819690","282732","536958"
"Opera turbo","Network Service","1526010","152687","1373323"
"Youtube Music","Media","3017939","423914","2594025"
"Appnext","Web","445737","72264","373473"
"Splunk Cloud","Storage and Backup","447762","298465","149297"
"Fox Networks","Web","41433","5176","36257"
"Text Me","Internet Instant Messaging","126743579","64574392","62169187"
"AnchorFree","Tunneling and VPN","23200","2221","20979"
"textPlus","Internet Instant Messaging","328611","117491","211120"
"Epic_games","Gaming","6118574","813305","5305269"
"Unreal_engine","Gaming","26305125","12547978","13757147"
"Line2","Internet Instant Messaging","13130","2782","10348"
"Vonage Mobile","Media","23713","8483","15230"
"IBM","Web","759261","20828","738433"
"RingCentral","Business Collaboration","1301171","294446","1006725"
"Google News","Web","3867224","857812","3009412"
"PlayerUnknown's BattleGrounds","Gaming","13226257","1021458","12204799"
"Alibaba Group","Web","403692","71964","331728"
"League of Legends","Gaming","4281145","2677606","1603539"
"Discord","Internet Instant Messaging","564258236","50445324","513812912"
"CarbonBlack website","Web","4816787","4000245","816542"
"Discourse","Web","1671295","76206","1595089"
"Mobile Legends","Gaming","1559246","73085","1486161"
"TechRadar","Web","739742","31839","707903"
"Future_plc","Web","7015280","401500","6613780"
"Google Play Books","Web","35286","2262","33024"
"DICOM","Network Service","675","348","327"
"ProtonMail","Email","81247","11699","69548"
"MAkeMyTrip","Web","1181333","196503","984830"
"Singapore Government","Web","2169200","61145","2108055"
"HBO","Web","2134822","85098","2049724"
"WorkspaceOne","Web","10040","3612","6428"
"Opera VPN","Tunneling and VPN","172780","54581","118199"
"Fandom","Web","2489707","203491","2286216"
"Tesla","Web","139865","38954","100911"
"AnonyTun","Tunneling and VPN","170574","38907","131667"
"W3Schools","Web","891022","38933","852089"
"Codepen","Web","21772","4658","17114"
"Yandex Taxi","Web","5942","1201","4741"
"OpenSignal","Web","71945","32215","39730"
"PubNub","Web","429616","147405","282211"
"Gaana","Real Time Audio/Video","640040","194078","445962"
"Unknown virtual protocol","Unclassified","78139","14086","64053"
"Unknown virtual protocol","Unclassified","1769222","204727","1564495"
"Unknown virtual protocol","Unclassified","62197","21360","40837"
"NetEase","Web","86815","25013","61802"
"Unknown virtual protocol","Unclassified","92517","18751","73766"
"Unknown virtual protocol","Unclassified","123808798","5102785","118706013"
"Unknown virtual protocol","Unclassified","3317218","2139199","1178019"
"Unknown virtual protocol","Unclassified","98265785","2980797","95284988"
"Google Blog","Web","12317","1917","10400"
"Discovery Inc","Real Time Audio/Video","45140","18974","26166"
"Bumble","Web","34468666","3000875","31467791"
"National Public Radio","Web","2887","1012","1875"
"Acast","Real Time Audio/Video","26843879","595191","26248688"
"Talkatone","Internet Instant Messaging","5498663","2170440","3328223"
"Raknet","Gaming","3897297","1685323","2211974"
"Wireguard","Tunneling and VPN","5100263341","416113182","4684150159"
"Firework","Internet Instant Messaging","414222","93142","321080"
"JWPLAYER","Web","54782168","3286132","51496036"
"Bigo","Web","213400011","7915837","205484174"
"BAMTech","Real Time Audio/Video","4133703","2996367","1137336"
"Disney Plus","Real Time Audio/Video","1380684614","43489847","1337194767"
"Apple TV Plus","Real Time Audio/Video","6345","697","5648"
"Engage Digital","Network Service","275343","17205","258138"
"Agora","Network Service","263901","33514","230387"
"Moji Weather","Web","2535","1183","1352"
"Quora","Social Networking","8389719","611864","7777855"
"Tuchong","Web","332268","303319","28949"
"Airbnb","Web","82982572","4784173","78198399"
"Zhenai","Web","1878","914","964"
"Baidu Tieba","Social Networking","195568","76845","118723"
"Shopify","Web","145205559","12195514","133010045"
"Service Now","Web","5118151","1196055","3922096"
"LocationIQ","Web","4842","981","3861"
"DoorDash","Web","25872052","2913123","22958929"
"Fifa","Gaming","19533472","1235768","18297704"
"Houseparty","Real Time Audio/Video","137499","25308","112191"
"Roblox","Gaming","9158836","1871569","7287267"
"YY","Real Time Audio/Video","54217","24696","29521"
"Citrix","Web","82611","23170","59441"
"Pluto TV","Real Time Audio/Video","1011034","71910","939124"
"adRise","Real Time Audio/Video","12581","4182","8399"
"Tubi TV","Real Time Audio/Video","21926","6152","15774"
"KOCHAVA","Web","1872842","517537","1355305"
"Sift Science","Web","1095691","366260","729431"
"Amazon Alexa Assistant","Business Collaboration","2353355","680021","1673334"
"Hearthstone","Gaming","1876986","197726","1679260"
"Zerotier","Tunneling and VPN","10999207","5236859","5762348"
"Minute Media","Web","2318049","87585","2230464"
" Revolut","Web","37170","6174","30996"
"Jitsi","Real Time Audio/Video","2524838125","755565048","1769273077"
"The Blaze","Web","1407821","37135","1370686"
"NHL.com","Web","72680407","2678419","70001988"
"Priceline.com","Web","43465840","7630910","35834930"
"Rotten Tomattoes","Web","80219","12640","67579"
"BambooHR","Web","13370330","468189","12902141"
"The Daily Beast","Web","125111","5590","119521"
"TIME","Web","37237","2423","34814"
"Nvidia","Web","76236","6061","70175"
"Call of Duty Mobile","Gaming","384656","229192","155464"
"The Walt Disney Company","Web","430435","60262","370173"
"Wired","Web","21293241","499678","20793563"
"Kickstarter","Web","18185154","568280","17616874"
"Indiegogo","Web","10474","1438","9036"
"FedEx","Web","88134","47313","40821"
"Kayak","Web","3461212","126197","3335015"
"Eventbrite","Web","3661512","140739","3520773"
"World Of Tanks Blitz","Gaming","157439","72279","85160"
"WarnerMedia","Web","6282007","504851","5777156"
"Bilibili","Web","12809314","708910","12100404"
"Wargaming","Web","126116","64509","61607"
"Unknown virtual protocol","Unclassified","43668","2412","41256"
"Unknown virtual protocol","Unclassified","104983","39542","65441"
"RingCentralApp","Business Collaboration","301294","116383","184911"
"ZoomCRC","Business Collaboration","876","432","444"
