"Application","Category","Total Bytes","Bytes Received","Bytes Sent"
"Domain Name Service","Network Service","1190001344","614862653","575138691"
"Google Mail","Email","1684016191","179255135","1504761056"
"Google Search","Web","773678818","132267353","641411465"
"HyperText Transfer Protocol","Web","4718174372","676009649","4042164723"
"HyperText Transfer Protocol Secure","Web","13445604124","1506262575","11939341549"
"Internet Control Message Protocol","Network Service","4542343010","2731269186","1811073824"
"Internet Message Access Protocol version 4","Email","115197057","42102595","73094462"
"Internet Message Access Protocol Secure","Email","18347872","2816901","15530971"
"Internet Protocol","Network Service","0","0","0"
"Internet Security Association and Key Management Protocol","Tunneling and VPN","800647214","281156710","519490504"
"Network Time Protocol","Network Service","629976","330196","299780"
"Simple Object Access Protocol","Network Service","1520227300","701262549","818964751"
"Secure Socket Layer","Tunneling and VPN","35967294762","3386396690","32580898072"
"Session Traversal Utilities for NAT","Business Collaboration","14220204","9165934","5054270"
"Transmission Control Protocol","Other TCP/UDP","1462013719","575037030","886976689"
"User Datagram Protocol","Other TCP/UDP","132452056399","13610391078","118841665321"
"Youtube.com","Media","27652180746","2075097912","25577082834"
"Facebook","Social Networking","48764796221","1813483941","46951312280"
"Google Ads","Web","1105335479","153324436","952011043"
"LinkedIn","Social Networking","1044850054","117133389","927716665"
"Apple Generic Services","Web","15997460631","590354050","15407106581"
"Online Certificate Status Protocol","Business Application","28514125","10892306","17621819"
"iTunes","Media","1340774443","138039220","1202735223"
"TeamViewer","Remote Desktop","274159150","166189447","107969703"
"Bing.com (formerly MSN Search)","Web","257421003","26153352","231267651"
"Windows Update","Web","7629032693","712549583","6916483110"
"Chrome Update","Web","842100569","30026031","812074538"
"Trendmicro Update protocol","Web","7571390","3820680","3750710"
"Google Analytics,Google Marketing Platform","Web","331354021","72645208","258708813"
"Google GStatic","Web","2227749244","119308580","2108440664"
"Google Generic","Web","1389196556","344713754","1044482802"
"AccuWeather","Web","3658892","584174","3074718"
"Amazon Generic Services","Web","2958901683","1106257431","1852644252"
"Monster.com","Web","1042675","40181","1002494"
"Mozilla.com - Mozilla.org","Web","4319530","910002","3409528"
"WhatsApp Messenger","Internet Instant Messaging","23556078404","10010416817","13545661587"
"Apple App Store","Web","14256979641","421868306","13835111335"
"Windows Marketplace","Web","787818371","83273932","704544439"
"Apple Push Notification Service","Web","341819765","234369709","107450056"
"iOS over-the-air (OTA) update","Web","4714805137","74494352","4640310785"
"Google Play Store","Media","3250129863","495278204","2754851659"
"iCloud (Apple)","Storage and Backup","8280917881","2417879597","5863038284"
"Instagram","Web","98155503618","4434432140","93721071478"
"Amazon Web Services/Cloudfront CDN","Infrastructure","25516890298","21446177794","4070712504"
"Akamai Technologies CDN","Web","682838416","24431852","658406564"
"WeChat","Internet Instant Messaging","372518242","26578750","345939492"
"CloudFlare CDN","Infrastructure","16215522029","292585126","15922936903"
"Microsoft Office 365","Business Collaboration","487556876","54077638","433479238"
"Zoho Corporation","Business Application","16658438","7540474","9117964"
"Pinterest","Web","104265430","9157639","95107791"
"Microsoft Outlook (Office 365)","Business Application","486127032","150701909","335425123"
"Apple SIRI","Web","70666827","41101128","29565699"
"Evernote","Web","14277646","8916866","5360780"
"Google Accounts","Web","341654069","69707578","271946491"
"Snapchat","Social Networking","7726210958","373145393","7353065565"
"Criteo","Web","97440328","9310144","88130184"
"Adobe","Business Application","486171561","37342555","448829006"
"Samsung","Web","99316078","32926144","66389934"
"Facebook Messenger","Internet Instant Messaging","4967792752","2191289381","2776503371"
"AppsFlyer","Business Application","37360899","12387795","24973104"
"Google Cloud Messaging","Web","109190746","24097574","85093172"
"Google Calendar","Web","19477130","5638996","13838134"
"Apple Location","Web","2741534189","214769394","2526764795"
"HyperText Transfer Protocol version 2","Web","3299568525","272684468","3026884057"
"Google Tag Manager","Web","190298627","13943504","176355123"
"Android connectivity Manager","Network Service","8061253","4135849","3925404"
"Heap","Web","108251399","60878056","47373343"
"Branch Metrics","Web","80871310","17160034","63711276"
"Microsoft","Web","2137986096","501205888","1636780208"
"New Relic","Web","77037282","50848166","26189116"
"Uber (formerly UberCab)","Web","2028128084","1115378644","912749440"
"HyperText Transfer Protocol proxy","Network Service","3517253","1099001","2418252"
"Firebase Cloud Messaging","Web","861832377","633209624","228622753"
"Huawei","Web","71806830","6687501","65119329"
"Amplitude","Web","745269387","717216427","28052960"
"Cisco","Web","3315391","1049860","2265531"
"Disqus","Web","31339833","1848479","29491354"
"TikTok (Musical.ly)","Social Networking","53849321882","3437388215","50411933667"
"Google APIs","Web","6792934952","3635475475","3157459477"
"Amazon Cognito","Web","21545237","6711615","14833622"
"Google Pay","Web","9935050","2290532","7644518"
"Go Daddy","Web","495158","134631","360527"
"Digicert","Web","43553314","15500136","28053178"
"Font Awesome","Web","9614643","821453","8793190"
"Intercom","Web","104694340","42549329","62145011"
"SD-WAN Control","SD-WAN","39034274657","20752263109","18282011548"
"SD-WAN Management","SD-WAN","4091306597","1712194777","2379111820"
"TencentMeeting","Business Collaboration","174222438","28635811","145586627"
"Dailymotion.com","Media","46085997","753591","45332406"
"Google Maps","Web","145191630","23803014","121388616"
"XMPP Protocol (Jabber)","Business Collaboration","2197647","698905","1498742"
"Lighweight Directory Access Protocol","Authentication","15737","9920","5817"
"Remote Desktop Protocol (Windows Terminal Server)","Remote Desktop","363647","207466","156181"
"Real Time Protocol","Business Collaboration","1594168641","638394804","955773837"
"Session Initiation Protocol","Business Application","91168","53907","37261"
"Skype and Teams","Business Collaboration","194775847","92950623","101825224"
"Server Message Block (Windows File Server)","File Sharing","33802","23834","9968"
"Tabular Data Stream","Business Application","6598","3964","2634"
"X Window System","Business Application","11963","7664","4299"
"Yahoo Search","Web","870772","104918","765854"
"Yahoo Mail v.2.0","Email","56552781","10480891","46071890"
"Windows Live Hotmail","Email","77242260","17940325","59301935"
"Flickr","Social Networking","12613382","274605","12338777"
"Foursquare.com","Web","1035816","205698","830118"
"Goodreads.com","Web","306683","44955","261728"
"Odnoklassniki.ru","Social Networking","146961","12910","134051"
"Twitter","Social Networking","1726190009","69578725","1656611284"
"Yelp.com","Web","17556458","842172","16714286"
"Spotify","Media","2641549280","233023442","2408525838"
"Baidu.com","Web","113697811","11129483","102568328"
"Java Update","Web","4341275","512238","3829037"
"Opera Update","Web","543140","201972","341168"
"Viber","Real Time Audio/Video","504761293","211461780","293299513"
"Netflix.com","Media","40435348015","992019850","39443328165"
"Dropbox","Storage and Backup","21143364","16993170","4150194"
"Salesforce","Business Application","4868121","1278276","3589845"
"Portal.TidalTV.com","Web","439895","109653","330242"
"WebEx","Business Collaboration","64641373","6987858","57653515"
"Netware Core Protocol","Management","6171","3648","2523"
"Kaspersky.com","Web","1809019","1082946","726073"
"Weather.com","Web","23563640","1643688","21919952"
"Google App Engine","Business Application","11834969","293277","11541692"
"Apple FaceTime","Real Time Audio/Video","7042547053","3565533678","3477013375"
"Samsung Apps","Web","126518055","6432317","120085738"
"KakaoTalk","Internet Instant Messaging","708656","143562","565094"
"Amazon Prime Video","Media","8811415013","363909215","8447505798"
"QQ.com","Web","29570273","1711788","27858485"
"Microsoft Azure (previously Windows Azure)","Infrastructure","479485420","8222890","471262530"
"Yahoo.com","Web","309926387","32119009","277807378"
"Google Talk (incl. Hangouts and Allo and Duo)","Real Time Audio/Video","75182551","40580875","34601676"
"Reddit.com","Web","1407514198","31845172","1375669026"
"Internet Movie Database","Web","2672229","254076","2418153"
"Apple Maps","Web","2554017","65340","2488677"
"WebSocket","Network Service","14917","9193","5724"
"Kijiji.ca","Web","53048446","3322783","49725663"
"Amazon Ad System","Web","109002400","30525363","78477037"
"Gameloft Games","Gaming","95144","27687","67457"
"AddThis","Web","7295768","451632","6844136"
"Turn","Web","1267208","342997","924211"
"ScorecardResearch","Web","14223646","4595033","9628613"
"Quantcast","Web","5278197","974016","4304181"
"Telegram","Internet Instant Messaging","1428336503","47817197","1380519306"
"Candy Crush Saga","Gaming","7069871","2707298","4362573"
"King Digital Entertainment","Gaming","1480624","610702","869922"
"Oracle","Web","2479836","706113","1773723"
"Bitstrips","Social Networking","72976214","3734844","69241370"
"TRUSTe","Web","5728495","476722","5251773"
"Google Safe Browsing","Web","61540164","22699265","38840899"
"Inneractive","Web","43580950","20712588","22868362"
"Crashlytics","Web","23717860","3455751","20262109"
"Brightcove","Media","125836281","2683330","123152951"
"BoldChat Live Chat","Internet Instant Messaging","2142440","926308","1216132"
"InMobi","Web","26607948","12146149","14461799"
"Xiaomi","Web","2384814","658364","1726450"
"Nielsen","Web","2396023","471688","1924335"
"Stickyads","Web","7758063","2339808","5418255"
"JAVA-RMI","Network Service","5706","3498","2208"
"Mixpanel","Web","12411843","8594046","3817797"
"Smart AdServer","Web","17123685","6573482","10550203"
"Cedexis","Web","3204810","905812","2298998"
"Google Cloud Storage","Web","7506811410","6562779010","944032400"
"OpenX","Web","4359244","1651356","2707888"
"PubMatic","Web","35203269","17777339","17425930"
"Index Exchange (previously Casale Media)","Web","13279140","5541354","7737786"
"LOTAME","Web","5667317","718793","4948524"
"Rubicon Project","Web","55004855","24826492","30178363"
"Sizmek (previously MediaMind)","Web","70811425","1334204","69477221"
"AppNexus","Web","84205350","46257956","37947394"
"Rlcdn","Web","4644206","856804","3787402"
"Facebook Embedded Video","Media","3349307099","254736893","3094570206"
"Ad Safe Protected","Web","52259467","7949233","44310234"
"Adjust.com","Web","19135705","7861126","11274579"
"Scotiabank","Web","43555801","13562634","29993167"
"Urbanairship","Web","3029399","873099","2156300"
"BootstrapCDN","Web","3302853","280599","3022254"
"Apple Music","Media","810140588","13882043","796258545"
"Outbrain","Web","25352004","3998335","21353669"
"Unruly","Web","1159245","524492","634753"
"Rogers TV","Web","33684932","1949872","31735060"
"Localytics","Web","4360579","1017815","3342764"
"Applovin","Web","544904575","113886628","431017947"
"Moat","Web","74736434","21321990","53414444"
"Krux","Web","5318990","799051","4519939"
"Microsoft Office OneNote (Office 365)","Business Application","95997674","2948373","93049301"
"Optimizely","Web","11826781","2350731","9476050"
"Taboola","Web","124328711","10105779","114222932"
"Mapbox","Web","5176355","384372","4791983"
"Rackspace","Web","1703621313","143715878","1559905435"
"Smaato","Web","5291341","2436316","2855025"
"MediaMath","Web","2682715","1022444","1660271"
"jQuery","Web","7080815","426905","6653910"
"Everest Technologies","Web","7329656","2475785","4853871"
"TubeMogul","Web","161270","36848","124422"
"SpotXchange","Web","1303738","503692","800046"
"Microsoft OneDrive","Web","603758375","124831313","478927062"
"Google Photos (formerly Google Picasa)","Web","178703950","159950211","18753739"
"Baidu Maps","Web","129776","20967","108809"
"Conversant","Web","3382226","866535","2515691"
"Bazaarvoice","Web","11324564","1004724","10319840"
"Teads","Web","21505709","4957967","16547742"
"Clicktale","Web","5772262","3842389","1929873"
"Adform","Web","4087507","864989","3222518"
"hotjar","Web","21105342","6493546","14611796"
"ZoomMeetings","Business Collaboration","1365718068","128000792","1237717276"
"Pokemon GO","Gaming","42204612","2338446","39866166"
"CDNetworks","Infrastructure","1493569","24240","1469329"
"GIPHY","Web","254658344","4406943","250251401"
"Heroku","Web","13244667","406908","12837759"
"Bidswitch","Web","8058697","3282671","4776026"
"Bugsnag","Web","6258344","4258347","1999997"
"Apple Game Center","Gaming","36743046","10812673","25930373"
"Tealium","Web","10449252","4692542","5756710"
"Audible","Real Time Audio/Video","870185","348317","521868"
"HK Observatory","Web","142189","32977","109212"
"Sharethrough","Web","15936286","7149975","8786311"
"AdColony","Web","28037809","8232347","19805462"
"DoubleVerify","Web","43919231","8612936","35306295"
"Media Innovation Group","Web","726037","211215","514822"
"Avast","Web","1045564","339944","705620"
"Okta","Web","83995137","12550439","71444698"
"PulsePoint","Web","1762684","558254","1204430"
"eXelate","Web","774092","232664","541428"
"Sonobi","Web","3438369","1280056","2158313"
"Sportradar","Web","2171925","123260","2048665"
"Google Cloud Platform","Web","21304814","6004285","15300529"
"Canvas Student","Web","5127525","105115","5022410"
"Microsoft teams","Internet Instant Messaging","35596149","8038129","27558020"
"Digioh","Web","196874","14506","182368"
"Akamai Video","Media","1308331","258096","1050235"
"Tenor","Web","9668286","1886804","7781482"
"IronSource","Business Application","223749651","35646815","188102836"
"Simpli.fi","Web","784625","224333","560292"
"ByteDance","Web","144623280","12917926","131705354"
"Visual IQ","Web","185389","42501","142888"
"Discord","Internet Instant Messaging","4536837392","27525535","4509311857"
"Apple News","Web","288092146","15388669","272703477"
"Vungle","Web","98331385","4063390","94267995"
"Unknown virtual protocol","Unclassified","33185774","1498669","31687105"
"Unknown virtual protocol","Unclassified","69597011","9911285","59685726"
"Unknown virtual protocol","Unclassified","41260","21285","19975"
"Unknown virtual protocol","Unclassified","119503884","60894178","58609706"
"Unknown virtual protocol","Unclassified","92435983","82590437","9845546"
"Firework","Internet Instant Messaging","388698","70853","317845"
"Google Messages","Internet Instant Messaging","39850915","7242732","32608183"
"JWPLAYER","Web","218666789","8313799","210352990"
"BAMTech","Real Time Audio/Video","19525836","8576217","10949619"
"Disney Plus","Real Time Audio/Video","7990811882","173233735","7817578147"
"Workday","Business Application","5935073","118402","5816671"
"Uber Eats","Web","6807181","1124771","5682410"
"Houseparty","Real Time Audio/Video","54963","7570","47393"
"Digital Turbine","Web","21525975","556260","20969715"
"Sift Science","Web","1073582","326203","747379"
"Spotify Audio","Real Time Audio/Video","3774764698","38437858","3736326840"
"Minute Media","Web","34154946","776950","33377996"
"Pendo","Web","12930868","3472234","9458634"
"Contentful","Web","531115260","12070891","519044369"
"Indeed","Web","52094444","16106599","35987845"
"Advance Message Queuing Protocol","Network Service","1556","890","666"
"BitTorrent","Peer to Peer","830930","3957","826973"
"Connection Oriented Transfer Protocol","Network Service","2738","2072","666"
"eBay.com","Web","17129109","3136476","13992633"
"File Transfer Protocol","File Sharing","8882","5172","3710"
"Gnutella","Peer to Peer","20809","8987","11822"
"Google Earth","Web","11073","2351","8722"
"Independant Computing Architecture (Citrix)","Remote Desktop","3278","1946","1332"
"IPsec (AH and ESP)","Tunneling and VPN","2130539779","543717303","1586822476"
"Kerberos","Authentication","9174","6066","3108"
"McAfee Client update","Business Application","29505483","1813459","27692024"
"Post Office Protocol (Version 3)","Email","8874","1212","7662"
"Secure POP3","Email","1308042","52670","1255372"
"Port Mapper","Network Service","9839","6632","3207"
"Point-to-Point Tunneling Protocol","Tunneling and VPN","1174","736","438"
"QQ","Internet Instant Messaging","1390054","105454","1284600"
"Real Time Control Protocol","Business Collaboration","102001","42480","59521"
"Simple Mail Transfer Protocol","Email","7443589","7231481","212108"
"SOCKet Secure v4","Tunneling and VPN","23813","16436","7377"
"SOCKet Secure v5","Tunneling and VPN","4099","2439","1660"
"Secure Shell","Tunneling and VPN","1825","1270","555"
"Transparent Network Service (Oracle)","Business Application","1948","1282","666"
"Wikipedia.com","Web","24770505","1257019","23513486"
"Wireless Session Protocol","Network Service","136304","100096","36208"
"Secure AIM","Internet Instant Messaging","161539","26898","134641"
"Tagged.com","Social Networking","2458559","780700","1677859"
"Expedia.fr","Web","436858","275394","161464"
"Southwest.com","Web","13896","3434","10462"
"Travelocity.com","Web","20848","5326","15522"
"Realtor.com","Web","88657","15697","72960"
"WordPress.com","Social Networking","184791058","2526754","182264304"
"Deezer","Web","4569969","231688","4338281"
"Mail.ru Webmail","Email","598327","97173","501154"
"Steampowered.com","Gaming","114603195","1961968","112641227"
"Xbox Live","Gaming","1528515","258078","1270437"
"Badoo.com","Internet Instant Messaging","4020856","403415","3617441"
"DeviantArt.com","Web","12778","960","11818"
"Flixster.com","Web","8836","1647","7189"
"Last.fm","Media","4188709","194554","3994155"
"Meetup","Web","3582997","827774","2755223"
"ResearchGATE.net","Web","113303","12167","101136"
"Tumblr","Social Networking","20591","2773","17818"
"Vk.com (Vkontakte)","Social Networking","31890149","1379639","30510510"
"Vox.com","Web","23801","7183","16618"
"Yammer.com","Business Application","321518","263918","57600"
"Yandex.ru","Web","2016940","623925","1393015"
"T.38","Network Service","256834","111182","145652"
"Adobe Flash Plugin Update","Web","13864","3194","10670"
"Firefox Update","Web","58675491","2154763","56520728"
"Apple Update","Web","1163330","33473","1129857"
"BitDefender Update","Web","12362","3376","8986"
"Kaspersky Update","Web","121853","12185","109668"
"Google Translate","Web","1082028","210323","871705"
"iHeartRADIO","Media","2633884","62067","2571817"
"MediaFire.com","File Sharing","461249","25094","436155"
"Livestream (formerly Mogulus)","Media","1845485","81357","1764128"
"Psiphon","Web","6007","3580","2427"
"YouKu","Media","347410","316438","30972"
"Zoho CRM","Business Application","8874","2005","6869"
"Tor","Anonymizers and Proxies","4419198","608672","3810526"
"Internet Inter-ORB Protocol","Network Service","3328","2224","1104"
"RSS","Web","32185","1012","31173"
"BlackBerry.com","Web","6762","1748","5014"
"ABCNews","Web","1039206","33574","1005632"
"Acer","Web","4607","3061","1546"
"Adobe Acrobat DC (Document Cloud)","Web","36872","8359","28513"
"Alexa","Web","67816","14033","53783"
"AmericanExpress","Web","962594","432573","530021"
"ATT.com (AT&T)","Web","925059","50926","874133"
"Blogger","Web","992600","47408","945192"
"Capital One","Web","12135246","533420","11601826"
"CNN (Cable News Network)","Web","14731389","1601882","13129507"
"Comcast","Web","1925539","71161","1854378"
"Daily Mail","Web","5560319","89002","5471317"
"Daum.net","Web","35278587","2857374","32421213"
"Fox News","Web","26964","4720","22244"
"Groupon","Web","293016","33109","259907"
"IKEA.com","Web","32661753","5936360","26725393"
"Intuit.com","Business Application","138004","37668","100336"
"Naver Corporation (formerly NHN Corporation)","Web","856610631","84411126","772199505"
"NBA.com","Web","51302087","1403304","49898783"
"National Football League (NFL.com)","Web","18492","1479","17013"
"Nike.com","Web","116471468","14002262","102469206"
"NYTimes.com","Web","69893405","1629163","68264242"
"PlayStation.com","Web","1435237","359518","1075719"
"Reuters.com","Web","1764815","24797","1740018"
"Reverso.net","Web","61791","15242","46549"
"Spiegel.de","Web","563131","25729","537402"
"Sports Illustrated","Web","277507","6142","271365"
"Sprint.com","Web","14874","2310","12564"
"Univision.com","Web","1606317","42276","1564041"
"Vimeo","Web","82379779","974821","81404958"
"Xbox","Gaming","17240","2431","14809"
"XNXX","Web","59200","12535","46665"
"Xvideos.com","Media","35630","9365","26265"
"Youdao.com","Web","4750907","3763931","986976"
"Youporn","Web","3216","542","2674"
"Sina.com.cn","Internet Instant Messaging","6594477","226788","6367689"
"Sina Weibo","Web","72896115","3539153","69356962"
"Taobao","Web","5191983","1060266","4131717"
"Line","Internet Instant Messaging","114101969","23257378","90844591"
"Scribd.com","Web","31659","2741","28918"
"Hulu","Media","8969383","107419","8861964"
"Shazam","Web","5721675","473272","5248403"
"SoundCloud","Media","1192045859","25944552","1166101307"
"TuneIn","Real Time Audio/Video","1728487","17693","1710794"
"WooriBank.com","Web","3719496","96677","3622819"
"163.com","Web","319370","223647","95723"
"Ifeng.com","Web","18504","16759","1745"
"Alipay","Web","55820","20962","34858"
"Sogou.com","Web","1732184","85853","1646331"
"360.cn","Web","6571","3324","3247"
"Alibaba.com","Web","807884","210166","597718"
"Zynga.com","Gaming","13564473","10176844","3387629"
"Limelight Networks CDN","Web","593682950","20353694","573329256"
"Datagram Transport Layer Security","Tunneling and VPN","190587519","42801097","147786422"
"ISO Base Media File Format","Real Time Audio/Video","29979994","858925","29121069"
"KIK Messenger","Internet Instant Messaging","696554","196587","499967"
"MiTalk Messenger (Miliao)","Internet Instant Messaging","304635","42695","261940"
"MEGA","Peer to Peer","314","166","148"
"FC2.com","Social Networking","31472","1834","29638"
"Rakuten.co.jp","Web","869281","120333","748948"
"Ameba.jp","Web","9665","3097","6568"
"Hatena.ne.jp","Social Networking","129749","11897","117852"
"Ctrip.com","Web","2631474","206719","2424755"
"QQ finance","Web","3381","1360","2021"
"QQ Games","Gaming","1296258","997627","298631"
"QQ Mail","Email","1237276","555051","682225"
"QQ News","Web","550066","25221","524845"
"Tencent.com","Internet Instant Messaging","37564","10236","27328"
"Pornhub","Web","66688","13822","52866"
"Nokia Here API","Web","5366329","483143","4883186"
"MeetMe.com","Social Networking","30852","9029","21823"
"Microsoft SharePoint Online (Office 365)","Business Application","45592565","19508553","26084012"
"Speedtest","File Sharing","54204609","776809","53427800"
"ESPN.go.com","Web","4445449","291610","4153839"
"BuzzFeed.com","Web","1596030","99026","1497004"
"Imgur.com","Storage and Backup","25867232","378069","25489163"
"ThePirateBay.se","Web","42575","7619","34956"
"Google Documents (aka Google Drive)","Storage and Backup","7746838","2324615","5422223"
"JingDong","Web","6042","1684","4358"
"Bet365.com","Web","2181935","238345","1943590"
"Issuu.com","Web","338920","53952","284968"
"Saavn Bollywood Music","Media","31697","7453","24244"
"Bitcoin client","Peer to Peer","1457","902","555"
"Paypal.com","Web","65857709","7448990","58408719"
"Orange.com","Web","24315","3669","20646"
"BBC","Web","15870178","708674","15161504"
"Softonic.com","Web","6895","242","6653"
"T-Online.de","Web","2171549","64940","2106609"
"Marca.com","Web","436549","64198","372351"
"Kooora.com","Web","134322","87087","47235"
"MercadoLibre (aka MercadoLivre)","Web","451802","91555","360247"
"ESPNCricinfo.com","Web","419006","21497","397509"
"craigslist","Web","4389135","474904","3914231"
"Indiatimes","Web","1858086","202962","1655124"
"Interia.pl","Web","3274036","1316870","1957166"
"Internet Small Computer Systems Interface","Network Service","3289","1526","1763"
"System Center Configuration Manager","Management","5747","4114","1633"
"Background Intelligent Transfer Service","File Sharing","126473674","14384335","112089339"
"FrostWire Bittorrent client","Peer to Peer","372","224","148"
"Hotspot Shield","Tunneling and VPN","54418658","4015194","50403464"
"Conviva","Infrastructure","805646","439873","365773"
"AliExpress.com","Web","7530247","399736","7130511"
"NZHerald.co.nz","Web","2730483","49154","2681329"
"Rt.com","Web","6697","1668","5029"
"Wp.pl","Web","2588412","701213","1887199"
"Onet.pl","Web","275206","18107","257099"
"Zing.vn","Web","253941","240244","13697"
"Aol","Web","351890","45386","306504"
"Naver","Web","41830","2420","39410"
"Waze Social GPS Maps & Traffic","Web","5638396","466718","5171678"
"Symantec","Web","1177562","307748","869814"
"OpenStreetMap","Infrastructure","751996","12147","739849"
"Videoplaza","Web","36833","7911","28922"
"Zendesk","Business Collaboration","6598521","431273","6167248"
"Flurry","Business Application","16652388","3904837","12747551"
"Twitch","Media","103767139","3338823","100428316"
"OkCupid","Web","150163","37041","113122"
"Apsalar","Business Application","44063","10392","33671"
"Gravatar","Business Collaboration","1016819","173043","843776"
"FreeWheel","Web","348585","100581","248004"
"Turner","Web","349151","25611","323540"
"zalo","Internet Instant Messaging","2906622","1334404","1572218"
"Inquirer","Web","2602267","421659","2180608"
"AAJTAK","Web","31708","4338","27370"
"Taobao Ad Network and Exchange","Web","2707","1480","1227"
"Lazada","Web","3454152","95938","3358214"
"Gettyimages","Web","2893216","97654","2795562"
"Theladbible","Web","1166046","24168","1141878"
"Flipboard","Web","237983","34432","203551"
"Traffic Junky","Web","5398","618","4780"
"quic","Network Service","54202","32290","21912"
"CPMSTAR","Web","573034","64723","508311"
"ADTECH","Web","89678","11625","78053"
"AOL One","Web","357788","48224","309564"
"Realestate","Web","60882","16154","44728"
"Constant Contact","Web","183114","4596","178518"
"GitHub","Web","19518422","470489","19047933"
"Web.DE","Web","1388919","79833","1309086"
"Internet.org","Web","51092","11475","39617"
"Kakaocdn","Infrastructure","12218506","406434","11812072"
"Advertising.com","Web","518693","133704","384989"
"SourceForge","Web","645285","104052","541233"
"My.com","Web","117183","46976","70207"
"Helpshift","Web","356256","84118","272138"
"Atlas Solutions","Web","140400","45527","94873"
"Gmanetwork","Web","3509986","182611","3327375"
"GoogleBot","Web","570","348","222"
"CBS Video","Web","1589573","46775","1542798"
"Microsoft SpyNet (aka Microsoft Active Protection Service)","Web","88062","80236","7826"
"LogMeIn","Remote Desktop","42330","1875","40455"
"Fastly","Web","1909924","226250","1683674"
"Disney Channel","Web","492798","16486","476312"
"Heavy.com","Web","607270","12320","594950"
"UpLynk","Web","156197","34470","121727"
"NBC","Web","1236621","50512","1186109"
"MoPub","Web","211358","166648","44710"
"Perform","Web","1567830","37092","1530738"
"Periscope","Media","3286759","116908","3169851"
"Olark","Web","927454","162816","764638"
"Liveperson","Web","5369961","371673","4998288"
"Zopim","Web","2579131","442306","2136825"
"Google Code","Web","7072","813","6259"
"Debian","Web","15889797","136336","15753461"
"Rollout","Web","965028","340509","624519"
"Signal","Web","3201352","91624","3109728"
"LiveChat","Web","3478306","303868","3174438"
"Riffsy (Tenor.co)","Web","20204666","951834","19252832"
"Ensighten","Web","6222714","908699","5314015"
"Tune","Web","119803","22670","97133"
"Braintree","Web","407260","82586","324674"
"MiaoPai","Web","30126","1192","28934"
"Verizon","Web","8462448","4933517","3528931"
"LKQD","Web","317934","83547","234387"
"Lookout Mobile Security","Business Application","6913","2054","4859"
"Bleacher Report","Web","10337906","302375","10035531"
"Google Trusted Store (Google Commerce)","Web","1002778","359124","643654"
"Umeng","Web","186854","92807","94047"
"Revcontent","Web","1627509","209417","1418092"
"funCaptcha","Web","13638","3785","9853"
"MobFox","Web","13801","3370","10431"
"Liftoff","Web","813770","259580","554190"
"QQVideo","Web","405022","16989","388033"
"Slack","Web","13796970","1187036","12609934"
"Younow","Web","27854584","12798629","15055955"
"Weborama","Web","32003","6773","25230"
"Constrained Application Protocol","Network Service","4482","2928","1554"
"Highwinds","Web","173731","8424","165307"
"Wells Fargo","Web","4986562","946564","4039998"
"Innovid","Web","102414527","3032661","99381866"
"StackExchange","Web","451310","13643","437667"
"StackOverflow","Web","62166","4229","57937"
"Wix","Web","73674965","3180311","70494654"
"Tinder","Web","383372901","13434094","369938807"
"Shutterstock","Web","588811","17674","571137"
"Ubuntu","Web","27021","693","26328"
"IMO Video Calling Application","Media","28147189","5122007","23025182"
"Clash of Clans","Gaming","6618810","846342","5772468"
"Supercell","Gaming","239287","44631","194656"
"Amazon Music","Media","4609427","915855","3693572"
"Cheetah Mobile","Web","27469","10966","16503"
"OPC Unified Architecture","Web","1742","1076","666"
"Signal Private Messenger (Open Whisper Systems)","Internet Instant Messaging","62685678","58401902","4283776"
"Tidal","Media","1098864","31288","1067576"
"StreamRail","Media","647906","36328","611578"
"Vidyard","Web","95774","3827","91947"
"Nintendo","Gaming","50257591097","1678733747","48578857350"
"Daraz","Web","782605","46343","736262"
"OpenRTB","Web","948134","855917","92217"
"ADventori","Web","31428","6764","24664"
"Meituan","Web","497748","245297","252451"
"Dianping","Web","576908","356323","220585"
"Flashtalking","Web","3472733","514320","2958413"
"Yieldmo","Web","3786468","832134","2954334"
"Samsung Update","Web","6995822393","137195282","6858627111"
"Yandex Disk","Web","175198","41622","133576"
"MGID","Web","4844186","176134","4668052"
"ULP","Network Service","240404","16666","223738"
"AnyDesk","Remote Desktop","100779","41440","59339"
"Livescore","Web","56227","5169","51058"
"MaxCDN","Web","33790","7822","25968"
"Lynda.com","Web","3828","2384","1444"
"Zhihu","Web","1510881","387080","1123801"
"Booking.com","Web","13482272","1908877","11573395"
"Walmart","Web","1316852","1185805","131047"
"Daily Pakistan","Web","928656","30501","898155"
"DocuSign","Web","70819","50748","20071"
"Automatic Data Processing (ADP)","Web","10843668","228024","10615644"
"Cloudinary","Web","17862682","648062","17214620"
"Optus","Web","1621479","73909","1547570"
"Google Secure User Plane Location","Web","1374838","226461","1148377"
"Gfycat","Web","31923","4921","27002"
"T-Mobile","Web","40306","10153","30153"
"Mongodb Protocol","Business Application","1180","736","444"
"Vivox","Internet Instant Messaging","184093","58140","125953"
"Kahoot!","Web","8254","1719","6535"
"Wall Street Journal","Web","7326127","254763","7071364"
"Niantic, Inc","Web","362187","58008","304179"
"Clash Royale","Gaming","1983327","655955","1327372"
"Instructure","Web","190595","13751","176844"
"Mail.com","Email","2101952","166960","1934992"
"United Internet","Web","138161","71161","67000"
"Electronic Arts","Web","4541071","276811","4264260"
"Facebook Lite","Social Networking","1675305","256309","1418996"
"Kakao","Web","1658255","650784","1007471"
"Apptimize","Web","11933","2393","9540"
"UC Browser","Web","36148","9797","26351"
"x_vpn","Tunneling and VPN","410573","190679","219894"
"Mediascope","Web","12696","2330","10366"
"Data Saver","Web","2269175","169570","2099605"
"Adtelligent","Web","244457","41154","203303"
"Youtube Music","Media","258679","69013","189666"
"Appnext","Web","39084","7848","31236"
"Splunk Cloud","Storage and Backup","128038","78673","49365"
"Fox Networks","Web","187400","16824","170576"
"9GAG","File Sharing","120929","24566","96363"
"Text Me","Internet Instant Messaging","466329","162002","304327"
"AnchorFree","Tunneling and VPN","48858","18976","29882"
"Unreal_engine","Gaming","85713461","35426652","50286809"
"IBM","Web","258385","9679","248706"
"Grammarly","Web","13213595","6589802","6623793"
"RingCentral","Business Collaboration","748308","222609","525699"
"Google News","Web","1306511","130667","1175844"
"PlayerUnknown's BattleGrounds","Gaming","2533036678","46918092","2486118586"
"Alibaba Group","Web","427684","79906","347778"
"Alibaba Cloud","Web","3526471","464647","3061824"
"League of Legends","Gaming","10543727","6339094","4204633"
"CarbonBlack website","Web","783559","738391","45168"
"Mobile Legends","Gaming","892785081","28969927","863815154"
"Redis","Business Application","29668","10805","18863"
"Future_plc","Web","1015856","59740","956116"
"Wish","Web","117439","4471","112968"
"Google Play Books","Web","792650","25363","767287"
"DICOM","Network Service","2367","1274","1093"
"ProtonMail","Email","105284","16717","88567"
"MAkeMyTrip","Web","160059377","26550335","133509042"
"Ted Conferences","Web","85025541","967903","84057638"
"Litres read,Litres listen","Web","5611","1642","3969"
"iBooks","Web","14527","4632","9895"
"Fandom","Web","3382125","142863","3239262"
"Tesla","Web","1742627","197994","1544633"
"Google GSuite","Web","9003938","6288475","2715463"
"Codepen","Web","214963","3219","211744"
"Didi","Web","207578","77432","130146"
"OpenSignal","Web","71336","62985","8351"
"Megaphone","Web","928780641","17560943","911219698"
"TripAdvisor","Web","13445343","447927","12997416"
"Moodle","Social Networking","34315","10184","24131"
"PubNub","Web","159843","40538","119305"
"Unknown virtual protocol","Unclassified","4722709573","83792930","4638916643"
"Unknown virtual protocol","Unclassified","272063","46220","225843"
"Unknown virtual protocol","Unclassified","31928","2818","29110"
"NetEase","Web","3498970","102453","3396517"
"Unknown virtual protocol","Unclassified","770922","26564","744358"
"Unknown virtual protocol","Unclassified","59371683","523296","58848387"
"Bumble","Web","25183344","1497216","23686128"
"National Public Radio","Web","1239574","41509","1198065"
"Acast","Real Time Audio/Video","198871441","4547274","194324167"
"Wireguard","Tunneling and VPN","276571689","18037355","258534334"
"Banggood","Web","38741","5524","33217"
"Bigo","Web","811390","85915","725475"
"Google Stadia","Web","33119","5070","28049"
"Agora","Network Service","2679","457","2222"
"Quora","Social Networking","18941853","4958321","13983532"
"Toutiao","Web","310725","17434","293291"
"Airbnb","Web","25433481","4354392","21079089"
"MediaLab","Web","6569084","86951","6482133"
"Wangwang","Internet Instant Messaging","184391","87136","97255"
"Shopify","Web","100537839","7316149","93221690"
"StackPath","Web","124155","19343","104812"
"DoorDash","Web","21389168","8782461","12606707"
"Roblox","Gaming","48935156","3313628","45621528"
"BridTV","Real Time Audio/Video","91183","2995","88188"
"Likee","Internet Instant Messaging","2812698","564312","2248386"
"Citrix","Web","12873","3483","9390"
"Microsoft Dynamics","Business Application","6693","1033","5660"
"Demandbase","Web","29202","1628","27574"
"KOCHAVA","Web","616858","156623","460235"
"ToTok Messenger","Internet Instant Messaging","370909","144052","226857"
"Amazon Alexa Assistant","Business Collaboration","2086685","485127","1601558"
"Yubo","Internet Instant Messaging","12908","2668","10240"
"Connatix","Real Time Audio/Video","78482565","1918050","76564515"
"UserReport","Web","147154","31360","115794"
" Revolut","Web","54639","12409","42230"
"Coursera","Web","443512","18513","424999"
"The Blaze","Web","988242","23074","965168"
"WordReference.com","Web","6913","2781","4132"
"E! Online","Web","6656708","311350","6345358"
"Hotels.com","Web","444587","100652","343935"
"NHL.com","Web","19105090","286883","18818207"
"Official Major League Baseball","Web","535399","54455","480944"
"Priceline.com","Web","1638002","226965","1411037"
"The Daily Beast","Web","1542765","58617","1484148"
"TIME","Web","36270","1393","34877"
"TMZ","Web","3718127","392102","3326025"
"Geforce Now","Gaming","5197","258","4939"
"Call of Duty Mobile","Gaming","5942436","157986","5784450"
"The Walt Disney Company","Web","56725","18797","37928"
"Indiegogo","Web","1546656","188230","1358426"
"Kayak","Web","9068","2798","6270"
"WarnerMedia","Web","86906","17520","69386"
"Bilibili","Web","20600267","636046","19964221"
"Datadog","Web","209309","139139","70170"
"Unknown virtual protocol","Unclassified","83414","39794","43620"
"ShoreTel","Business Collaboration","43044","16728","26316"
