"Application","Category","Total Bytes","Bytes Received","Bytes Sent"
"Domain Name Service","Network Service","1786849865","872636720","914213145"
"Google Mail","Email","2044581432","268215956","1776365476"
"Google Search","Web","1794557836","215739829","1578818007"
"HyperText Transfer Protocol","Web","3805401546","177391487","3628010059"
"HyperText Transfer Protocol Secure","Web","32084342661","4553477112","27530865549"
"Internet Control Message Protocol","Network Service","4486713588","2716179300","1770534288"
"Internet Message Access Protocol version 4","Email","115252480","42191211","73061269"
"Internet Protocol","Network Service","0","0","0"
"XMPP Protocol (Jabber)","Business Collaboration","6740188","1093740","5646448"
"Remote Desktop Protocol (Windows Terminal Server)","Remote Desktop","2610328","1115980","1494348"
"Skype and Teams","Business Collaboration","59345810","17784402","41561408"
"Simple Object Access Protocol","Network Service","3109778159","889882091","2219896068"
"Secure Socket Layer","Tunneling and VPN","40485738536","4231912389","36253826147"
"Session Traversal Utilities for NAT","Business Collaboration","4358322","1723129","2635193"
"Transmission Control Protocol","Other TCP/UDP","3349683710","1682923741","1666759969"
"User Datagram Protocol","Other TCP/UDP","268618586595","27068668964","241549917631"
"Youtube.com","Media","40819178079","1305743389","39513434690"
"Facebook","Social Networking","126687328196","3290676474","123396651722"
"Google Ads","Web","2626830189","349171978","2277658211"
"Windows Live Hotmail","Email","169736117","28554020","141182097"
"LinkedIn","Social Networking","520832231","49086720","471745511"
"Apple Generic Services","Web","19024263894","535669512","18488594382"
"Online Certificate Status Protocol","Business Application","34638044","11670537","22967507"
"Twitter","Social Networking","3039342247","172155622","2867186625"
"iTunes","Media","4122214129","175551799","3946662330"
"Spotify","Media","1900698885","170757116","1729941769"
"TeamViewer","Remote Desktop","548578524","254282767","294295757"
"Bing.com (formerly MSN Search)","Web","677472136","88864513","588607623"
"Windows Update","Web","9322317663","472271428","8850046235"
"Inter Asterisk eXchange","Real Time Audio/Video","21850999","14000230","7850769"
"Chrome Update","Web","615839306","17634434","598204872"
"Viber","Real Time Audio/Video","24310982","9173877","15137105"
"Netflix.com","Media","14646400991","285067887","14361333104"
"Google Analytics,Google Marketing Platform","Web","783361863","330402608","452959255"
"Google GStatic","Web","2741125027","159817708","2581307319"
"YouKu","Media","25421067","2934849","22486218"
"Google Generic","Web","1853443773","385885270","1467558503"
"Amazon Generic Services","Web","5390910114","1675918123","3714991991"
"Mozilla.com - Mozilla.org","Web","81334911","18083660","63251251"
"WhatsApp Messenger","Internet Instant Messaging","15931868453","6914631422","9017237031"
"Taobao","Web","140698308","14562486","126135822"
"Apple App Store","Web","19415646964","397169523","19018477441"
"Windows Marketplace","Web","2085768784","86139084","1999629700"
"Apple Push Notification Service","Web","428161458","265688342","162473116"
"iOS over-the-air (OTA) update","Web","9076423215","139531303","8936891912"
"Google Play Store","Media","2788934346","930653324","1858281022"
"iCloud (Apple)","Storage and Backup","24358393735","2074506442","22283887293"
"Instagram","Web","95458909021","2876615636","92582293385"
"Amazon Web Services/Cloudfront CDN","Infrastructure","4358483812","519087239","3839396573"
"Alipay","Web","6402398","1092492","5309906"
"Alibaba.com","Web","56286259","22526096","33760163"
"Akamai Technologies CDN","Web","2941325291","61116259","2880209032"
"Microsoft Azure (previously Windows Azure)","Infrastructure","1032232773","22850211","1009382562"
"Yahoo.com","Web","1662158493","192770582","1469387911"
"WeChat","Internet Instant Messaging","28232339073","2563525210","25668813863"
"Rakuten.co.jp","Web","2483073","228709","2254364"
"CloudFlare CDN","Infrastructure","23250178883","702173563","22548005320"
"Microsoft Office 365","Business Collaboration","1885930248","191441763","1694488485"
"Zoho Corporation","Business Application","61723237","39169742","22553495"
"Pinterest","Web","366494571","23742667","342751904"
"Microsoft Outlook (Office 365)","Business Application","1811820214","378730024","1433090190"
"Reddit.com","Web","2123614585","72573277","2051041308"
"Apple SIRI","Web","108014335","69170294","38844041"
"Google Accounts","Web","846467589","57686128","788781461"
"Amazon Ad System","Web","262454557","58953827","203500730"
"Snapchat","Social Networking","6440726386","330131824","6110594562"
"ScorecardResearch","Web","35424717","9591047","25833670"
"Quantcast","Web","20497837","3953001","16544836"
"Oracle","Web","12380468","3539156","8841312"
"Bitstrips","Social Networking","102865914","4030693","98835221"
"Criteo","Web","269316583","48369895","220946688"
"Adobe","Business Application","1020152389","81705393","938446996"
"Zendesk","Business Collaboration","25253836","1340504","23913332"
"Samsung","Web","268088576","80131953","187956623"
"Crashlytics","Web","78822171","8361586","70460585"
"Brightcove","Media","4440298978","93719496","4346579482"
"Facebook Messenger","Internet Instant Messaging","10046411456","4437632086","5608779370"
"AppsFlyer","Business Application","35343253","13994157","21349096"
"Xiaomi","Web","45714872","5318027","40396845"
"Stickyads","Web","48471493","17973720","30497773"
"Mixpanel","Web","19615583","14164469","5451114"
"Smart AdServer","Web","143135607","43110732","100024875"
"Cedexis","Web","9779154","2929409","6849745"
"Google Cloud Storage","Web","5462035735","4907518379","554517356"
"Google Cloud Messaging","Web","135188496","28173096","107015400"
"Apple Location","Web","5513217668","410189820","5103027848"
"OpenX","Web","27837090","9777014","18060076"
"PubMatic","Web","258985635","145315694","113669941"
"Index Exchange (previously Casale Media)","Web","58994493","22363186","36631307"
"LOTAME","Web","17492076","4008258","13483818"
"Rubicon Project","Web","220064000","84332996","135731004"
"AppNexus","Web","696693106","407804450","288888656"
"Rlcdn","Web","16209067","3056816","13152251"
"HyperText Transfer Protocol version 2","Web","17646800289","618034408","17028765881"
"Google Tag Manager","Web","399916150","24201005","375715145"
"Facebook Embedded Video","Media","7596830369","96742886","7500087483"
"Ad Safe Protected","Web","149390694","21107880","128282814"
"Adjust.com","Web","15648319","5872318","9776001"
"BootstrapCDN","Web","5371378","379082","4992296"
"Outbrain","Web","114707187","20916687","93790500"
"Unruly","Web","12224263","5749262","6475001"
"Rogers TV","Web","69651320","9687974","59963346"
"Applovin","Web","348074890","94684458","253390432"
"Android connectivity Manager","Network Service","15599083","8064749","7534334"
"Moat","Web","160680637","43769826","116910811"
"Krux","Web","14990821","2829938","12160883"
"Microsoft Office OneNote (Office 365)","Business Application","40835593","23147766","17687827"
"Heap","Web","279508597","216215950","63292647"
"Branch Metrics","Web","92592363","22126511","70465852"
"Taboola","Web","442464251","64972602","377491649"
"Tune","Web","478308","125611","352697"
"Smaato","Web","33341653","20473303","12868350"
"Verizon","Web","23824472","15067099","8757373"
"MediaMath","Web","21936911","7691073","14245838"
"jQuery","Web","21227761","1089963","20137798"
"Everest Technologies","Web","21383029","6404569","14978460"
"SpotXchange","Web","11873433","5171338","6702095"
"Microsoft","Web","3030383329","795048060","2235335269"
"Revcontent","Web","45923056","8965329","36957727"
"New Relic","Web","168233236","99058387","69174849"
"Liftoff","Web","2617409","927016","1690393"
"Uber (formerly UberCab)","Web","4722210516","3188707727","1533502789"
"Teads","Web","34421265","7739642","26681623"
"Adform","Web","30985148","6070667","24914481"
"ZoomMeetings","Business Collaboration","989169306","29219472","959949834"
"HyperText Transfer Protocol proxy","Network Service","174280361","43619624","130660737"
"GIPHY","Web","436475649","11200864","425274785"
"Firebase Cloud Messaging","Web","573192353","265972534","307219819"
"Heroku","Web","11355809","828158","10527651"
"Bidswitch","Web","42666613","17990343","24676270"
"Bugsnag","Web","3523137","1882714","1640423"
"Sharethrough","Web","75577781","28660814","46916967"
"AdColony","Web","17687037","7006055","10680982"
"Yieldmo","Web","23548499","5556228","17992271"
"Huawei","Web","220441101","24936397","195504704"
"DoubleVerify","Web","117164853","18737504","98427349"
"eXelate","Web","38058079","1659577","36398502"
"Amplitude","Web","65799896","58027992","7771904"
"Google Cloud Platform","Web","85580685","24877848","60702837"
"Microsoft teams","Internet Instant Messaging","1901549020","217826578","1683722442"
"Cisco","Web","11245218","5229550","6015668"
"IronSource","Business Application","251246384","16865266","234381118"
"AnchorFree","Tunneling and VPN","91383","28607","62776"
"ByteDance","Web","718111083","29458145","688652938"
"TikTok (Musical.ly)","Social Networking","57745077824","1648709801","56096368023"
"Google News","Web","26382009","5234575","21147434"
"Alibaba Cloud","Web","876190032","105234420","770955612"
"Discord","Internet Instant Messaging","1252188253","60272057","1191916196"
"Apple News","Web","320216169","13306247","306909922"
"Vungle","Web","407909642","11978183","395931459"
"Google APIs","Web","3865006480","1734355974","2130650506"
"Amazon Cognito","Web","37196248","12816777","24379471"
"Unknown virtual protocol","Unclassified","17175635","2436582","14739053"
"Google Messages","Internet Instant Messaging","63096039","17712081","45383958"
"Wangwang","Internet Instant Messaging","6730963","3493585","3237378"
"Houseparty","Real Time Audio/Video","366871","53279","313592"
"Connatix","Real Time Audio/Video","25057769","2795660","22262109"
"Digicert","Web","24092129","4750454","19341675"
"Datadog","Web","1592214","1126891","465323"
"Intercom","Web","82079438","37089180","44990258"
"SD-WAN Control","SD-WAN","28845082851","15681714246","13163368605"
"SD-WAN Management","SD-WAN","4302488778","1820455501","2482033277"
"TencentMeeting","Business Collaboration","2239941399","361254729","1878686670"
"Dailymotion.com","Media","842181220","19845503","822335717"
"eBay.com","Web","151543403","22789513","128753890"
"Internet Message Access Protocol Secure","Email","28857754","2896105","25961649"
"Internet Security Association and Key Management Protocol","Tunneling and VPN","148498092","80552972","67945120"
"McAfee Client update","Business Application","493933737","15544380","478389357"
"Network Time Protocol","Network Service","755302","393370","361932"
"QQ","Internet Instant Messaging","237152609","124664862","112487747"
"Wikipedia.com","Web","83166020","7834965","75331055"
"Yahoo Search","Web","19670656","1866873","17803783"
"Yahoo Mail v.2.0","Email","393991462","69163260","324828202"
"Secure AIM","Internet Instant Messaging","1369438","238888","1130550"
"Realtor.com","Web","39890","5238","34652"
"WordPress.com","Social Networking","148677212","3313125","145364087"
"Yandex.ru","Web","41131109","9088304","32042805"
"Baidu.com","Web","888365619","91637856","796727763"
"Apple Update","Web","13150236138","171613118","12978623020"
"Opera Update","Web","2930961","872616","2058345"
"QQLive Network Player","Media","157630","99722","57908"
"Symantec Norton AntiVirus Updates","Web","7033439","136642","6896797"
"Trendmicro Update protocol","Web","6899031","3479340","3419691"
"Box","File Sharing","118058193","2798342","115259851"
"Dropbox","Storage and Backup","1799542081","805771428","993770653"
"Google Translate","Web","29424941","11842877","17582064"
"Salesforce","Business Application","21047930","3436789","17611141"
"Portal.TidalTV.com","Web","1720620","439501","1281119"
"AccuWeather","Web","25697032","4325765","21371267"
"Adobe Acrobat DC (Document Cloud)","Web","6703332","211007","6492325"
"Cnet.com","Web","100932101","1619346","99312755"
"CNN (Cable News Network)","Web","36706218","5410332","31295886"
"Daum.net","Web","49632141","4714620","44917521"
"Naver Corporation (formerly NHN Corporation)","Web","1428273527","32844403","1395429124"
"National Football League (NFL.com)","Web","9294600","1929862","7364738"
"Sports Illustrated","Web","614238","103077","511161"
"Weather.com","Web","50219841","4083604","46136237"
"Sina.com.cn","Internet Instant Messaging","1154302911","66741634","1087561277"
"OICQ","Internet Instant Messaging","369368","231479","137889"
"Sina Weibo","Web","845741339","15941677","829799662"
"QQ WeiBo","Web","1488292","258976","1229316"
"Google App Engine","Business Application","2205193","417429","1787764"
"Samsung Apps","Web","77134828","7422860","69711968"
"KakaoTalk","Internet Instant Messaging","74787507","37647327","37140180"
"Amazon Prime Video","Media","6647501204","103698558","6543802646"
"QQ.com","Web","6476483206","134277640","6342205566"
"Ifeng.com","Web","13244616","1897062","11347554"
"360.cn","Web","978367","256787","721580"
"Limelight Networks CDN","Web","1702396813","26277738","1676119075"
"Datagram Transport Layer Security","Tunneling and VPN","2786618793","327952265","2458666528"
"ISO Base Media File Format","Real Time Audio/Video","9559722773","176620022","9383102751"
"Ctrip.com","Web","32948619","1456339","31492280"
"QQ Games","Gaming","38019619","1742415","36277204"
"QQ News","Web","31962725","4181650","27781075"
"Qunar.com","Web","5371268","2389222","2982046"
"Tencent.com","Internet Instant Messaging","2834146177","50941744","2783204433"
"Microsoft SharePoint Online (Office 365)","Business Application","505693018","305227771","200465247"
"Internet Movie Database","Web","7811940","189987","7621953"
"Imgur.com","Storage and Backup","16340831","523836","15816995"
"Google Documents (aka Google Drive)","Storage and Backup","1419480643","146139691","1273340952"
"Apple Maps","Web","2224890","90793","2134097"
"WebSocket","Network Service","3663191","922323","2740868"
"Bet365.com","Web","4361415","569171","3792244"
"Paypal.com","Web","56833049","6854796","49978253"
"Marca.com","Web","441962","108551","333411"
"AliExpress.com","Web","143834234","11705308","132128926"
"Aol","Web","11384903","1318021","10066882"
"AddThis","Web","23095036","1334129","21760907"
"Turn","Web","7315082","1809717","5505365"
"Telegram","Internet Instant Messaging","1043617120","48033069","995584051"
"Symantec","Web","3730309","1397074","2333235"
"TRUSTe","Web","21416649","1744872","19671777"
"Videoplaza","Web","20742","3465","17277"
"Google Safe Browsing","Web","102532364","57767286","44765078"
"Inneractive","Web","81789460","57497226","24292234"
"Flurry","Business Application","64351427","17301964","47049463"
"Plenty Of Fish","Web","32443124","5119938","27323186"
"Twitch","Media","14133112","2289727","11843385"
"BoldChat Live Chat","Internet Instant Messaging","10946507","2467488","8479019"
"InMobi","Web","78506883","41945285","36561598"
"Gravatar","Business Collaboration","4865099","700925","4164174"
"FreeWheel","Web","1926546","430488","1496058"
"Turner","Web","129362510","2003244","127359266"
"Nielsen","Web","9557923","1741857","7816066"
"Taobao Ad Network and Exchange","Web","818979","296345","522634"
"Google Calendar","Web","46080840","16738550","29342290"
"Onedio","Web","4910449","250332","4660117"
"quic","Network Service","61079369","19055988","42023381"
"Sizmek (previously MediaMind)","Web","51198769","1611488","49587281"
"GitHub","Web","1659656587","52588529","1607068058"
"Advertising.com","Web","4515486","1078437","3437049"
"Helpshift","Web","933674","257800","675874"
"Atlas Solutions","Web","638068","169361","468707"
"Urbanairship","Web","2614756","755649","1859107"
"Apple Music","Media","2505854614","71401704","2434452910"
"Fastly","Web","18718473","781868","17936605"
"Disney Channel","Web","5262207","277241","4984966"
"UpLynk","Web","92869613","1805312","91064301"
"NBC","Web","34178100","2020971","32157129"
"Localytics","Web","3841579","1175756","2665823"
"MoPub","Web","2572716","1845157","727559"
"Periscope","Media","10857263","359025","10498238"
"Optimizely","Web","17943987","3194829","14749158"
"Zopim","Web","5298864","1456690","3842174"
"Mapbox","Web","23792936","1073080","22719856"
"Microsoft Excel Online (Office 365)","Web","64862705","21544785","43317920"
"Rackspace","Web","1661505499","130959104","1530546395"
"Signal","Web","876768","133397","743371"
"LiveChat","Web","4736182","400932","4335250"
"Ensighten","Web","10848307","1155844","9692463"
"LKQD","Web","17699065","7692470","10006595"
"TubeMogul","Web","1582594","177141","1405453"
"Bleacher Report","Web","5524812","76326","5448486"
"Microsoft OneDrive","Web","762839314","199640816","563198498"
"Umeng","Web","8819986","4580636","4239350"
"Google Photos (formerly Google Picasa)","Web","72667673","24276234","48391439"
"Baidu Maps","Web","6575783","988336","5587447"
"QQVideo","Web","342340606","5922932","336417674"
"Slack","Web","178564309","15923296","162641013"
"Conversant","Web","9518520","3259519","6259001"
"Bazaarvoice","Web","16249792","2085318","14164474"
"Clicktale","Web","32792077","25245964","7546113"
"hotjar","Web","44325782","18207381","26118401"
"Pokemon GO","Gaming","176583391","9802957","166780434"
"StackOverflow","Web","7598036","509684","7088352"
"Tinder","Web","354976511","15048305","339928206"
"IMO Video Calling Application","Media","97344743","49066691","48278052"
"Clash of Clans","Gaming","38775744","3231267","35544477"
"Supercell","Gaming","10574683","659587","9915096"
"Apple Game Center","Gaming","10079392","2173585","7905807"
"ADventori","Web","288537","78085","210452"
"Tealium","Web","20073064","7143624","12929440"
"Flashtalking","Web","109589642","8480464","101109178"
"MGID","Web","6009560","405543","5604017"
"ULP","Network Service","14812363","466135","14346228"
"MaxCDN","Web","621203","38298","582905"
"Media Innovation Group","Web","2231707","638607","1593100"
"Walmart","Web","1502846","394378","1108468"
"Yandex Music","Real Time Audio/Video","1447679","1324533","123146"
"Avast","Web","57484057","2938905","54545152"
"Okta","Web","75660144","8857648","66802496"
"PulsePoint","Web","10484292","3711470","6772822"
"Sonobi","Web","27541679","10395139","17146540"
"Cloudinary","Web","192337661","3658057","188679604"
"Google Secure User Plane Location","Web","3333473","504691","2828782"
"ChinaNetCenter ","Web","1769982","71592","1698390"
"Clash Royale","Gaming","74637475","3184172","71453303"
"Apptimize","Web","81124","23419","57705"
"UC Browser","Web","2724958","1693606","1031352"
"Adtelligent","Web","5791656","2682352","3109304"
"Akamai Video","Media","1388365","366878","1021487"
"Tenor","Web","103618837","4751176","98867661"
"Disqus","Web","39941556","4321347","35620209"
"Grammarly","Web","139618594","52623288","86995306"
"Simpli.fi","Web","3045674","740829","2304845"
"PlayerUnknown's BattleGrounds","Gaming","28107935","1893778","26214157"
"Visual IQ","Web","346985","103733","243252"
"Alibaba Group","Web","40218766","1207563","39011203"
"CarbonBlack website","Web","139841168","101622838","38218330"
"Monday.com","Web","5664548","1564081","4100467"
"Unknown virtual protocol","Unclassified","2284724501","64572703","2220151798"
"Unknown virtual protocol","Unclassified","10135467","491596","9643871"
"Unknown virtual protocol","Unclassified","151782341","33553568","118228773"
"Unknown virtual protocol","Unclassified","3359323","1854637","1504686"
"Unknown virtual protocol","Unclassified","191833501","82817100","109016401"
"Unknown virtual protocol","Unclassified","4826917","2119136","2707781"
"Google Pay","Web","18612417","4937753","13674664"
"Bumble","Web","38053881","2275097","35778784"
"JWPLAYER","Web","310936259","7114683","303821576"
"BAMTech","Real Time Audio/Video","30653018","13626435","17026583"
"Disney Plus","Real Time Audio/Video","3774034346","36733532","3737300814"
"Quora","Social Networking","9482659","953531","8529128"
"Toutiao","Web","8838583","487133","8351450"
"Shopify","Web","152768431","3681515","149086916"
"StackPath","Web","3511712","198087","3313625"
"Likee","Internet Instant Messaging","346205968","11946033","334259935"
"KOCHAVA","Web","1788731","458142","1330589"
"Sift Science","Web","507741","63129","444612"
"Spotify Audio","Real Time Audio/Video","2366917570","33112042","2333805528"
"UserReport","Web","705038","105780","599258"
"Pendo","Web","15425299","3112987","12312312"
"Go Daddy","Web","74588298","14993717","59594581"
"Contentful","Web","782238980","126535039","655703941"
"The Free Dictionary","Web","2279511","349547","1929964"
"Font Awesome","Web","19938006","1518038","18419968"
"Unknown virtual protocol","Unclassified","1042609","519703","522906"
"Advance Message Queuing Protocol","Network Service","1996","1108","888"
"BitTorrent","Peer to Peer","845133","72242","772891"
"Connection Oriented Transfer Protocol","Network Service","1832","1388","444"
"File Transfer Protocol","File Sharing","376435529","27889653","348545876"
"Google Groups","Social Networking","156473","14084","142389"
"Google Maps","Web","277404832","48173354","229231478"
"Independant Computing Architecture (Citrix)","Remote Desktop","4990","2770","2220"
"IPsec (AH and ESP)","Tunneling and VPN","453492313","159798412","293693901"
"Kerberos","Authentication","8616","5730","2886"
"Layer 2 Tunneling Protocol","Tunneling and VPN","139088","1944","137144"
"Lighweight Directory Access Protocol","Authentication","21639","13380","8259"
"Netbios Name Service","Network Service","25194","25194","0"
"Post Office Protocol (Version 3)","Email","295462","9888","285574"
"Secure POP3","Email","1037713","112456","925257"
"Port Mapper","Network Service","9076","6196","2880"
"PostgreSQL","Business Application","1403","664","739"
"Point-to-Point Tunneling Protocol","Tunneling and VPN","675","348","327"
"Real Time Control Protocol","Business Collaboration","9404424","4465431","4938993"
"Real Time Protocol","Business Collaboration","1702022041","1144902927","557119114"
"Real Time Streaming Protocol","Media","8954829","128097","8826732"
"SAP","Business Application","6558","2166","4392"
"ShoutCast","Media","4583566","67043","4516523"
"Session Initiation Protocol","Business Application","825898","471748","354150"
"Server Message Block (Windows File Server)","File Sharing","34640","23544","11096"
"Simple Mail Transfer Protocol","Email","5872754","4368293","1504461"
"Simple Mail Transfer Protocol Secure","Email","189370","177724","11646"
"Simple Network Management Protocol","Management","59966","59966","0"
"SOCKet Secure v4","Tunneling and VPN","25457","17078","8379"
"SOCKet Secure v5","Tunneling and VPN","14944","6192","8752"
"Secure Shell","Tunneling and VPN","1682745","1605617","77128"
"Syslog","Management","3761","1646","2115"
"Tabular Data Stream","Business Application","10434","6480","3954"
"Transparent Network Service (Oracle)","Business Application","3207","2208","999"
"VMWare","Remote Desktop","19005468","431615","18573853"
"Wireless Session Protocol","Network Service","1202496","27855","1174641"
"X Window System","Business Application","16345","10486","5859"
"MPEG-Transport Stream","Real Time Audio/Video","329604190","4868641","324735549"
"4shared.com","Web","166227","24632","141595"
"Ares","Peer to Peer","16885201","1248575","15636626"
"Xunlei/Thunder protocol","Peer to Peer","380","224","156"
"Ask.com","Web","589148","34791","554357"
"Tagged.com","Social Networking","9555","2187","7368"
"Expedia.fr","Web","24706799","3629374","21077425"
"Travelocity.com","Web","1339433","524789","814644"
"Flickr","Social Networking","11074685","400007","10674678"
"Hi5.com","Social Networking","942916","504280","438636"
"Deezer","Web","11368347","124830","11243517"
"Rambler.ru","Web","297580","79954","217626"
"Mail.ru Webmail","Email","1545661","347451","1198210"
"Steampowered.com","Gaming","28191058","1038696","27152362"
"Xbox Live","Gaming","4268484","758940","3509544"
"Badoo.com","Internet Instant Messaging","82309545","8097663","74211882"
"DeviantArt.com","Web","316835","11672","305163"
"Foursquare.com","Web","6225671","1775151","4450520"
"Goodreads.com","Web","700688","83654","617034"
"Italki.com","Web","1745687","94734","1650953"
"LibraryThing.com","Web","855515","35017","820498"
"Meetup","Web","5081712","333889","4747823"
"Odnoklassniki.ru","Social Networking","8846","2230","6616"
"ResearchGATE.net","Web","2631315","130185","2501130"
"Tumblr","Social Networking","54658707","938173","53720534"
"Vk.com (Vkontakte)","Social Networking","261803","53941","207862"
"Yammer.com","Business Application","180523","65389","115134"
"Yelp.com","Web","9745105","185114","9559991"
"Yandex webmail","Email","186731","33030","153701"
"PPStream - P2P based Streamed Media","Business Collaboration","863193","57129","806064"
"Adobe Update Manager","Web","1686","866","820"
"Adobe Flash Plugin Update","Web","128788","28556","100232"
"Firefox Update","Web","3586761","95140","3491621"
"Java Update","Web","355974","14003","341971"
"Archive.org","Web","462724","21901","440823"
"icecast","Media","6631437","291423","6340014"
"BitDefender Update","Web","8369376","3277188","5092188"
"Kaspersky Update","Web","9767","1026","8741"
"BBC Player","Media","18377","6960","11417"
"UUSee Protocol","Media","1789","1012","777"
"Garena","Web","105129","8173","96956"
"Web-ICQ","Internet Instant Messaging","1245176","30172","1215004"
"iHeartRADIO","Media","1715839","119754","1596085"
"MediaFire.com","File Sharing","361177742","5582741","355595001"
"PartyPoker.com","Gaming","4147","1087","3060"
"Photobucket.com","Web","187263","8731","178532"
"Psiphon","Web","8027414","5010216","3017198"
"QQMusic","Peer to Peer","1554","752","802"
"Shutterfly.com","Web","10105","1622","8483"
"Tokbox.com","Web","4069","2841","1228"
"SiriusXm.com","Media","14426201","585602","13840599"
"GoToMeeting Online Meeting","Business Collaboration","117178","55189","61989"
"WebEx","Business Collaboration","3600422","696995","2903427"
"Slingbox","Media","846727","27132","819595"
"Bloomberg.com","Web","17117844","695933","16421911"
"GoToMyPC Remote Access","Remote Desktop","372","180","192"
"Tor","Anonymizers and Proxies","4158678","336318","3822360"
"Internet Inter-ORB Protocol","Network Service","6450","4242","2208"
"Netware Core Protocol","Management","8466","5160","3306"
"10086.cn","Web","13405958","1358609","12047349"
"ABCNews","Web","155923","4085","151838"
"Acer","Web","7602","821","6781"
"Alexa","Web","336163","38796","297367"
"AlJazeera.net","Web","950595","60955","889640"
"AmericanExpress","Web","6507766","1413213","5094553"
"Answers","Web","495661","16175","479486"
"ATT.com (AT&T)","Web","127898","27451","100447"
"Blogger","Web","6663820","315796","6348024"
"Capital One","Web","5516636","1151977","4364659"
"CDiscount","Web","33425","2716","30709"
"China.com","Web","1098754","92956","1005798"
"China Network Television","Web","4474924","228705","4246219"
"Comcast","Web","27841232","1309465","26531767"
"Daily Mail","Web","3857144","505443","3351701"
"Fox News","Web","13015947","869272","12146675"
"Groupon","Web","789875","124432","665443"
"IKEA.com","Web","54804794","6418732","48386062"
"Intuit.com","Business Application","80027803","58461218","21566585"
"Kaspersky.com","Web","3448708","1656406","1792302"
"Mashable.com","Web","33848","7121","26727"
"Monster.com","Web","35543","10388","25155"
"NBA.com","Web","3048961","159500","2889461"
"Nike.com","Web","212726","6339","206387"
"NYTimes.com","Web","476532829","22844510","453688319"
"Onlinedown.net","Web","759046","49499","709547"
"PlayStation.com","Web","5202571","808958","4393613"
"Reuters.com","Web","3888061","229870","3658191"
"Reverso.net","Web","2008919","51591","1957328"
"Sky","Web","148700","24728","123972"
"SlideShare","Web","132172","3600","128572"
"SurveyMonkey.com","Web","40509","5083","35426"
"Vimeo","Web","751868794","16219885","735648909"
"WashingtonPost.com","Web","1460159","95058","1365101"
"Xbox","Gaming","58983","7674","51309"
"Youdao.com","Web","3872086","1435115","2436971"
"QQDownload","Peer to Peer","1484","884","600"
"Funshion video player","Web","1173001","263671","909330"
"GMX webmail","Email","590558","109030","481528"
"Apple FaceTime","Real Time Audio/Video","14096553823","5875618714","8220935109"
"Line","Internet Instant Messaging","1369251825","669587122","699664703"
"Google Plus","Web","347634","10588","337046"
"Scribd.com","Web","44510","8317","36193"
"Shazam","Web","313288","27043","286245"
"SoundCloud","Media","73959096","3173042","70786054"
"Chosun services","Web","16528456","1367281","15161175"
"Coupang","Web","948328","98311","850017"
"Zum.com","Web","78451","16875","61576"
"Mk.co.kr","Web","3636980","87609","3549371"
"Sbs.co.kr","Web","120653","8304","112349"
"Tistory.com","Web","262858","74105","188753"
"163.com","Web","48461353","14511266","33950087"
"Sohu.com","Web","1827681063","85617143","1742063920"
"Tmall.com","Web","982667","170814","811853"
"Hao123","Web","1067576","333277","734299"
"Sogou.com","Web","3935463","1326537","2608926"
"Douban.com","Web","708765","181835","526930"
"cnzz.com","Web","13647","4070","9577"
"58.com","Web","121213","8429","112784"
"PConline.com.cn","Web","1055","432","623"
"iQiyi","Web","51817148","1547550","50269598"
"Xinhuanet.com","Web","276697","42050","234647"
"People.com.cn","Web","151388","21503","129885"
"51.la","Web","216073","62915","153158"
"Zynga.com","Gaming","2928978","1372463","1556515"
"KIK Messenger","Internet Instant Messaging","109544","36001","73543"
"MiTalk Messenger (Miliao)","Internet Instant Messaging","1190824","67811","1123013"
"FC2.com","Social Networking","4709641","129660","4579981"
"Goo.ne.jp","Web","33532","6504","27028"
"Hatena.ne.jp","Social Networking","24947","2682","22265"
"Pixiv.net","Web","5541","995","4546"
"Sakura.ne.jp","Web","147065","7842","139223"
"GREE Games","Gaming","19448","4785","14663"
"Baofeng.com","Media","737210","158712","578498"
"Chinatimes.com","Web","2122387","76569","2045818"
"Eastmoney.com","Web","363921","98553","265368"
"Ettoday.net","Web","6851","1535","5316"
"EzTravel.com.tw","Web","1013960","67412","946548"
"Mail189.cn","Email","6581","2074","4507"
"Pixnet.net","Social Networking","3268611","1251424","2017187"
"QQ Mail","Email","6911638","1489533","5422105"
"Sina finance","Web","155859","5399","150460"
"Sina News","Web","85674","24259","61415"
"Suning.com","Web","15678","11392","4286"
"Udn.com","Web","188303837","2421988","185881849"
"Google Talk (incl. Hangouts and Allo and Duo)","Real Time Audio/Video","1012040128","135128263","876911865"
"Nokia Here API","Web","1492892","144574","1348318"
"MeetMe.com","Social Networking","28045539","1165541","26879998"
"Microsoft Skype for Business (formerly Microsoft Lync Online) (Office 365)","Business Collaboration","4411","483","3928"
"Nend.net","Web","4229","975","3254"
"iperf","File Sharing","139547","105982","33565"
"Sina Video","Media","3839928","3100493","739435"
"Baidu Player","Media","8111","2397","5714"
"Speedtest","File Sharing","69521479","6705264","62816215"
"ESPN.go.com","Web","48688852","4702352","43986500"
"MapQuest.com","Web","1533572","41814","1491758"
"BuzzFeed.com","Web","516502","58518","457984"
"Evernote","Web","7283736","3123951","4159785"
"JingDong","Web","32465546","1389929","31075617"
"DCinside.com","Web","2909264","675882","2233382"
"Issuu.com","Web","302395","21544","280851"
"Mendeley.com","File Sharing","15277","9736","5541"
"Microsoft Skype for Business (formerly Microsoft Lync)","Business Collaboration","2766726","600860","2165866"
"Saavn Bollywood Music","Media","462068","24761","437307"
"LineGames.jp","Gaming","993184","31648","961536"
"Bitcoin client","Peer to Peer","1996","1108","888"
"HSBC Bank","Web","12146","2474","9672"
"BBC","Web","65384275","2915899","62468376"
"Y8.com","Gaming","4313283","102937","4210346"
"Kooora.com","Web","194347","5773","188574"
"MercadoLibre (aka MercadoLivre)","Web","699677","114891","584786"
"ESPNCricinfo.com","Web","199267","9987","189280"
"Goal.com","Web","23435","5026","18409"
"Apple HTTP Live Streaming","Real Time Audio/Video","331725868","4357509","327368359"
"24h.com.vn","Web","12315994","424030","11891964"
"craigslist","Web","3714119","350927","3363192"
"Ekantipur.com","Web","111705","5597","106108"
"Hurriyet.com.tr","Web","2297606","105609","2191997"
"Indiatimes","Web","1176869","73457","1103412"
"Kijiji.ca","Web","475744620","36171716","439572904"
"Internet Small Computer Systems Interface","Network Service","2913","1590","1323"
"System Center Configuration Manager","Management","14697","10429","4268"
"Background Intelligent Transfer Service","File Sharing","70547316","7386348","63160968"
"Sahibinden.com","Web","2880876","482420","2398456"
"Varzesh3.com","Web","902752","50950","851802"
"Hotspot Shield","Tunneling and VPN","927309","107691","819618"
"Conviva","Infrastructure","2618961","1266179","1352782"
"EdgeCast Networks CDN","Infrastructure","10801","2533","8268"
"Clarin.com","Web","689007","79744","609263"
"Rt.com","Web","7229994","341995","6887999"
"Wp.pl","Web","47091","9413","37678"
"Milliyet.com.tr","Web","1515392","88099","1427293"
"News24.com","Web","274181","21572","252609"
"Onet.pl","Web","190877","8512","182365"
"VnExpress.net","Web","6793758","728739","6065019"
"Zing.vn","Web","128718","41980","86738"
"Jamaicaobserver","Web","248917","10059","238858"
"Fox Business Network","Web","64435","10962","53473"
"News","Web","975007","34247","940760"
"Gameloft Games","Gaming","475150","137449","337701"
"Aparat","Web","104057","4053","100004"
"Digikala","Web","180151","5267","174884"
"Yadro","Web","228496","87211","141285"
"Candy Crush Saga","Gaming","16841838","6126035","10715803"
"King Digital Entertainment","Gaming","9179216","2088696","7090520"
"Waze Social GPS Maps & Traffic","Web","21718834","1631151","20087683"
"Huffington Post","Web","2802131","47441","2754690"
"OpenStreetMap","Infrastructure","65589554","2334396","63255158"
"magicJack","Business Application","262931","142197","120734"
"OkCupid","Web","142656","53814","88842"
"zalo","Internet Instant Messaging","159233868","18414123","140819745"
"battlenet","Gaming","17425","3928","13497"
"Protothema","Web","1273484","101698","1171786"
"Ukr","Web","30746","10753","19993"
"Abs.cbnnews","Web","546787","55735","491052"
"Eksisozluk","Web","16284","3551","12733"
"JAVA-RMI","Network Service","7506","4638","2868"
"Vine","Media","15897","2981","12916"
"Amazon Cloud Drive","Web","199102800","2921557","196181243"
"Biobiochile","Web","1376689","31769","1344920"
"Lazada","Web","3614263","125018","3489245"
"Gettyimages","Web","52657452","1690620","50966832"
"Flipboard","Web","424304","65982","358322"
"Traffic Junky","Web","11071","3660","7411"
"I2P Invisible Internet Project","Tunneling and VPN","1180","756","424"
"CPMSTAR","Web","134463","22481","111982"
"ADTECH","Web","2051254","144618","1906636"
"AOL One","Web","4664914","292931","4371983"
"Realestate","Web","357897","62722","295175"
"Constant Contact","Web","3476139","115295","3360844"
"Thevideos.tv","Web","66574227","1116913","65457314"
"Bitbucket","Web","5151","911","4240"
"Skynewsarabia","Web","242029","16782","225247"
"Atlassian","Web","21620614","10198598","11422016"
"Internet.org","Web","28333","11414","16919"
"Kakaocdn","Infrastructure","94868448","2132915","92735533"
"My.com","Web","651226","191144","460082"
"Bizographics","Web","16176","3816","12360"
"Yallakora","Web","205950","7864","198086"
"Scotiabank","Web","24134026","3564280","20569746"
"CBS Video","Web","8896623","1043934","7852689"
"LogMeIn","Remote Desktop","347161","22139","325022"
"Microsoft Translator (Bing Translator)","Web","1944302","531424","1412878"
"Nagios Remote Plugin Executor","Network Service","4448","2214","2234"
"Perform","Web","3057410","63748","2993662"
"Olark","Web","4729196","345723","4383473"
"Liveperson","Web","27112938","2226767","24886171"
"ABS-CBN Entertainment","Web","421147","32530","388617"
"Liberty Times Net","Web","946873","38566","908307"
"Google Code","Web","14420","1628","12792"
"Rollout","Web","42554","17518","25036"
"Riffsy (Tenor.co)","Web","6208270","111366","6096904"
"Braintree","Web","790716","144739","645977"
"QINIU","Web","70323","2346","67977"
"Lookout Mobile Security","Business Application","72033","19117","52916"
"Hola Web Proxy","Web","328957","116487","212470"
"MobFox","Web","346010","89721","256289"
"Younow","Web","159537965","18489722","141048243"
"MQ Telemetry Transport","Network Service","4076","1913","2163"
"nuomi.com","Web","13333","1539","11794"
"Adk2","Web","32567","2035","30532"
"CDNetworks","Infrastructure","6838673","214052","6624621"
"Weborama","Web","285641","59410","226231"
"Constrained Application Protocol","Network Service","4381","2944","1437"
"Myway","Web","112550","29847","82703"
"Highwinds","Web","21923778","457284","21466494"
"Innovid","Web","211654002","4620308","207033694"
"StackExchange","Web","6154448","181511","5972937"
"Wix","Web","42934383","6949844","35984539"
"Shutterstock","Web","2299765","26337","2273428"
"Ubuntu","Web","83123","6652","76471"
"Divar","Web","216643","103102","113541"
"Yasour","Web","628434","30022","598412"
"Amazon Music","Media","9952827","2465224","7487603"
"Cheetah Mobile","Web","58549213","1286082","57263131"
"Microsoft Word Online (Office 365)","Business Collaboration","15335339","1620099","13715240"
"Microsoft Powerpoint Online (Office 365)","Business Collaboration","605929","275209","330720"
"OPC Unified Architecture","Web","1996","1108","888"
"Signal Private Messenger (Open Whisper Systems)","Internet Instant Messaging","4467806","1045166","3422640"
"StreamRail","Media","12896925","249782","12647143"
"Vidyard","Web","197479","23775","173704"
"Nintendo","Gaming","32332","8079","24253"
"OpenRTB","Web","20762718","17610192","3152526"
"Ming Pao","Web","143245589","2597892","140647697"
"Oriental Daily News (on.cc)","Web","105700","4579","101121"
"QQ r2","Web","2467377","1474987","992390"
"Google Classroom","Web","766460","175900","590560"
"Samsung Update","Web","5567461527","107617013","5459844514"
"Yandex Disk","Web","2397087","2192088","204999"
"Mail.Ru Love","Web","7380","3498","3882"
"Namibian","Web","2012","492","1520"
"Amazon Chime","Business Collaboration","10913","2199","8714"
"AnyDesk","Remote Desktop","707692","285146","422546"
"Livescore","Web","461876","56945","404931"
"Savefrom","Web","1919567","62439","1857128"
"Zhihu","Web","23729376","3798927","19930449"
"Booking.com","Web","34533611","2219109","32314502"
"DocuSign","Web","15253839","2162958","13090881"
"Automatic Data Processing (ADP)","Web","71052841","3810467","67242374"
"Autodesk Fusion 360","Tunneling and VPN","5341496","2320990","3020506"
"Optus","Web","66326","3160","63166"
"Gfycat","Web","5901625","46076","5855549"
"T-Mobile","Web","244529","103802","140727"
"Mongodb Protocol","Business Application","1180","736","444"
"Chunghwa Telecom","Web","184852","43005","141847"
"ptt","Web","114384","5244","109140"
"Sportradar","Web","40777785","2652037","38125748"
"Wall Street Journal","Web","183781240","2169447","181611793"
"Niantic, Inc","Web","2839742","272009","2567733"
"Meitu","Web","22967386","1174592","21792794"
"Snow","Internet Instant Messaging","471886","49024","422862"
"Origin","Web","99486","8944","90542"
"DCARD","Social Networking","1097120","91057","1006063"
"Canvas Student","Web","1429005","38520","1390485"
"Instructure","Web","246400","8134","238266"
"Mail.com","Email","559136","120053","439083"
"United Internet","Web","4494","1052","3442"
"TVB","Web","653585","47398","606187"
"shopee.tw","Web","427859","109040","318819"
"Electronic Arts","Web","181801893","13900031","167901862"
"Facebook Lite","Social Networking","5871011","930274","4940737"
"Key management service","Management","6218","2902","3316"
"Kakao","Web","1868533","631558","1236975"
"Digioh","Web","1428535","64814","1363721"
"x_vpn","Tunneling and VPN","516793811","58530558","458263253"
"Mediascope","Web","341580","73104","268476"
"Data Saver","Web","12840742","966108","11874634"
"Youtube Music","Media","19191029","3050908","16140121"
"Appnext","Web","4026486","62021","3964465"
"Splunk Cloud","Storage and Backup","307034","177977","129057"
"Fox Networks","Web","210250","11319","198931"
"9GAG","File Sharing","1888300","35963","1852337"
"Text Me","Internet Instant Messaging","343198","65484","277714"
"Libon","Media","3857749","770360","3087389"
"Epic_games","Gaming","5660953","429251","5231702"
"Unreal_engine","Gaming","2928175","1227013","1701162"
"IBM","Web","636920","49341","587579"
"HPE Insight Manager","Management","3444","3444","0"
"Microsoft AD Right Management Service","Business Application","455347","338184","117163"
"pacman","Web","910376681","26250618","884126063"
"RingCentral","Business Collaboration","97826","9016","88810"
"League of Legends","Gaming","1408302","244631","1163671"
"Discourse","Web","3924869","143987","3780882"
"Dragon Ball","Gaming","340486","61317","279169"
"ExpressVPN","Tunneling and VPN","5005335","1676697","3328638"
"Redis","Business Application","4623","1458","3165"
"Youme","Internet Instant Messaging","74060","2515","71545"
"Future_plc","Web","20100975","676421","19424554"
"Inskin","Web","94159","4780","89379"
"Wish","Web","18745494","2160975","16584519"
"Google Play Books","Web","18397131","760540","17636591"
"DICOM","Network Service","675","348","327"
"ProtonMail","Email","123046","19619","103427"
"Bluehost","Web","823593","121556","702037"
"MAkeMyTrip","Web","25352","10713","14639"
"Minecraft","Gaming","27867","13962","13905"
"AWS Console","Business Application","4703832","3700689","1003143"
"WorkspaceOne","Web","578035","312494","265541"
"Google Takeout","Web","1142989","80022","1062967"
"Fandom","Web","27348679","1457003","25891676"
"Tesla","Web","233813","49285","184528"
"Google GSuite","Web","14199145","6034775","8164370"
"W3Schools","Web","796723","82606","714117"
"Codepen","Web","141529","10086","131443"
"OpenSignal","Web","415840","389989","25851"
"Megaphone","Web","1374044573","26429033","1347615540"
"UDP Data Transfer protocol","File Sharing","18676867","1440220","17236647"
"TripAdvisor","Web","50741103","5973674","44767429"
"DAZN","Real Time Audio/Video","16300262","362053","15938209"
"PubNub","Web","2843666","1016094","1827572"
"Gaana","Real Time Audio/Video","37483","5709","31774"
"Unknown virtual protocol","Unclassified","9348424","1665691","7682733"
"NetEase","Web","269054662","15368876","253685786"
"Unknown virtual protocol","Unclassified","765521","58678","706843"
"Unknown virtual protocol","Unclassified","11616830","5053681","6563149"
"Unknown virtual protocol","Unclassified","105967822","1947979","104019843"
"Google Blog","Web","17072","2978","14094"
"Discovery Inc","Real Time Audio/Video","5028","1640","3388"
"Eurosport","Web","1734355","62626","1671729"
"National Public Radio","Web","6340267","97070","6243197"
"Acast","Real Time Audio/Video","179666984","4140288","175526696"
"Raknet","Gaming","3151416","1503822","1647594"
"Wireguard","Tunneling and VPN","3292288477","185000931","3107287546"
"Firework","Internet Instant Messaging","948025","193452","754573"
"China International Broadcasting Network (CIBN)","Web","15700","2812","12888"
"Bigo","Web","236518543","5521035","230997508"
"Apple TV Plus","Real Time Audio/Video","95066634","1747100","93319534"
"Kuwo","Real Time Audio/Video","547891848","13479394","534412454"
"Engage Digital","Network Service","267274","6086","261188"
"Agora","Network Service","14861","11140","3721"
"Moji Weather","Web","42911","5692","37219"
"Grand Theft Auto 5","Gaming","2405878","1396901","1008977"
"Xigua Video","Real Time Audio/Video","2939857","516518","2423339"
"Airbnb","Web","21607956","1470331","20137625"
"Zhenai","Web","18121","9556","8565"
"MediaLab","Web","79299","20746","58553"
"Netease Games","Gaming","213727","84712","129015"
"Baidu Tieba","Social Networking","177493","70408","107085"
"Browsec VPN","Tunneling and VPN","4432121774","1372643476","3059478298"
"Code42","Web","15326","5428","9898"
"Advanced Hosting","Web","2967380","43750","2923630"
"Workday","Business Application","47397558","25456729","21940829"
"Ximalaya","Real Time Audio/Video","30068981","1512376","28556605"
"Grubhub","Web","192609","23873","168736"
"Uber Eats","Web","7777389","1402044","6375345"
"DoorDash","Web","25492510","4848869","20643641"
"Radio Javan","Real Time Audio/Video","47126","6156","40970"
"Roblox","Gaming","972061977","100635909","871426068"
"Acronis Backup","File Sharing","16592","3945","12647"
"Citrix","Web","382904","121721","261183"
"Microsoft Dynamics","Business Application","272477","93310","179167"
"Digital Turbine","Web","66175","12666","53509"
"adRise","Real Time Audio/Video","369478","28170","341308"
"Tubi TV","Real Time Audio/Video","583789754","9218680","574571074"
"iFunny","Web","142691","4671","138020"
"Demandbase","Web","1348902","47592","1301310"
"Amazon Alexa Assistant","Business Collaboration","1101413","340139","761274"
"Yubo","Internet Instant Messaging","1161622","122136","1039486"
"Arena of Valor","Gaming","16942593","7220790","9721803"
"Minute Media","Web","121135886","1501947","119633939"
"Xbox Cloud Gaming","Gaming","14598","4133","10465"
" Revolut","Web","18543","2697","15846"
"Jitsi","Real Time Audio/Video","17242","1483","15759"
"Coursera","Web","54168797","1937920","52230877"
"The Blaze","Web","269473","7539","261934"
"WordReference.com","Web","292197","12557","279640"
"Hotels.com","Web","1228903","140991","1087912"
"Indeed","Web","70762159","18300555","52461604"
"NHL.com","Web","778959","36225","742734"
"Official Major League Baseball","Web","360858209","4436638","356421571"
"Priceline.com","Web","29145405","3131374","26014031"
"Slate Magazine","Web","454885","147338","307547"
"The Telegraph","Web","1667973","55663","1612310"
"TIME","Web","76910","1604","75306"
"United Airlines","Web","31115983","9485761","21630222"
"OnlyFans","Web","546876","343701","203175"
"Nvidia","Web","124775","18080","106695"
"Geforce Now","Gaming","526883","118635","408248"
"Call of Duty Mobile","Gaming","81290","47105","34185"
"The Walt Disney Company","Web","1003944","268906","735038"
"Wired","Web","202930550","4332398","198598152"
"Kickstarter","Web","96382748","1727265","94655483"
"Indiegogo","Web","9960","1230","8730"
"FedEx","Web","1617385","352455","1264930"
"Kayak","Web","11125964","792361","10333603"
"Eventbrite","Web","2128963","24245","2104718"
"WarnerMedia","Web","223551423","3852888","219698535"
"Bilibili","Web","1457706315","28912597","1428793718"
"Wargaming","Web","79124","23252","55872"
"Riverbed","Tunneling and VPN","6722","1504","5218"
"ShoreTel","Business Collaboration","5750786","2519780","3231006"
"LWAPP","Business Application","2750","2750","0"
"ZoomPhone","Business Collaboration","81573","36016","45557"
