"Application","Category","Total Bytes","Bytes Received","Bytes Sent"
"Dailymotion.com","Media","194635179","3423780","191211399"
"Domain Name Service","Network Service","1274040928","695231515","578809413"
"Google Mail","Email","548305083","73907949","474397134"
"Google Search","Web","309368895","52867065","256501830"
"Google Maps","Web","39004863","1999520","37005343"
"HyperText Transfer Protocol","Web","3354391331","279261482","3075129849"
"HyperText Transfer Protocol Secure","Web","21384032932","1335456256","20048576676"
"Internet Control Message Protocol","Network Service","3931374365","2365363432","1566010933"
"Internet Message Access Protocol version 4","Email","104175749","37463150","66712599"
"Internet Message Access Protocol Secure","Email","13860679","3875789","9984890"
"Internet Protocol","Network Service","0","0","0"
"Internet Security Association and Key Management Protocol","Tunneling and VPN","256199250","12749278","243449972"
"XMPP Protocol (Jabber)","Business Collaboration","2269966","564324","1705642"
"McAfee Client update","Business Application","37565920","4388413","33177507"
"Network Time Protocol","Network Service","1362489","838452","524037"
"Remote Desktop Protocol (Windows Terminal Server)","Remote Desktop","131362","75306","56056"
"Session Initiation Protocol","Business Application","2871806","1835717","1036089"
"Skype and Teams","Business Collaboration","542282317","173342570","368939747"
"Simple Object Access Protocol","Network Service","1152498867","594590668","557908199"
"Secure Shell","Tunneling and VPN","26824253","13828296","12995957"
"Secure Socket Layer","Tunneling and VPN","13079932262","2097179355","10982752907"
"Session Traversal Utilities for NAT","Business Collaboration","313420798","63579195","249841603"
"Transmission Control Protocol","Other TCP/UDP","6516214833","5517064398","999150435"
"User Datagram Protocol","Other TCP/UDP","99821686074","9710197605","90111488469"
"Yahoo Search","Web","788164","55595","732569"
"Yahoo Mail v.2.0","Email","90196252","20474077","69722175"
"Youtube.com","Media","5740125655","233991947","5506133708"
"Facebook","Social Networking","103737966834","2360390787","101377576047"
"Google Ads","Web","961372856","98514739","862858117"
"Windows Live Hotmail","Email","136674828","20600786","116074042"
"Secure AIM","Internet Instant Messaging","1685711","87146","1598565"
"WordPress.com","Social Networking","13468996","395994","13073002"
"LinkedIn","Social Networking","49792523","5791342","44001181"
"Apple Generic Services","Web","8158096598","282005870","7876090728"
"Online Certificate Status Protocol","Business Application","17814003","4688098","13125905"
"Badoo.com","Internet Instant Messaging","81507068","5087116","76419952"
"Twitter","Social Networking","1461946613","61200438","1400746175"
"Yandex.ru","Web","3913074","2953307","959767"
"iTunes","Media","856277325","70169736","786107589"
"Spotify","Media","1229302399","66958411","1162343988"
"TeamViewer","Remote Desktop","293960777","182269411","111691366"
"Bing.com (formerly MSN Search)","Web","364640007","56646061","307993946"
"Windows Update","Web","8590438223","518720272","8071717951"
"Chrome Update","Web","210071204","8488182","201583022"
"Opera Update","Web","1378226","299148","1079078"
"Viber","Real Time Audio/Video","79407117","32975513","46431604"
"Netflix.com","Media","24587100826","422457374","24164643452"
"Google Analytics,Google Marketing Platform","Web","107301463","23780382","83521081"
"Google GStatic","Web","669982955","41465818","628517137"
"Portal.TidalTV.com","Web","623171","154753","468418"
"Google Generic","Web","635858804","140093723","495765081"
"AccuWeather","Web","13768936","2263628","11505308"
"Amazon Generic Services","Web","1824831795","699424370","1125407425"
"Nike.com","Web","35932930","4506883","31426047"
"Weather.com","Web","19211320","2489695","16721625"
"WhatsApp Messenger","Internet Instant Messaging","7007541046","3314864268","3692676778"
"Apple App Store","Web","5588136742","98229002","5489907740"
"Windows Marketplace","Web","1274662569","105713360","1168949209"
"Apple FaceTime","Real Time Audio/Video","485618929","263580159","222038770"
"Apple Push Notification Service","Web","248993241","150380348","98612893"
"iOS over-the-air (OTA) update","Web","1294458896","19791435","1274667461"
"Samsung Apps","Web","234195364","8853345","225342019"
"Google Play Store","Media","498947226","153040873","345906353"
"iCloud (Apple)","Storage and Backup","1477728939","567839703","909889236"
"Instagram","Web","28978173294","908104710","28070068584"
"SoundCloud","Media","82958463","2653342","80305121"
"Amazon Web Services/Cloudfront CDN","Infrastructure","4097449680","872077018","3225372662"
"Akamai Technologies CDN","Web","3006761633","44544047","2962217586"
"Microsoft Azure (previously Windows Azure)","Infrastructure","123371055","5635841","117735214"
"Yahoo.com","Web","371536354","37732155","333804199"
"Google Talk (incl. Hangouts and Allo and Duo)","Real Time Audio/Video","1165538365","483563639","681974726"
"CloudFlare CDN","Infrastructure","2316106969","100279090","2215827879"
"Microsoft Office 365","Business Collaboration","1523694209","144263069","1379431140"
"Pinterest","Web","348047581","21563926","326483655"
"Microsoft Outlook (Office 365)","Business Application","2008236117","248865741","1759370376"
"Reddit.com","Web","228915112","7164960","221750152"
"Internet Movie Database","Web","613723","49091","564632"
"Apple SIRI","Web","42710744","32365320","10345424"
"Ouedkniss.com","Web","13132740","510239","12622501"
"Google Accounts","Web","77025359","33151731","43873628"
"Amazon Ad System","Web","112817129","21673803","91143326"
"Aol","Web","1481049","199844","1281205"
"Snapchat","Social Networking","5036028014","171857899","4864170115"
"Turn","Web","2383622","596343","1787279"
"ScorecardResearch","Web","13918681","4473533","9445148"
"Quantcast","Web","7684704","1606957","6077747"
"Telegram","Internet Instant Messaging","527129012","15815796","511313216"
"Symantec","Web","422489931","9743303","412746628"
"Oracle","Web","3523317","1086033","2437284"
"Bitstrips","Social Networking","40664263","1867895","38796368"
"TRUSTe","Web","27065624","928858","26136766"
"Criteo","Web","85442013","14397652","71044361"
"Adobe","Business Application","109472862","18087224","91385638"
"Google Safe Browsing","Web","8213203","1943629","6269574"
"Inneractive","Web","17669909","11356327","6313582"
"Flurry","Business Application","5981810","2686023","3295787"
"Samsung","Web","199144849","108750488","90394361"
"Crashlytics","Web","27426837","2775117","24651720"
"Brightcove","Media","130612158","2648605","127963553"
"Facebook Messenger","Internet Instant Messaging","5166608836","1604493137","3562115699"
"InMobi","Web","18902681","8494358","10408323"
"AppsFlyer","Business Application","26427838","11717355","14710483"
"Gravatar","Business Collaboration","439591","75692","363899"
"FreeWheel","Web","1437816","338737","1099079"
"Stickyads","Web","29069099","9412409","19656690"
"Mixpanel","Web","9128912","7004207","2124705"
"Smart AdServer","Web","56065776","21878407","34187369"
"Google Cloud Storage","Web","1468566926","1272897385","195669541"
"Google Cloud Messaging","Web","78255351","18182977","60072374"
"Apple Location","Web","1802109603","186611930","1615497673"
"Flipboard","Web","7660250","893769","6766481"
"OpenX","Web","8632381","3101731","5530650"
"PubMatic","Web","74667223","32170426","42496797"
"Index Exchange (previously Casale Media)","Web","23740087","7854434","15885653"
"LOTAME","Web","5413538","1160777","4252761"
"Rubicon Project","Web","70748619","25803064","44945555"
"Sizmek (previously MediaMind)","Web","14285131","1129987","13155144"
"AppNexus","Web","196280063","108868738","87411325"
"Rlcdn","Web","4820343","1011972","3808371"
"HyperText Transfer Protocol version 2","Web","5487809245","702558583","4785250662"
"Advertising.com","Web","2549482","989017","1560465"
"Google Tag Manager","Web","135834341","6497493","129336848"
"Facebook Embedded Video","Media","4072034602","36269678","4035764924"
"Ad Safe Protected","Web","68068573","11999290","56069283"
"Helpshift","Web","323909","73584","250325"
"Adjust.com","Web","9015770","3429635","5586135"
"Atlas Solutions","Web","620921","201731","419190"
"Urbanairship","Web","1396244","424308","971936"
"BootstrapCDN","Web","1781785","132172","1649613"
"Outbrain","Web","50402396","10660715","39741681"
"Fastly","Web","292807","23234","269573"
"Unruly","Web","3722017","1704491","2017526"
"Rogers TV","Web","37459466","8804702","28654764"
"Applovin","Web","195249285","50875895","144373390"
"Android connectivity Manager","Network Service","12634216","7193327","5440889"
"Moat","Web","72729609","18951970","53777639"
"Krux","Web","82878239","2445490","80432749"
"Periscope","Media","365744018","6515704","359228314"
"Microsoft Office OneNote (Office 365)","Business Application","8777439","781912","7995527"
"Heap","Web","29536961","21543042","7993919"
"Branch Metrics","Web","14173185","3743178","10430007"
"Optimizely","Web","5116901","612832","4504069"
"Taboola","Web","187735923","29663033","158072890"
"Mapbox","Web","32787663","1479241","31308422"
"Rollout","Web","1184982","364543","820439"
"Rackspace","Web","1260966624","114977988","1145988636"
"Smaato","Web","6710849","3646793","3064056"
"Verizon","Web","4337085","2649204","1687881"
"MediaMath","Web","5237969","1722409","3515560"
"LKQD","Web","2719648","1274675","1444973"
"jQuery","Web","6378629","358903","6019726"
"Everest Technologies","Web","7453923","2375279","5078644"
"SpotXchange","Web","2122831","710173","1412658"
"Microsoft OneDrive","Web","1644997281","706457462","938539819"
"Microsoft","Web","1691919268","548568031","1143351237"
"Revcontent","Web","13263130","1352997","11910133"
"New Relic","Web","26695326","15252676","11442650"
"Uber (formerly UberCab)","Web","32515879","3193944","29321935"
"ICY (I Can Yell)","Media","2488221","85878","2402343"
"Conversant","Web","3423663","1256635","2167028"
"Bazaarvoice","Web","6467302","394837","6072465"
"Teads","Web","11001054","2380123","8620931"
"Adform","Web","20409210","2651947","17757263"
"hotjar","Web","8900395","1522233","7378162"
"ZoomMeetings","Business Collaboration","1144479223","318170934","826308289"
"HyperText Transfer Protocol proxy","Network Service","2224130","763987","1460143"
"Tinder","Web","40633819","2981073","37652746"
"GIPHY","Web","247501538","4617972","242883566"
"Firebase Cloud Messaging","Web","175284020","57992975","117291045"
"Bidswitch","Web","12655698","5204004","7451694"
"Sharethrough","Web","33154094","12890868","20263226"
"Aerserv","Web","12616","2002","10614"
"AdColony","Web","22377535","7673948","14703587"
"Yieldmo","Web","6142745","1190257","4952488"
"MGID","Web","2289033","223783","2065250"
"DoubleVerify","Web","49002164","11635810","37366354"
"Media Innovation Group","Web","1103544","319655","783889"
"Avast","Web","20670899","2268058","18402841"
"Okta","Web","39762779","7915330","31847449"
"PulsePoint","Web","3760014","1340127","2419887"
"eXelate","Web","1310970","346175","964795"
"Sonobi","Web","2089759","759303","1330456"
"Amplitude","Web","22264217","20281355","1982862"
"Google Cloud Platform","Web","14121857","5358631","8763226"
"Microsoft teams","Internet Instant Messaging","5378824797","2098951194","3279873603"
"Tenor","Web","51456567","562735","50893832"
"Cisco","Web","6521977","766686","5755291"
"IronSource","Business Application","87316318","6897553","80418765"
"Simpli.fi","Web","1704033","447344","1256689"
"ByteDance","Web","113623129","18170768","95452361"
"TikTok (Musical.ly)","Social Networking","44615962945","1352969779","43262993166"
"Visual IQ","Web","263850","81832","182018"
"Discord","Internet Instant Messaging","871319759","512765739","358554020"
"Apple News","Web","110737230","5118700","105618530"
"Vungle","Web","212543225","5009671","207533554"
"Google APIs","Web","4103850584","1076190890","3027659694"
"Amazon Cognito","Web","15112732","4760412","10352320"
"Unknown virtual protocol","Unclassified","4598539","127003","4471536"
"Unknown virtual protocol","Unclassified","54152091","23267869","30884222"
"Google Pay","Web","5871535","1395155","4476380"
"Qwant","Web","824184","46088","778096"
"Google Messages","Internet Instant Messaging","39415750","14739115","24676635"
"JWPLAYER","Web","385014173","16067600","368946573"
"Shopify","Web","24481096","1302547","23178549"
"Uber Eats","Web","2861769","314303","2547466"
"KOCHAVA","Web","846024","225897","620127"
"Spotify Audio","Real Time Audio/Video","300798614","4551740","296246874"
"Go Daddy","Web","1294883","144893","1149990"
"Digicert","Web","336488646","4308696","332179950"
"Font Awesome","Web","4324418","341993","3982425"
"Intercom","Web","15694573","6022380","9672193"
"SD-WAN Control","SD-WAN","20667871626","10975498290","9692373336"
"SD-WAN Management","SD-WAN","3658774592","1508961390","2149813202"
"TencentMeeting","Business Collaboration","200653252","35331595","165321657"
"Twitch","Media","175273653","2472112","172801541"
"Ensighten","Web","2690491","268147","2422344"
"Google Secure User Plane Location","Web","298294","52499","245795"
"AnchorFree","Tunneling and VPN","171271","35589","135682"
"Pendo","Web","2982520","293857","2688663"
"BitTorrent","Peer to Peer","355345","162389","192956"
"eBay.com","Web","20985175","1925339","19059836"
"File Transfer Protocol","File Sharing","9931","5132","4799"
"Google Earth","Web","31353070","2207370","29145700"
"IPsec (AH and ESP)","Tunneling and VPN","69760814","41855444","27905370"
"Kerberos","Authentication","6441","4320","2121"
"Netbios Name Service","Network Service","91962","91962","0"
"Secure POP3","Email","10312341","436418","9875923"
"Port Mapper","Network Service","4212","2880","1332"
"QQ","Internet Instant Messaging","65367","5279","60088"
"Real Time Control Protocol","Business Collaboration","3672","3368","304"
"Real Time Protocol","Business Collaboration","266839816","125819164","141020652"
"Server Message Block (Windows File Server)","File Sharing","9083","6530","2553"
"Simple Mail Transfer Protocol","Email","9878","5376","4502"
"Simple Mail Transfer Protocol Secure","Email","18543","14823","3720"
"Simple Network Management Protocol","Management","331305","331305","0"
"Wikipedia.com","Web","24222808","736829","23485979"
"X Window System","Business Application","6318","4320","1998"
"MPEG-Transport Stream","Real Time Audio/Video","1485623200","9196620","1476426580"
"Gmail Mobile","Email","46658","23170","23488"
"Expedia.fr","Web","1897965","397220","1500745"
"Travelocity.com","Web","2205087","69735","2135352"
"Realtor.com","Web","10615","1687","8928"
"Flickr","Social Networking","1304","465","839"
"Deezer","Web","11608594","285673","11322921"
"Mail.ru Webmail","Email","17599","3643","13956"
"Real Time Messaging Protocol","Network Service","67894428","596549","67297879"
"Steampowered.com","Gaming","32683152930","1061351216","31621801714"
"Xbox Live","Gaming","8066445","766373","7300072"
"Foursquare.com","Web","403914","94381","309533"
"Goodreads.com","Web","16972","4282","12690"
"Meetup","Web","64580","14663","49917"
"ResearchGATE.net","Web","1238719","24704","1214015"
"Tumblr","Social Networking","120294","17337","102957"
"Vk.com (Vkontakte)","Social Networking","24119","7388","16731"
"Yammer.com","Business Application","1018612","45346","973266"
"Yelp.com","Web","2950034","62210","2887824"
"T.38","Network Service","6930","2898","4032"
"Baidu.com","Web","836401","45874","790527"
"Adobe Flash Plugin Update","Web","244801","40343","204458"
"Firefox Update","Web","80231631","1301470","78930161"
"Java Update","Web","1004138","133758","870380"
"Apple Update","Web","20969347","466759","20502588"
"icecast","Media","3873686","79540","3794146"
"BitDefender Update","Web","51841297","3508670","48332627"
"Symantec Norton AntiVirus Updates","Web","4139202","51746","4087456"
"Tango Video Calls","Real Time Audio/Video","4361115","884691","3476424"
"Microsoft SharePoint","Business Application","5251692","166388","5085304"
"Box","File Sharing","36265","3433","32832"
"Dropbox","Storage and Backup","635876512","279312796","356563716"
"Google Translate","Web","3561276","622549","2938727"
"MediaFire.com","File Sharing","113403681","691570","112712111"
"Psiphon","Web","346307","20052","326255"
"Salesforce","Business Application","2612623","769031","1843592"
"Tokbox.com","Web","493893515","314657633","179235882"
"SiriusXm.com","Media","3243","380","2863"
"YouKu","Media","491693","433986","57707"
"GoToMeeting Online Meeting","Business Collaboration","21284640","144344","21140296"
"WebEx","Business Collaboration","702042","182294","519748"
"Acer","Web","74846","19706","55140"
"Adobe Acrobat DC (Document Cloud)","Web","2221539","647776","1573763"
"Alexa","Web","83704","8805","74899"
"AlJazeera.net","Web","1560901","371942","1188959"
"AlloCine","Web","458078","10825","447253"
"AmericanExpress","Web","27499","9427","18072"
"Blogger","Web","1220838","64823","1156015"
"Capital One","Web","17762563","2700613","15061950"
"CNN (Cable News Network)","Web","346921","180262","166659"
"Comcast","Web","1886338","546379","1339959"
"Daily Mail","Web","356160","52809","303351"
"Fox News","Web","8485","1312","7173"
"Groupon","Web","495972","33045","462927"
"Intuit.com","Business Application","14688283","10720148","3968135"
"Kaspersky.com","Web","1209811","588217","621594"
"Mozilla.com - Mozilla.org","Web","31021738","14076844","16944894"
"NASA.gov","Web","9239776","137636","9102140"
"Naver Corporation (formerly NHN Corporation)","Web","16159441","537157","15622284"
"NBA.com","Web","28615","7585","21030"
"National Football League (NFL.com)","Web","2537198","656428","1880770"
"PlayStation.com","Web","85682134","4878993","80803141"
"Sky","Web","307705","8244","299461"
"SurveyMonkey.com","Web","73852","11539","62313"
"TF1.fr","Web","839604","29101","810503"
"Vimeo","Web","791316037","9345292","781970745"
"Xbox","Gaming","88935","13237","75698"
"Xvideos.com","Media","137119","28443","108676"
"Sina.com.cn","Internet Instant Messaging","12090306","452496","11637810"
"Sina Weibo","Web","97376205","4171666","93204539"
"Taobao","Web","22466055","2485208","19980847"
"QQ WeiBo","Web","4886","805","4081"
"Google App Engine","Business Application","1588499","762668","825831"
"Line","Internet Instant Messaging","22032","4029","18003"
"Shazam","Web","2912953","335423","2577530"
"TuneIn","Real Time Audio/Video","16291626","507406","15784220"
"KakaoTalk","Internet Instant Messaging","23303","6755","16548"
"Amazon Prime Video","Media","883435113","22726476","860708637"
"QQ.com","Web","7499377","1264329","6235048"
"163.com","Web","12682","4604","8078"
"Ifeng.com","Web","5435","1562","3873"
"Alipay","Web","425749","233847","191902"
"360.cn","Web","8051","5540","2511"
"Alibaba.com","Web","2837265","970876","1866389"
"Limelight Networks CDN","Web","2070326174","37246625","2033079549"
"Datagram Transport Layer Security","Tunneling and VPN","14081949","4158490","9923459"
"ISO Base Media File Format","Real Time Audio/Video","144523121","4116874","140406247"
"WeChat","Internet Instant Messaging","538674327","8420110","530254217"
"MiTalk Messenger (Miliao)","Internet Instant Messaging","30546","3670","26876"
"MEGA","Peer to Peer","546","300","246"
"Rakuten.co.jp","Web","689573","48557","641016"
"QQ Games","Gaming","23237","10486","12751"
"Udn.com","Web","7771","3244","4527"
"Zoho Corporation","Business Application","223081","20669","202412"
"Nokia Here API","Web","12568078","413950","12154128"
"Microsoft SharePoint Online (Office 365)","Business Application","488122923","32675597","455447326"
"Speedtest","File Sharing","80204737","1015268","79189469"
"ESPN.go.com","Web","464014","47585","416429"
"Imgur.com","Storage and Backup","43938101","432820","43505281"
"Google Documents (aka Google Drive)","Storage and Backup","127604632","81361411","46243221"
"Apple Maps","Web","320644","20808","299836"
"WebSocket","Network Service","1480422","545424","934998"
"Bet365.com","Web","20129","4750","15379"
"Mendeley.com","File Sharing","7159","4285","2874"
"Microsoft Skype for Business (formerly Microsoft Lync)","Business Collaboration","2120","1066","1054"
"Paypal.com","Web","9398137","1455105","7943032"
"BBC","Web","1182468","108367","1074101"
"CommentCaMarche.net","Web","102481","13646","88835"
"ElPais.com","Web","291297","16959","274338"
"Kooora.com","Web","1528927","102331","1426596"
"Goal.com","Web","19672","4507","15165"
"craigslist","Web","1634","774","860"
"Hespress.com","Web","5189","428","4761"
"Kijiji.ca","Web","63617535","3734895","59882640"
"Internet Small Computer Systems Interface","Network Service","350","92","258"
"Background Intelligent Transfer Service","File Sharing","81587818","5287255","76300563"
"Seznam.cz","Web","7676","1586","6090"
"Hotspot Shield","Tunneling and VPN","154671","70891","83780"
"Conviva","Infrastructure","253952","139840","114112"
"EdgeCast Networks CDN","Infrastructure","6427","1612","4815"
"AliExpress.com","Web","67208834","2617576","64591258"
"Wp.pl","Web","66844","23607","43237"
"Ask.fm","Social Networking","28685","2861","25824"
"Stuff.co.nz","Web","2914921","116365","2798556"
"Zing.vn","Web","9931","2857","7074"
"Over-blog","Web","252660","8652","244008"
"News","Web","97642","1627","96015"
"Gameloft Games","Gaming","40213642","2043985","38169657"
"AddThis","Web","6622278","509877","6112401"
"Candy Crush Saga","Gaming","486657","228853","257804"
"King Digital Entertainment","Gaming","3300393","80778","3219615"
"Waze Social GPS Maps & Traffic","Web","3762196","387942","3374254"
"Huffington Post","Web","93086","2620","90466"
"OpenStreetMap","Infrastructure","529945","35580","494365"
"Videoplaza","Web","43344","6163","37181"
"Zendesk","Business Collaboration","9761411","679557","9081854"
"Beatport","Media","291084","46605","244479"
"BoldChat Live Chat","Internet Instant Messaging","571035","180312","390723"
"Xiaomi","Web","1864804","597237","1267567"
"Turner","Web","84409","14031","70378"
"Nielsen","Web","1706546","236684","1469862"
"zalo","Internet Instant Messaging","4881","2480","2401"
"Elwatannews","Web","111260","16380","94880"
"ASANA","Web","6704976","1492933","5212043"
"Mubi","Media","107174","4666","102508"
"Cedexis","Web","1168795","300556","868239"
"Lazada","Web","4123314","256821","3866493"
"Gettyimages","Web","2185606","78183","2107423"
"Google Calendar","Web","8057134","2350762","5706372"
"Theladbible","Web","99458","5102","94356"
"CPMSTAR","Web","107791","21907","85884"
"ADTECH","Web","392653","61825","330828"
"AOL One","Web","3841397","173597","3667800"
"Realestate","Web","222454","40752","181702"
"Constant Contact","Web","159645","10521","149124"
"GitHub","Web","48415475","1943374","46472101"
"Skynewsarabia","Web","153912","23676","130236"
"My.com","Web","32015","12556","19459"
"Bizographics","Web","41749","8319","33430"
"Scotiabank","Web","3808806","659138","3149668"
"Apple Music","Media","640671698","12524632","628147066"
"HideMyAss","Anonymizers and Proxies","606534","14907","591627"
"CBS Video","Web","5911488","160128","5751360"
"LogMeIn","Remote Desktop","671104","44256","626848"
"Disney Channel","Web","257568","11369","246199"
"UpLynk","Web","236155607","1062188","235093419"
"NBC","Web","521035","16051","504984"
"Localytics","Web","878464","224499","653965"
"MoPub","Web","664591","198121","466470"
"Microsoft Translator (Bing Translator)","Web","149339","33177","116162"
"Perform","Web","85404","6387","79017"
"Olark","Web","30253","1884","28369"
"Liveperson","Web","8599793","1020015","7579778"
"Zopim","Web","2293266","729391","1563875"
"Uptodown","Web","27965810","394923","27570887"
"Microsoft Excel Online (Office 365)","Web","92932809","53958795","38974014"
"Signal","Web","321793","60360","261433"
"LiveChat","Web","5047335","314920","4732415"
"Riffsy (Tenor.co)","Web","27606839","452566","27154273"
"Tune","Web","26847","6230","20617"
"LIGATUS","Web","6670","684","5986"
"Braintree","Web","744902","307946","436956"
"Lookout Mobile Security","Business Application","20948","13373","7575"
"TubeMogul","Web","563023","83598","479425"
"Umeng","Web","1831560","950428","881132"
"MobFox","Web","43092","9087","34005"
"Google Photos (formerly Google Picasa)","Web","427862050","404993331","22868719"
"Liftoff","Web","1379675","507835","871840"
"Slack","Web","75388567","52514507","22874060"
"Younow","Web","2793454","1389203","1404251"
"MQ Telemetry Transport","Network Service","5256","2540","2716"
"Clicktale","Web","6533265","5179256","1354009"
"Pokemon GO","Gaming","1302181","541984","760197"
"CDNetworks","Infrastructure","6339415","211120","6128295"
"Weborama","Web","413239","97814","315425"
"Highwinds","Web","367246777","5206043","362040734"
"Innovid","Web","92809487","2411875","90397612"
"StackExchange","Web","69908","4226","65682"
"StackOverflow","Web","1628416","109900","1518516"
"Wix","Web","972735","313088","659647"
"Heroku","Web","58239","14695","43544"
"IMO Video Calling Application","Media","567737","167607","400130"
"Clash of Clans","Gaming","3443296","225138","3218158"
"Supercell","Gaming","309581","51567","258014"
"Amazon Music","Media","51264114","9928139","41335975"
"Microsoft Word Online (Office 365)","Business Collaboration","58717199","8057559","50659640"
"Microsoft Powerpoint Online (Office 365)","Business Collaboration","12024633","797182","11227451"
"Signal Private Messenger (Open Whisper Systems)","Internet Instant Messaging","4816176","1437014","3379162"
"StreamRail","Media","116037","43605","72432"
"Bugsnag","Web","1013625","411025","602600"
"Apple Game Center","Gaming","3269485","670101","2599384"
"Nintendo","Gaming","14132012","2601599","11530413"
"OpenRTB","Web","2264115","2062097","202018"
"ADventori","Web","171895","38887","133008"
"Tealium","Web","1528410","272607","1255803"
"Audible","Real Time Audio/Video","40916","26183","14733"
"Oriental Daily News (on.cc)","Web","1004029","38179","965850"
"Flashtalking","Web","20011615","2245669","17765946"
"Samsung Update","Web","3023114980","27583891","2995531089"
"Huawei","Web","1726148","628383","1097765"
"ULP","Network Service","44207","2932","41275"
"MaxCDN","Web","2342062","36409","2305653"
"Booking.com","Web","21600421","1811765","19788656"
"Walmart","Web","57137","11160","45977"
"DocuSign","Web","1363031","62360","1300671"
"WeTransfer","Web","116074808","889222","115185586"
"Microsoft Power BI (Office 365)","Web","19419","1579","17840"
"Autodesk Fusion 360","Tunneling and VPN","82880","26342","56538"
"Cloudinary","Web","3533625","111408","3422217"
"Le360","Web","5263434","175805","5087629"
"Optus","Web","785165","33339","751826"
"T-Mobile","Web","12729","4033","8696"
"Vivox","Internet Instant Messaging","751138","411706","339432"
"Kahoot!","Web","310167","34543","275624"
"Sportradar","Web","478395","71566","406829"
"Wall Street Journal","Web","119446","4398","115048"
"Niantic, Inc","Web","38731","9635","29096"
"Clash Royale","Gaming","835923","344119","491804"
"UpLive","Internet Instant Messaging","35856283","602838","35253445"
"Origin","Web","12223800","4410332","7813468"
"Instructure","Web","173661","9881","163780"
"Electronic Arts","Web","208740462","65946484","142793978"
"Facebook Lite","Social Networking","3245749","459804","2785945"
"streamRoot","Web","3060","496","2564"
"Digioh","Web","588606","21740","566866"
"Apptimize","Web","138950","36276","102674"
"UC Browser","Web","1635123","1491948","143175"
"x_vpn","Tunneling and VPN","121544","27714","93830"
"Data Saver","Web","2621950","192083","2429867"
"Adtelligent","Web","1305712","476848","828864"
"Akamai Video","Media","347863","95498","252365"
"Appnext","Web","1143417","107302","1036115"
"Fox Networks","Web","11683","2570","9113"
"9GAG","File Sharing","3602","752","2850"
"textPlus","Internet Instant Messaging","50318","9813","40505"
"Epic_games","Gaming","61134952","4479385","56655567"
"Unreal_engine","Gaming","11583","2167","9416"
"Disqus","Web","10685688","1081551","9604137"
"Grammarly","Web","5063558","956186","4107372"
"Ubisoft","Gaming","29387037","1598201","27788836"
"RingCentral","Business Collaboration","76040","3548","72492"
"Google News","Web","220580","17014","203566"
"Google One","Web","181880","28140","153740"
"Alibaba Group","Web","356951","80895","276056"
"Alibaba Cloud","Web","7316560","373113","6943447"
"CyberGhost","Tunneling and VPN","644415","162569","481846"
"Discourse","Web","3207445","84137","3123308"
"ExpressVPN","Tunneling and VPN","524286","173390","350896"
"Account Kit","Web","161302","55431","105871"
"Monday.com","Web","885078","339987","545091"
"Wish","Web","4616801","704514","3912287"
"ProtonMail","Email","28450","4581","23869"
"AWS Console","Business Application","182748","98830","83918"
"iBooks","Web","337811","34883","302928"
"Tesla","Web","120102","27006","93096"
"Google GSuite","Web","4300541","2399801","1900740"
"W3Schools","Web","1261978","49758","1212220"
"OpenSignal","Web","34998","11711","23287"
"TripAdvisor","Web","281537","24260","257277"
"Moodle","Social Networking","51560262","1897449","49662813"
"PubNub","Web","965027","481363","483664"
"Unknown virtual protocol","Unclassified","1280212289","19445160","1260767129"
"Unknown virtual protocol","Unclassified","2184359","94693","2089666"
"Unknown virtual protocol","Unclassified","2866730","112006","2754724"
"Unknown virtual protocol","Unclassified","33807441","3927933","29879508"
"NetEase","Web","43100","9221","33879"
"Unknown virtual protocol","Unclassified","44621","13591","31030"
"Unknown virtual protocol","Unclassified","1228987","705634","523353"
"Unknown virtual protocol","Unclassified","2551869","108104","2443765"
"Eurosport","Web","1521663","85017","1436646"
"Bumble","Web","42783223","4676737","38106486"
"Acast","Real Time Audio/Video","388885","38162","350723"
"Talkatone","Internet Instant Messaging","424304","222787","201517"
"Wireguard","Tunneling and VPN","1330015938","52936696","1277079242"
"Firework","Internet Instant Messaging","351290","45095","306195"
"Bigo","Web","1379685","78039","1301646"
"BAMTech","Real Time Audio/Video","7033077","2316325","4716752"
"Disney Plus","Real Time Audio/Video","330915753","1916648","328999105"
"Engage Digital","Network Service","328847","12108","316739"
"Agora","Network Service","17231","2084","15147"
"Quora","Social Networking","1115919","49085","1066834"
"Airbnb","Web","2317212","300693","2016519"
"Activision-Blizzard","Web","1268061","17034","1251027"
"Wangwang","Internet Instant Messaging","263792","140842","122950"
"Advanced Hosting","Web","42517","2439","40078"
"Workday","Business Application","504124","129852","374272"
"StackPath","Web","440506","29960","410546"
"DoorDash","Web","478507","195464","283043"
"Fifa","Gaming","54268845","1005779","53263066"
"Roblox","Gaming","857709976","76056550","781653426"
"Likee","Internet Instant Messaging","442092","77003","365089"
"Acronis Backup","File Sharing","508893","45951","462942"
"Citrix","Web","64790","16792","47998"
"Digital Turbine","Web","895638319","5335456","890302863"
"Pluto TV","Real Time Audio/Video","3980043","260621","3719422"
"adRise","Real Time Audio/Video","25452","2592","22860"
"Tubi TV","Real Time Audio/Video","38205186","286625","37918561"
"Demandbase","Web","181402","11332","170070"
"Sift Science","Web","195956","48075","147881"
"Amazon Alexa Assistant","Business Collaboration","689991","142339","547652"
"Yubo","Internet Instant Messaging","193212473","25945390","167267083"
"Connatix","Real Time Audio/Video","4885857","367290","4518567"
"Minute Media","Web","9973947","157840","9816107"
"UserReport","Web","724188","82505","641683"
"Contentful","Web","152788581","4123907","148664674"
"Coursera","Web","3270230","85008","3185222"
"Hotels.com","Web","542274","192301","349973"
"Indeed","Web","5901973","787817","5114156"
"NHL.com","Web","18181976","565847","17616129"
"TMZ","Web","966723","48725","917998"
"OnlyFans","Web","19215","4173","15042"
"Nvidia","Web","945928770","13178098","932750672"
"Geforce Now","Gaming","11556835","545618","11011217"
"Call of Duty Mobile","Gaming","835719611","14536015","821183596"
"Kayak","Web","26281344","851481","25429863"
"Eventbrite","Web","1435318","18238","1417080"
"WarnerMedia","Web","7445672","270231","7175441"
"Datadog","Web","24951","14416","10535"
"ShoreTel","Business Collaboration","30132","13260","16872"
"ZoomPhone","Business Collaboration","50279","26326","23953"
