"Application","Category","Total Bytes","Bytes Received","Bytes Sent"
"Domain Name Service","Network Service","1896285025","931713246","964571779"
"Google Mail","Email","1685663794","196042513","1489621281"
"Google Search","Web","545635562","92366934","453268628"
"Google Maps","Web","46861135","6854741","40006394"
"HyperText Transfer Protocol","Web","9043331263","575905454","8467425809"
"HyperText Transfer Protocol Secure","Web","17557480068","1761735258","15795744810"
"Internet Control Message Protocol","Network Service","4429923905","2661969182","1767954723"
"Internet Message Access Protocol version 4","Email","114311395","41327438","72983957"
"Internet Message Access Protocol Secure","Email","21714534","2590244","19124290"
"Internet Protocol","Network Service","0","0","0"
"Network Time Protocol","Network Service","1427962","809272","618690"
"Skype and Teams","Business Collaboration","65140635","7935006","57205629"
"Simple Object Access Protocol","Network Service","1742446568","1043926232","698520336"
"Secure Shell","Tunneling and VPN","22998649","12543846","10454803"
"Secure Socket Layer","Tunneling and VPN","36648960350","7242298912","29406661438"
"Session Traversal Utilities for NAT","Business Collaboration","377018117","188930258","188087859"
"Transmission Control Protocol","Other TCP/UDP","7588511064","5313761088","2274749976"
"User Datagram Protocol","Other TCP/UDP","153690435110","22910692165","130779742945"
"Youtube.com","Media","8541704869","658723306","7882981563"
"Facebook","Social Networking","58714363568","1950151393","56764212175"
"Google Ads","Web","1022381051","167619687","854761364"
"Windows Live Hotmail","Email","129116691","20824184","108292507"
"Secure AIM","Internet Instant Messaging","342626","58917","283709"
"Realtor.com","Web","4701386","43561","4657825"
"LinkedIn","Social Networking","166779383","14812457","151966926"
"Apple Generic Services","Web","15985840880","421065275","15564775605"
"Online Certificate Status Protocol","Business Application","23439961","9538125","13901836"
"Twitter","Social Networking","1387067082","49106561","1337960521"
"Yandex.ru","Web","3263369","827849","2435520"
"iTunes","Media","1733113370","172699884","1560413486"
"Spotify","Media","2022179285","143272078","1878907207"
"TeamViewer","Remote Desktop","667457797","386860072","280597725"
"Bing.com (formerly MSN Search)","Web","385012360","84628524","300383836"
"Windows Update","Web","7985159507","569475025","7415684482"
"Chrome Update","Web","230085000","16359981","213725019"
"Opera Update","Web","739636","204829","534807"
"Viber","Real Time Audio/Video","227815003","49911330","177903673"
"Netflix.com","Media","26646714060","451824713","26194889347"
"Google Analytics,Google Marketing Platform","Web","239717553","60823679","178893874"
"Google GStatic","Web","2960872268","100713873","2860158395"
"Portal.TidalTV.com","Web","708172","180026","528146"
"Google Generic","Web","986949601","156669805","830279796"
"Acer","Web","9023","2744","6279"
"Amazon Generic Services","Web","2824399721","1012474684","1811925037"
"Weather.com","Web","34968137","2533140","32434997"
"WhatsApp Messenger","Internet Instant Messaging","10306098767","3806459115","6499639652"
"Apple App Store","Web","12900904597","254551824","12646352773"
"Windows Marketplace","Web","455594070","43154219","412439851"
"Apple Push Notification Service","Web","433901225","276812352","157088873"
"iOS over-the-air (OTA) update","Web","5211815266","92863229","5118952037"
"Samsung Apps","Web","256375947","7855460","248520487"
"Google Play Store","Media","1497026776","166385079","1330641697"
"iCloud (Apple)","Storage and Backup","5111511454","1583505413","3528006041"
"Instagram","Web","67701476103","2576240372","65125235731"
"SoundCloud","Media","382407334","11742939","370664395"
"Amazon Web Services/Cloudfront CDN","Infrastructure","43755179996","30993403293","12761776703"
"Akamai Technologies CDN","Web","7007502752","109220024","6898282728"
"Zynga.com","Gaming","2021333","743101","1278232"
"Microsoft Azure (previously Windows Azure)","Infrastructure","58524693","5091690","53433003"
"Yahoo.com","Web","1031961809","73749034","958212775"
"MiTalk Messenger (Miliao)","Internet Instant Messaging","153932","16093","137839"
"Rakuten.co.jp","Web","1492311","253139","1239172"
"CloudFlare CDN","Infrastructure","8299955925","275873427","8024082498"
"Microsoft Office 365","Business Collaboration","721651020","87228136","634422884"
"Pinterest","Web","389577976","19310453","370267523"
"Microsoft Outlook (Office 365)","Business Application","754917715","172629169","582288546"
"Reddit.com","Web","1836381034","47312588","1789068446"
"Apple SIRI","Web","97928605","57183654","40744951"
"Bet365.com","Web","1226187","175185","1051002"
"Kijiji.ca","Web","115980984","6066346","109914638"
"Google Accounts","Web","248812044","56941722","191870322"
"Amazon Ad System","Web","106106902","32472834","73634068"
"Aol","Web","19878584","2066383","17812201"
"Snapchat","Social Networking","11340421351","591229107","10749192244"
"Turn","Web","2106564","544017","1562547"
"ScorecardResearch","Web","29247369","5987190","23260179"
"Quantcast","Web","11749588","1996210","9753378"
"Symantec","Web","405432998","9863363","395569635"
"Oracle","Web","3404944","972298","2432646"
"Bitstrips","Social Networking","247648228","8618011","239030217"
"TRUSTe","Web","10251478","835180","9416298"
"Criteo","Web","89688671","23100020","66588651"
"Adobe","Business Application","1298490060","101301766","1197188294"
"Google Safe Browsing","Web","70568386","32964497","37603889"
"Samsung","Web","60992993","16531209","44461784"
"Crashlytics","Web","127636153","6558314","121077839"
"Brightcove","Media","18633523","1323919","17309604"
"Facebook Messenger","Internet Instant Messaging","15638864870","10074608060","5564256810"
"InMobi","Web","16547531","7485543","9061988"
"AppsFlyer","Business Application","37120155","11368531","25751624"
"FreeWheel","Web","1931062","673197","1257865"
"Xiaomi","Web","16596656","3328454","13268202"
"Nielsen","Web","2511724","501822","2009902"
"Stickyads","Web","14416643","5091262","9325381"
"Mixpanel","Web","16457867","11256419","5201448"
"Smart AdServer","Web","51818360","19079035","32739325"
"Google Cloud Storage","Web","14166440969","13596006102","570434867"
"Google Cloud Messaging","Web","90255058","23665030","66590028"
"Apple Location","Web","3954052088","283706971","3670345117"
"OpenX","Web","5593564","1712593","3880971"
"PubMatic","Web","75226577","35216839","40009738"
"Index Exchange (previously Casale Media)","Web","24852913","7980670","16872243"
"LOTAME","Web","4055845","739336","3316509"
"Rubicon Project","Web","88465939","34623161","53842778"
"ADTECH","Web","704436","43729","660707"
"AppNexus","Web","188530188","98431353","90098835"
"Rlcdn","Web","6091681","1142722","4948959"
"Realestate","Web","253571","93694","159877"
"HyperText Transfer Protocol version 2","Web","12906339052","1732838052","11173501000"
"Google Tag Manager","Web","214565313","11955670","202609643"
"Ad Safe Protected","Web","667038803","12288250","654750553"
"Adjust.com","Web","45768207","16794552","28973655"
"Scotiabank","Web","24459023","3858614","20600409"
"BootstrapCDN","Web","2156143","159652","1996491"
"Outbrain","Web","83165604","14019076","69146528"
"Android connectivity Manager","Network Service","9907896","4954308","4953588"
"Moat","Web","80902122","16411743","64490379"
"Krux","Web","4653245","542531","4110714"
"Microsoft Office OneNote (Office 365)","Business Application","169474","26741","142733"
"Heap","Web","186575675","128704948","57870727"
"Branch Metrics","Web","51307519","14326861","36980658"
"Optimizely","Web","18488564","2934172","15554392"
"Taboola","Web","103119213","15310952","87808261"
"Mapbox","Web","7499118","300938","7198180"
"Smaato","Web","4743168","2251220","2491948"
"MediaMath","Web","3839652","1364080","2475572"
"LKQD","Web","1253242","637583","615659"
"Everest Technologies","Web","14958418","4332440","10625978"
"SpotXchange","Web","13648085","1174800","12473285"
"Microsoft OneDrive","Web","314294404","26128961","288165443"
"Microsoft","Web","3005872078","541782993","2464089085"
"New Relic","Web","73628036","34857760","38770276"
"Conversant","Web","7822893","1236061","6586832"
"Teads","Web","11974854","2795622","9179232"
"Adform","Web","19362285","2957069","16405216"
"ZoomMeetings","Business Collaboration","920557488","118425334","802132154"
"HyperText Transfer Protocol proxy","Network Service","309802825","26669881","283132944"
"Innovid","Web","129005998","3523232","125482766"
"Tinder","Web","12130863","515574","11615289"
"Heroku","Web","569678","216688","352990"
"Bidswitch","Web","17113544","6161660","10951884"
"StreamRail","Media","186731","38341","148390"
"Bugsnag","Web","3702247","1976147","1726100"
"Apple Game Center","Gaming","5770722","1110425","4660297"
"Tealium","Web","8943245","1894222","7049023"
"Flashtalking","Web","4717086","789524","3927562"
"Sharethrough","Web","24555362","8927398","15627964"
"AdColony","Web","9462610","2152658","7309952"
"Yieldmo","Web","10889349","1701809","9187540"
"ULP","Network Service","3347962","102486","3245476"
"DoubleVerify","Web","52577344","9590398","42986946"
"Media Innovation Group","Web","898302","262217","636085"
"PulsePoint","Web","3064709","989487","2075222"
"Sonobi","Web","4847500","1959903","2887597"
"Google Secure User Plane Location","Web","1549629","196772","1352857"
"Wall Street Journal","Web","520578","19034","501544"
"Google Cloud Platform","Web","29572645","8976962","20595683"
"Microsoft teams","Internet Instant Messaging","6178489662","1381049376","4797440286"
"Tenor","Web","58871901","1991996","56879905"
"Cisco","Web","16107797","5347926","10759871"
"IronSource","Business Application","103630283","8938923","94691360"
"Disqus","Web","16648573","1051450","15597123"
"Simpli.fi","Web","1332922","308113","1024809"
"ByteDance","Web","353611939","109551301","244060638"
"TikTok (Musical.ly)","Social Networking","42080868496","2956160714","39124707782"
"Discord","Internet Instant Messaging","579538145","22865763","556672382"
"Wish","Web","49655126","6328190","43326936"
"Apple News","Web","538734190","19838439","518895751"
"Google APIs","Web","2134826779","637586172","1497240607"
"Amazon Cognito","Web","20068859","6210379","13858480"
"Unknown virtual protocol","Unclassified","168672696","80039913","88632783"
"Google Pay","Web","8434773","1350439","7084334"
"Google Messages","Internet Instant Messaging","31977050","11165004","20812046"
"JWPLAYER","Web","449442733","5593512","443849221"
"Go Daddy","Web","3136776","388033","2748743"
"Contentful","Web","220724060","6052039","214672021"
"WarnerMedia","Web","679082111","30074755","649007356"
"Digicert","Web","11201812","3439511","7762301"
"Font Awesome","Web","8953613","685594","8268019"
"Intercom","Web","74757918","26376912","48381006"
"SD-WAN Control","SD-WAN","25054504153","13709289382","11345214771"
"SD-WAN Management","SD-WAN","4027926530","1671678016","2356248514"
"TencentMeeting","Business Collaboration","107108865","34786069","72322796"
"Internet Security Association and Key Management Protocol","Tunneling and VPN","7673899","3595867","4078032"
"XMPP Protocol (Jabber)","Business Collaboration","48298828","1948171","46350657"
"Remote Desktop Protocol (Windows Terminal Server)","Remote Desktop","9663545","2473427","7190118"
"Real Time Protocol","Business Collaboration","1189451737","859661969","329789768"
"SOCKet Secure v5","Tunneling and VPN","3698","1829","1869"
"Yahoo Search","Web","1248220","104157","1144063"
"Yahoo Mail v.2.0","Email","265450235","84669873","180780362"
"WordPress.com","Social Networking","17757420","585672","17171748"
"Flickr","Social Networking","739799","31735","708064"
"Tumblr","Social Networking","369395","30691","338704"
"Adobe Flash Plugin Update","Web","1125708","281716","843992"
"BitDefender Update","Web","7125944","3862475","3263469"
"Dropbox","Storage and Backup","12185347","9310909","2874438"
"Salesforce","Business Application","12909555","3393053","9516502"
"YouKu","Media","1064220","1009230","54990"
"ABCNews","Web","292238","7243","284995"
"AccuWeather","Web","6389464","947152","5442312"
"CNN (Cable News Network)","Web","24514298","4150032","20364266"
"Comcast","Web","7933110","1673213","6259897"
"Daily Mail","Web","106638117","9090481","97547636"
"Fox News","Web","35488498","2330191","33158307"
"Kaspersky.com","Web","728641","384484","344157"
"NYTimes.com","Web","41673846","1766878","39906968"
"Vimeo","Web","128509435","3744896","124764539"
"Taobao","Web","53741154","3388914","50352240"
"Google App Engine","Business Application","18559803","561536","17998267"
"Apple FaceTime","Real Time Audio/Video","7978270051","3631588054","4346681997"
"Amazon Prime Video","Media","211222771","8423544","202799227"
"Alibaba.com","Web","1880853","221942","1658911"
"Limelight Networks CDN","Web","749839925","15511465","734328460"
"WeChat","Internet Instant Messaging","391736373","45651428","346084945"
"Google Talk (incl. Hangouts and Allo and Duo)","Real Time Audio/Video","1071956338","525809638","546146700"
"Microsoft SharePoint Online (Office 365)","Business Application","881201474","253114020","628087454"
"Speedtest","File Sharing","1507696","1178210","329486"
"Imgur.com","Storage and Backup","15935738","170786","15764952"
"Apple Maps","Web","1601198","129179","1472019"
"Paypal.com","Web","11678269","2635019","9043250"
"EdgeCast Networks CDN","Infrastructure","156859","42239","114620"
"AliExpress.com","Web","41028941","2193699","38835242"
"Wp.pl","Web","3814160","1469856","2344304"
"AddThis","Web","6468866","526504","5942362"
"Telegram","Internet Instant Messaging","691000186","22493503","668506683"
"Waze Social GPS Maps & Traffic","Web","19906848","1684839","18222009"
"Inneractive","Web","57469894","39054179","18415715"
"Flurry","Business Application","18058272","6298087","11760185"
"Twitch","Media","1129464774","12588586","1116876188"
"BoldChat Live Chat","Internet Instant Messaging","982593","215111","767482"
"Gravatar","Business Collaboration","617936","80747","537189"
"Cedexis","Web","2389126","620715","1768411"
"Sizmek (previously MediaMind)","Web","172184704","8535353","163649351"
"Advertising.com","Web","2166726","652871","1513855"
"Facebook Embedded Video","Media","2651028990","28419099","2622609891"
"Helpshift","Web","359248","99701","259547"
"Urbanairship","Web","3091932","896076","2195856"
"Apple Music","Media","3470255521","81833735","3388421786"
"Fastly","Web","1004085244","10057665","994027579"
"Unruly","Web","3374615","1586411","1788204"
"Rogers TV","Web","713943780","4907790","709035990"
"UpLynk","Web","340680","69129","271551"
"NBC","Web","22997444","396223","22601221"
"Localytics","Web","1978250","567943","1410307"
"Applovin","Web","380865613","118200307","262665306"
"Periscope","Media","7049080","174775","6874305"
"Liveperson","Web","11978647","835260","11143387"
"Rackspace","Web","1716997669","163378075","1553619594"
"Ensighten","Web","3900025","448686","3451339"
"Braintree","Web","488318","140361","347957"
"jQuery","Web","17313105","675038","16638067"
"Revcontent","Web","4154082","834816","3319266"
"Google Photos (formerly Google Picasa)","Web","71595287","6532811","65062476"
"Liftoff","Web","1079752","316464","763288"
"Uber (formerly UberCab)","Web","173932228","24991819","148940409"
"hotjar","Web","17455467","6219248","11236219"
"Pokemon GO","Gaming","20694","8873","11821"
"GIPHY","Web","222428130","4911432","217516698"
"Firebase Cloud Messaging","Web","300329554","74560094","225769460"
"Daraz","Web","25539","8817","16722"
"MGID","Web","8839282","332385","8506897"
"Okta","Web","102329893","36045835","66284058"
"Cloudinary","Web","13068866","473305","12595561"
"Amplitude","Web","209089900","197629494","11460406"
"Niantic, Inc","Web","287460459","3347243","284113216"
"Origin","Web","29836","5356","24480"
"Digioh","Web","972229","39229","933000"
"Adtelligent","Web","6271033","2366346","3904687"
"Akamai Video","Media","928523","258038","670485"
"Alibaba Group","Web","394146","65725","328421"
"Vungle","Web","155178145","7709476","147468669"
"TripAdvisor","Web","24645903","2147596","22498307"
"Unknown virtual protocol","Unclassified","6398798643","128576722","6270221921"
"Unknown virtual protocol","Unclassified","15573611","849146","14724465"
"Unknown virtual protocol","Unclassified","41573003","4081767","37491236"
"Unknown virtual protocol","Unclassified","8159945","5121402","3038543"
"Bumble","Web","43106137","3601019","39505118"
"National Public Radio","Web","5046909","101975","4944934"
"Wireguard","Tunneling and VPN","21235521190","1281436622","19954084568"
"Wangwang","Internet Instant Messaging","522987","278816","244171"
"Shopify","Web","173880182","5215216","168664966"
"Uber Eats","Web","2599067","436660","2162407"
"KOCHAVA","Web","2010478","592279","1418199"
"Spotify Audio","Real Time Audio/Video","2305962443","30191960","2275770483"
"Connatix","Real Time Audio/Video","83536276","3465702","80070574"
"Pendo","Web","26174546","11054891","15119655"
"E! Online","Web","2921992","109882","2812110"
"Geforce Now","Gaming","4221160","464529","3756631"
"Datadog","Web","540149","420466","119683"
"Advance Message Queuing Protocol","Network Service","764","542","222"
"Connection Oriented Transfer Protocol","Network Service","902","680","222"
"Dailymotion.com","Media","1462396732","15270619","1447126113"
"eBay.com","Web","39829572","4052606","35776966"
"File Transfer Protocol","File Sharing","45274665","776063","44498602"
"Independant Computing Architecture (Citrix)","Remote Desktop","2221","1222","999"
"IPsec (AH and ESP)","Tunneling and VPN","48144","48144","0"
"HP Printer Job Language","Business Application","982","550","432"
"Kerberos","Authentication","13229","8504","4725"
"Lighweight Directory Access Protocol","Authentication","18509","10940","7569"
"McAfee Client update","Business Application","48142926","1623180","46519746"
"MySpace.com","Social Networking","9165","2093","7072"
"Netbios Name Service","Network Service","3276","3276","0"
"PalTalk","Internet Instant Messaging","566166","68065","498101"
"Post Office Protocol (Version 3)","Email","1408866","50701","1358165"
"Secure POP3","Email","5754170","91210","5662960"
"Port Mapper","Network Service","17804","11450","6354"
"Point-to-Point Tunneling Protocol","Tunneling and VPN","1661","890","771"
"QQ","Internet Instant Messaging","334444","48900","285544"
"Real Time Control Protocol","Business Collaboration","44590764","25245089","19345675"
"Real Time Streaming Protocol","Media","529013","29759","499254"
"SAP","Business Application","29422","9303","20119"
"Session Initiation Protocol","Business Application","268539","162811","105728"
"Server Message Block (Windows File Server)","File Sharing","37420","26386","11034"
"Simple Mail Transfer Protocol","Email","825616","688278","137338"
"Simple Mail Transfer Protocol Secure","Email","5688","794","4894"
"SOCKet Secure v4","Tunneling and VPN","20809","14194","6615"
"Tabular Data Stream","Business Application","10348","6368","3980"
"Transparent Network Service (Oracle)","Business Application","3159","2160","999"
"VMWare","Remote Desktop","1243972","237276","1006696"
"Wikipedia.com","Web","28580034","1093611","27486423"
"X Window System","Business Application","15992","10058","5934"
"SecondLife.com","Web","19725560","756237","18969323"
"MPEG-Transport Stream","Real Time Audio/Video","163172771","3172692","160000079"
"Expedia.fr","Web","55154072","13605525","41548547"
"Travelocity.com","Web","34943","5072","29871"
"Deezer","Web","20523029","290162","20232867"
"Mail.ru Webmail","Email","416685","38118","378567"
"Steampowered.com","Gaming","359441","52859","306582"
"Xbox Live","Gaming","285424","79983","205441"
"BabyCenter (My Baby Today)","Web","87218","7381","79837"
"Badoo.com","Internet Instant Messaging","1097273","120932","976341"
"FetLife.com","Web","198570","39010","159560"
"Foursquare.com","Web","5369748","508441","4861307"
"Habbo.com","Web","8193357","138509","8054848"
"InterNations.org","Web","918977","15561","903416"
"Last.fm","Media","155783","12207","143576"
"Meetup","Web","323671","128542","195129"
"Odnoklassniki.ru","Social Networking","1409056","90605","1318451"
"Vk.com (Vkontakte)","Social Networking","976347989","5486230","970861759"
"Yelp.com","Web","11702104","2006142","9695962"
"Baidu.com","Web","38538224","4363546","34174678"
"Firefox Update","Web","18479549","523492","17956057"
"Java Update","Web","67984604","3898895","64085709"
"Apple Update","Web","3909408","109399","3800009"
"Archive.org","Web","772602","29646","742956"
"icecast","Media","8811366","276314","8535052"
"Symantec Norton AntiVirus Updates","Web","8687754","49081","8638673"
"Kaspersky Update","Web","35060","3976","31084"
"Garena","Web","1087859","66600","1021259"
"Box","File Sharing","2238523","204752","2033771"
"BrightTALK","Web","72625","5955","66670"
"EarthCam.com","Web","75483","3641","71842"
"Google Translate","Web","6280866","833417","5447449"
"iHeartRADIO","Media","209117","22719","186398"
"Psiphon","Web","739445","296391","443054"
"Tokbox.com","Web","41639","25676","15963"
"SiriusXm.com","Media","1032253","89521","942732"
"GoToMeeting Online Meeting","Business Collaboration","99194515","88572954","10621561"
"WebEx","Business Collaboration","151374","67811","83563"
"Slingbox","Media","827750","32520","795230"
"Bloomberg.com","Web","2317458","186919","2130539"
"GoToMyPC Remote Access","Remote Desktop","9925","1445","8480"
"Radmin","Remote Desktop","1093","550","543"
"Internet Inter-ORB Protocol","Network Service","5551","3406","2145"
"RSS","Web","309878","15212","294666"
"Netware Core Protocol","Management","7858","4798","3060"
"Adobe Acrobat DC (Document Cloud)","Web","277523","92490","185033"
"AdultFriendFinder","Web","2313","1047","1266"
"Alexa","Web","183692","31979","151713"
"AlJazeera.net","Web","21991","1561","20430"
"AmericanExpress","Web","91436","16670","74766"
"Blogger","Web","1148151","70003","1078148"
"Capital One","Web","385343","33206","352137"
"Daum.net","Web","423494","86891","336603"
"Groupon","Web","421076","50381","370695"
"IKEA.com","Web","59603","4541","55062"
"Intuit.com","Business Application","6901835","2309555","4592280"
"Mozilla.com - Mozilla.org","Web","1215515","189483","1026032"
"Naver Corporation (formerly NHN Corporation)","Web","1541222","60685","1480537"
"NBA.com","Web","7928","1351","6577"
"National Football League (NFL.com)","Web","27388046","1070475","26317571"
"Nike.com","Web","157577344","11845521","145731823"
"PlayStation.com","Web","54832","4571","50261"
"Sports Illustrated","Web","221314","18333","202981"
"SurveyMonkey.com","Web","64596","11334","53262"
"Univision.com","Web","2296365","70988","2225377"
"USAToday.com","Web","1398","595","803"
"WashingtonPost.com","Web","1547016","78904","1468112"
"Xbox","Gaming","1786969","76305","1710664"
"Xvideos.com","Media","2279","749","1530"
"Sina.com.cn","Internet Instant Messaging","285232","96633","188599"
"QQDownload","Peer to Peer","320","172","148"
"Sina Weibo","Web","60897","21766","39131"
"QQ WeiBo","Web","2848","2130","718"
"Line","Internet Instant Messaging","1723082","344232","1378850"
"Kompass.com","Web","261129","8879","252250"
"Shazam","Web","2872768","204031","2668737"
"KakaoTalk","Internet Instant Messaging","2137592","1190558","947034"
"NetMarble.com","Web","3946","392","3554"
"QQ.com","Web","30716972","1583099","29133873"
"Sohu.com","Web","3563","676","2887"
"Ifeng.com","Web","65719","40057","25662"
"Alipay","Web","254370","74201","180169"
"Sogou.com","Web","103858","86961","16897"
"51.la","Web","28856","3694","25162"
"Datagram Transport Layer Security","Tunneling and VPN","568655150","107539689","461115461"
"ISO Base Media File Format","Real Time Audio/Video","4214575033","92312094","4122262939"
"MEGA","Peer to Peer","614","346","268"
"QQ Games","Gaming","263480","196743","66737"
"QQ Mail","Email","21025","4556","16469"
"QQ News","Web","406836","48114","358722"
"Tencent.com","Internet Instant Messaging","16124","7964","8160"
"Pornhub","Web","3094293","602482","2491811"
"Zoho Corporation","Business Application","13068145","5400355","7667790"
"Nokia Here API","Web","4747815","203826","4543989"
"ESPN.go.com","Web","5119439","360802","4758637"
"Internet Movie Database","Web","37784973","370741","37414232"
"Google Documents (aka Google Drive)","Storage and Backup","48673655","28253505","20420150"
"Evernote","Web","6599501","2172689","4426812"
"WebSocket","Network Service","11203356","440879","10762477"
"Issuu.com","Web","501278","20069","481209"
"Saavn Bollywood Music","Media","10832","1372","9460"
"Bitcoin client","Peer to Peer","562","340","222"
"BBC","Web","9034998","427155","8607843"
"Marca.com","Web","113319","26954","86365"
"Olx","Web","37023","6592","30431"
"Goal.com","Web","33616","5330","28286"
"Delfi","Web","7287845","426408","6861437"
"Apple HTTP Live Streaming","Real Time Audio/Video","37137391","570076","36567315"
"Free","Web","833","518","315"
"24sata.hr","Web","1659035","28798","1630237"
"craigslist","Web","2971","762","2209"
"Gazeta.pl","Web","836087","111270","724817"
"Grid.mk","Web","1159574","42220","1117354"
"Indiatimes","Web","89370","11892","77478"
"Interia.pl","Web","789314","222922","566392"
"Internet Small Computer Systems Interface","Network Service","3049","1514","1535"
"Background Intelligent Transfer Service","File Sharing","29708333","2028090","27680243"
"Sahibinden.com","Web","15362","4227","11135"
"Seznam.cz","Web","71477","4402","67075"
"Zoznam.sk","Web","210482","74646","135836"
"Hotspot Shield","Tunneling and VPN","2292","208","2084"
"Conviva","Infrastructure","4106603","2463921","1642682"
"CAS.sk","Web","4802029","651689","4150340"
"Onet.pl","Web","5996","991","5005"
"Postimees.ee","Web","1726336","92201","1634135"
"Stuff.co.nz","Web","2544225","95656","2448569"
"Zing.vn","Web","29862","7293","22569"
"Xl","Web","108877","16398","92479"
"Fox Business Network","Web","10940","3382","7558"
"News","Web","1327610","61852","1265758"
"Gameloft Games","Gaming","131695","33177","98518"
"Candy Crush Saga","Gaming","13588979","4597185","8991794"
"King Digital Entertainment","Gaming","1640461","475080","1165381"
"Huffington Post","Web","72655","2248","70407"
"OpenStreetMap","Infrastructure","600508","12816","587692"
"Zendesk","Business Collaboration","12910548","464452","12446096"
"Turner","Web","4277457","155293","4122164"
"zalo","Internet Instant Messaging","15587458","580381","15007077"
"Rudaw","Web","1349110","36781","1312329"
"battlenet","Gaming","342758","76348","266410"
"Ukr","Web","210732","48426","162306"
"ASANA","Web","208136195","3965420","204170775"
"DISTCC","Network Service","915","372","543"
"JAVA-RMI","Network Service","8976","5348","3628"
"Amazon Cloud Drive","Web","464190","6467","457723"
"Vecer","Web","951221","15130","936091"
"Lazada","Web","1718485","50883","1667602"
"Gettyimages","Web","1003512","78546","924966"
"Google Calendar","Web","30314453","7466680","22847773"
"Theladbible","Web","320797","20030","300767"
"Flipboard","Web","351279","50375","300904"
"I2P Invisible Internet Project","Tunneling and VPN","17634","5700","11934"
"CPMSTAR","Web","183935","25550","158385"
"AOL One","Web","4141853","233600","3908253"
"Constant Contact","Web","10131528","226013","9905515"
"GitHub","Web","523132","15212","507920"
"Internet.org","Web","6469","3088","3381"
"Kakaocdn","Infrastructure","307086","37426","269660"
"SourceForge","Web","104064","19892","84172"
"My.com","Web","49196","18201","30995"
"Bizographics","Web","6661","1152","5509"
"Atlas Solutions","Web","118131","31826","86305"
"Ebay.classifieds","Web","128348","3876","124472"
"CBS Video","Web","1513986","81424","1432562"
"LogMeIn","Remote Desktop","4185547","233035","3952512"
"Disney Channel","Web","1514354","61244","1453110"
"MoPub","Web","249001","60610","188391"
"Perform","Web","21436","1541","19895"
"Microsoft Planner (Office 365)","Business Application","1025346","401334","624012"
"Olark","Web","1351154","82345","1268809"
"Zopim","Web","1163504","348647","814857"
"Google Code","Web","17431","5119","12312"
"Microsoft Excel Online (Office 365)","Web","14733532","7590976","7142556"
"Signal","Web","408644","49670","358974"
"LiveChat","Web","3461466","259931","3201535"
"Riffsy (Tenor.co)","Web","6415547","101880","6313667"
"Tune","Web","194977","44890","150087"
"QINIU","Web","5692100","248519","5443581"
"Verizon","Web","8726075","5834322","2891753"
"Lookout Mobile Security","Business Application","411217","252661","158556"
"TubeMogul","Web","508497","56667","451830"
"Bleacher Report","Web","4917751","79430","4838321"
"Umeng","Web","596061","289262","306799"
"AdF.ly","Web","4538","1605","2933"
"Rappler","Web","779008","30749","748259"
"funCaptcha","Web","12603","3607","8996"
"MobFox","Web","35759","5562","30197"
"Baidu Maps","Web","115728","11487","104241"
"Bank of America","Web","5874611","752476","5122135"
"QQVideo","Web","5711","770","4941"
"Slack","Web","5626706","1797017","3829689"
"Younow","Web","6158674","2707851","3450823"
"Bazaarvoice","Web","8506077","841985","7664092"
"MQ Telemetry Transport","Network Service","11217","5267","5950"
"Middle East Broadcasting Center (MBC Group)","Web","31120","10330","20790"
"Clicktale","Web","2890791","1615371","1275420"
"Adk2","Web","49220","3234","45986"
"CDNetworks","Infrastructure","126338","3255","123083"
"Weborama","Web","210646","42319","168327"
"Constrained Application Protocol","Network Service","5414","3422","1992"
"Highwinds","Web","16732948","449646","16283302"
"StackOverflow","Web","65323","4753","60570"
"Wix","Web","23265785","1103621","22162164"
"Shutterstock","Web","28812","5634","23178"
"IMO Video Calling Application","Media","7430715","3195201","4235514"
"Clash of Clans","Gaming","1132219","33219","1099000"
"Supercell","Gaming","102944","12943","90001"
"Amazon Music","Media","2339199","427954","1911245"
"Facebook Live","Media","119076","111376","7700"
"Cheetah Mobile","Web","5381","1097","4284"
"Radiumone","Web","4407","1043","3364"
"Microsoft Powerpoint Online (Office 365)","Business Collaboration","539684","17137","522547"
"OPC Unified Architecture","Web","986","542","444"
"Signal Private Messenger (Open Whisper Systems)","Internet Instant Messaging","1658717","967536","691181"
"Vidyard","Web","310220","25107","285113"
"Prothom Alo","Web","6661325","45944","6615381"
"OpenRTB","Web","49536","17960","31576"
"ADventori","Web","47563","11203","36360"
"Audible","Real Time Audio/Video","90603","45704","44899"
"Google Classroom","Web","942470","276628","665842"
"Samsung Update","Web","7125754441","124806455","7000947986"
"Huawei","Web","2211836","814330","1397506"
"Huawei Update","Web","8335","618","7717"
"Amazon Chime","Business Collaboration","19828","3284","16544"
"AnyDesk","Remote Desktop","758050","323206","434844"
"MaxCDN","Web","8010","1383","6627"
"Booking.com","Web","171551809","22292665","149259144"
"Walmart","Web","7854564","4777055","3077509"
"Avast","Web","4646626","287989","4358637"
"DocuSign","Web","564935","107622","457313"
"Automatic Data Processing (ADP)","Web","32121269","2451179","29670090"
"eXelate","Web","805678","223057","582621"
"Autodesk Fusion 360","Tunneling and VPN","265521","78839","186682"
"Caliente","Web","187541","24975","162566"
"Optus","Web","1975563","52308","1923255"
"Gfycat","Web","10640232","183357","10456875"
"T-Mobile","Web","7599","1869","5730"
"Vivox","Internet Instant Messaging","683910","81326","602584"
"Kahoot!","Web","21821","6036","15785"
"Sportradar","Web","1171636","68686","1102950"
"Pornhub NETWORK","Web","60348","20046","40302"
"Snow","Internet Instant Messaging","428191","18395","409796"
"Instructure","Web","167103","10863","156240"
"Workplace By Facebook","Social Networking","14761","8306","6455"
"shopee.tw","Web","118805923","5835227","112970696"
"Electronic Arts","Web","132732533","19627785","113104748"
"Facebook Lite","Social Networking","11609024","2093692","9515332"
"Kakao","Web","138218","31154","107064"
"Apptimize","Web","84707","26460","58247"
"UC Browser","Web","42447","14928","27519"
"x_vpn","Tunneling and VPN","18594","3805","14789"
"Mediascope","Web","50002","13245","36757"
"Data Saver","Web","2497605","181059","2316546"
"Domain Name Service Crypt","Network Service","10591","3852","6739"
"Opera turbo","Network Service","127417","8053","119364"
"Symantec Endpoint Protection","Web","5659","1604","4055"
"Youtube Music","Media","34289","6520","27769"
"Appnext","Web","147151","28626","118525"
"Fox Networks","Web","222081","14611","207470"
"9GAG","File Sharing","433134","102086","331048"
"Text Me","Internet Instant Messaging","7368129","2643620","4724509"
"AnchorFree","Tunneling and VPN","111764","77361","34403"
"textPlus","Internet Instant Messaging","186243","20261","165982"
"Epic_games","Gaming","146612","44754","101858"
"Unreal_engine","Gaming","10011246","3784162","6227084"
"IBM","Web","317534","18982","298552"
"Grammarly","Web","12761085","6271308","6489777"
"Google News","Web","79049","5968","73081"
"PlayerUnknown's BattleGrounds","Gaming","10281394","372025","9909369"
"Visual IQ","Web","150082","46232","103850"
"Alibaba Cloud","Web","8183630","1692362","6491268"
"CyberGhost","Tunneling and VPN","99525","27998","71527"
"League of Legends","Gaming","116330","2616","113714"
"CarbonBlack website","Web","16474039","13391365","3082674"
"Mobile Legends","Gaming","23456776","6723693","16733083"
"ExpressVPN","Tunneling and VPN","1168988","308509","860479"
"TechRadar","Web","1410180","71674","1338506"
"Future_plc","Web","3073743","154704","2919039"
"DICOM","Network Service","3580","2056","1524"
"MAkeMyTrip","Web","229459","14047","215412"
"AWS Console","Business Application","35015","19441","15574"
"WorkspaceOne","Web","29646","8263","21383"
"Grab - Transport, Food Delivery, Payments","Web","424073","221784","202289"
"Fandom","Web","4757184","207307","4549877"
"Tesla","Web","5091664","109577","4982087"
"Google GSuite","Web","11072020","2334904","8737116"
"AnonyTun","Tunneling and VPN","14048941","59156","13989785"
"Codepen","Web","2096378","26599","2069779"
"OpenSignal","Web","18345","12570","5775"
"Megaphone","Web","560979","20012","540967"
"UDP Data Transfer protocol","File Sharing","8684970","3209332","5475638"
"Gcash","Web","1025718","33888","991830"
"Mynt","Web","321138","235460","85678"
"Crypto browser","Web","63033","17850","45183"
"PubNub","Web","1602671","284901","1317770"
"Monero (XMR)","Web","35222","6323","28899"
"Unknown virtual protocol","Unclassified","19549304","348386","19200918"
"Unknown virtual protocol","Unclassified","618676","10878","607798"
"Unknown virtual protocol","Unclassified","73348","54437","18911"
"Unknown virtual protocol","Unclassified","1980507","111983","1868524"
"Eurosport","Web","8069","2622","5447"
"Qwant","Web","57655","2555","55100"
"Firework","Internet Instant Messaging","799448","139103","660345"
"Bigo","Web","465860","79121","386739"
"BAMTech","Real Time Audio/Video","24400330","13991156","10409174"
"Disney Plus","Real Time Audio/Video","2207545755","28402982","2179142773"
"Apple TV Plus","Real Time Audio/Video","5594","467","5127"
"Quora","Social Networking","15527136","1450671","14076465"
"Toutiao","Web","50843","10562","40281"
"Xigua Video","Real Time Audio/Video","62177","20262","41915"
"Airbnb","Web","36540158","3495558","33044600"
"Rockstar Games","Gaming","20182","2129","18053"
"Workday","Business Application","721072","265335","455737"
"StackPath","Web","727262","45291","681971"
"DoorDash","Web","28650807","416604","28234203"
"Houseparty","Real Time Audio/Video","99026","13691","85335"
"Shahid","Real Time Audio/Video","7136018","179209","6956809"
"Roblox","Gaming","1674266264","236260031","1438006233"
"Likee","Internet Instant Messaging","9042655","2228355","6814300"
"Citrix","Web","42802","13700","29102"
"Microsoft Dynamics","Business Application","59595327","8852056","50743271"
"Digital Turbine","Web","9242","2522","6720"
"Pluto TV","Real Time Audio/Video","1249655001","10684968","1238970033"
"Amber Weather","Web","1955","416","1539"
"Demandbase","Web","1153655","45402","1108253"
"Sift Science","Web","695863","199494","496369"
"Amazon Alexa Assistant","Business Collaboration","643206","175878","467328"
"Yubo","Internet Instant Messaging","318288499","42699716","275588783"
"Minute Media","Web","76471022","1998919","74472103"
"UserReport","Web","316923","42281","274642"
" Revolut","Web","528133","75648","452485"
"Jitsi","Real Time Audio/Video","16858","976","15882"
"The Blaze","Web","151437","4050","147387"
"Hotels.com","Web","2781326","1005345","1775981"
"Indeed","Web","29900839","8722694","21178145"
"NHL.com","Web","5094320","592382","4501938"
"Official Major League Baseball","Web","206932","11831","195101"
"Priceline.com","Web","20651456","3044451","17607005"
"Rotten Tomattoes","Web","70808","5568","65240"
"BambooHR","Web","9285903","146770","9139133"
"TMZ","Web","1875553","100042","1775511"
"United Airlines","Web","27619002","1605465","26013537"
"Nvidia","Web","18828","6650","12178"
"Call of Duty Mobile","Gaming","49518","29692","19826"
"The Walt Disney Company","Web","31054506","1426643","29627863"
"Wired","Web","94124460","1831632","92292828"
"Indiegogo","Web","5494329","166496","5327833"
"FedEx","Web","38592824","5891440","32701384"
"Kayak","Web","27208451","505566","26702885"
"Eventbrite","Web","4852601","78111","4774490"
"Wargaming","Web","57083","27080","30003"
"Unknown virtual protocol","Unclassified","69699","37972","31727"
"Riverbed","Tunneling and VPN","15628","4256","11372"
