"Application","Category","Total Bytes","Bytes Received","Bytes Sent"
"Domain Name Service","Network Service","2343582142","1144770087","1198812055"
"Google Mail","Email","1471243350","138171491","1333071859"
"Google Search","Web","579285131","83387094","495898037"
"HyperText Transfer Protocol","Web","3151784027","448024091","2703759936"
"HyperText Transfer Protocol Secure","Web","15688078992","1234845866","14453233126"
"Internet Control Message Protocol","Network Service","4215265807","2539554514","1675711293"
"Internet Message Access Protocol version 4","Email","114239501","41248909","72990592"
"Internet Protocol","Network Service","0","0","0"
"XMPP Protocol (Jabber)","Business Collaboration","2376302","915542","1460760"
"Network Time Protocol","Network Service","1704719","994634","710085"
"Real Time Control Protocol","Business Collaboration","6290508","3945790","2344718"
"Real Time Protocol","Business Collaboration","7142419128","2124040043","5018379085"
"Session Initiation Protocol","Business Application","1041332928","617761261","423571667"
"Simple Object Access Protocol","Network Service","481736469","331535212","150201257"
"Secure Shell","Tunneling and VPN","486396093","136523680","349872413"
"Secure Socket Layer","Tunneling and VPN","20254831906","4948890809","15305941097"
"Transmission Control Protocol","Other TCP/UDP","2347576854","426253483","1921323371"
"User Datagram Protocol","Other TCP/UDP","158807037305","12680186818","146126850487"
"Youtube.com","Media","7724774440","430322526","7294451914"
"Facebook","Social Networking","54640673316","1726917555","52913755761"
"Google Ads","Web","1111330664","211240282","900090382"
"Windows Live Hotmail","Email","82966184","16061985","66904199"
"WordPress.com","Social Networking","7695642","463308","7232334"
"LinkedIn","Social Networking","633298209","62477622","570820587"
"Apple Generic Services","Web","15484823698","338428004","15146395694"
"Online Certificate Status Protocol","Business Application","16118069","6422864","9695205"
"Yandex.ru","Web","27182713","23388308","3794405"
"iTunes","Media","1081592503","107215274","974377229"
"Bing.com (formerly MSN Search)","Web","548194552","76208769","471985783"
"Windows Update","Web","7937042723","642095235","7294947488"
"Chrome Update","Web","223924571","11881917","212042654"
"Netflix.com","Media","27262129915","509674958","26752454957"
"Google Analytics,Google Marketing Platform","Web","445839485","69818430","376021055"
"Google GStatic","Web","1555886119","106382874","1449503245"
"Google Generic","Web","1435975994","241376046","1194599948"
"AccuWeather","Web","25629439","3043733","22585706"
"Amazon Generic Services","Web","6888591668","3775029913","3113561755"
"Weather.com","Web","20876070","1508944","19367126"
"WhatsApp Messenger","Internet Instant Messaging","23480385261","9277939510","14202445751"
"Apple App Store","Web","11811302376","246549682","11564752694"
"Apple Push Notification Service","Web","339449721","243847267","95602454"
"iOS over-the-air (OTA) update","Web","8740063904","99315134","8640748770"
"Samsung Apps","Web","384161134","13638259","370522875"
"Google Play Store","Media","3824263038","376879465","3447383573"
"iCloud (Apple)","Storage and Backup","2846855386","879980052","1966875334"
"Instagram","Web","115512272062","3585701963","111926570099"
"SoundCloud","Media","292480345","18906125","273574220"
"Amazon Web Services/Cloudfront CDN","Infrastructure","21924213988","11657695406","10266518582"
"Akamai Technologies CDN","Web","1396186785","52662057","1343524728"
"Yahoo.com","Web","524305370","81143010","443162360"
"CloudFlare CDN","Infrastructure","5543322781","228112919","5315209862"
"Microsoft Office 365","Business Collaboration","978146633","112103893","866042740"
"Zoho Corporation","Business Application","118698438","73735058","44963380"
"Microsoft Outlook (Office 365)","Business Application","1319044555","365178665","953865890"
"Apple SIRI","Web","67923914","44098033","23825881"
"Kijiji.ca","Web","317962240","31566406","286395834"
"Google Accounts","Web","144863176","30812543","114050633"
"Amazon Ad System","Web","108479544","26179944","82299600"
"Snapchat","Social Networking","11657420364","511733461","11145686903"
"Turn","Web","2116263","501037","1615226"
"ScorecardResearch","Web","23053200","6523814","16529386"
"Quantcast","Web","6296225","1154293","5141932"
"Oracle","Web","5316322","1454707","3861615"
"Criteo","Web","79285359","19273323","60012036"
"Adobe","Business Application","285135637","35723072","249412565"
"Google Safe Browsing","Web","38138047","7062825","31075222"
"Inneractive","Web","96262062","64555803","31706259"
"Samsung","Web","146221014","46952121","99268893"
"Facebook Messenger","Internet Instant Messaging","1973142105","721308527","1251833578"
"InMobi","Web","83520121","33206869","50313252"
"AppsFlyer","Business Application","70458126","41604871","28853255"
"Stickyads","Web","10354946","4276166","6078780"
"Smart AdServer","Web","116658973","27933992","88724981"
"Google Cloud Storage","Web","6796306152","6117899548","678406604"
"Google Cloud Messaging","Web","86299232","21251491","65047741"
"Apple Location","Web","3972882171","445786997","3527095174"
"OpenX","Web","5682206","2071318","3610888"
"PubMatic","Web","74318492","32746282","41572210"
"Index Exchange (previously Casale Media)","Web","15576683","5082727","10493956"
"LOTAME","Web","3477746","680895","2796851"
"Rubicon Project","Web","83445474","30555299","52890175"
"Sizmek (previously MediaMind)","Web","108422372","3663887","104758485"
"AppNexus","Web","186863922","97748411","89115511"
"Rlcdn","Web","4995508","824728","4170780"
"Realestate","Web","127597","24442","103155"
"HyperText Transfer Protocol version 2","Web","6495091586","1541026577","4954065009"
"Google Tag Manager","Web","198122674","11833195","186289479"
"Ad Safe Protected","Web","62690403","8713584","53976819"
"Adjust.com","Web","16049534","6747819","9301715"
"Apple Music","Media","2798887161","53281233","2745605928"
"Outbrain","Web","61356617","8865626","52490991"
"Applovin","Web","300869630","72977651","227891979"
"Android connectivity Manager","Network Service","9990478","5236360","4754118"
"Moat","Web","74850312","18675651","56174661"
"Krux","Web","15110104","2208917","12901187"
"Taboola","Web","94637792","14438785","80199007"
"Signal","Web","1789491","112316","1677175"
"Smaato","Web","21378832","10329050","11049782"
"Verizon","Web","58063605","38926956","19136649"
"MediaMath","Web","4800388","1856442","2943946"
"Everest Technologies","Web","8436523","2609403","5827120"
"SpotXchange","Web","1799955","605524","1194431"
"Microsoft OneDrive","Web","327572033","81129102","246442931"
"Microsoft","Web","7683511023","941987321","6741523702"
"Revcontent","Web","3309467","759784","2549683"
"New Relic","Web","281075379","180033655","101041724"
"Conversant","Web","2563677","976729","1586948"
"Teads","Web","9059581","1924259","7135322"
"Adform","Web","12908456","2165530","10742926"
"HyperText Transfer Protocol proxy","Network Service","299471","135867","163604"
"Firebase Cloud Messaging","Web","232724989","115902565","116822424"
"Bidswitch","Web","9860383","3682052","6178331"
"ADventori","Web","99884","22958","76926"
"Sharethrough","Web","14173850","4046568","10127282"
"AdColony","Web","4764150","1610302","3153848"
"Yieldmo","Web","9008196","1595699","7412497"
"DoubleVerify","Web","41337055","8099308","33237747"
"Media Innovation Group","Web","1030351","272004","758347"
"PulsePoint","Web","2551783","826523","1725260"
"eXelate","Web","1799054","505461","1293593"
"Sonobi","Web","4394437","1656243","2738194"
"Google Cloud Platform","Web","23359940","5014644","18345296"
"IronSource","Business Application","115323898","5526116","109797782"
"Simpli.fi","Web","2573531","609154","1964377"
"Vungle","Web","168679688","8050641","160629047"
"Google APIs","Web","3001399274","1090221224","1911178050"
"Amazon Cognito","Web","19879185","6113867","13765318"
"Unknown virtual protocol","Unclassified","3193197562","91187905","3102009657"
"Digicert","Web","8669627","3372011","5297616"
"Font Awesome","Web","14794021","1988775","12805246"
"SD-WAN Control","SD-WAN","31371352028","17572860631","13798491397"
"SD-WAN Management","SD-WAN","1048280125","460413750","587866375"
"TencentMeeting","Business Collaboration","91163003","26463500","64699503"
"Dailymotion.com","Media","95520948","3731139","91789809"
"Google Maps","Web","396275338","11786472","384488866"
"Internet Message Access Protocol Secure","Email","12349288","1965878","10383410"
"Internet Security Association and Key Management Protocol","Tunneling and VPN","350378786","92946675","257432111"
"Real Time Streaming Protocol","Media","3321230","91536","3229694"
"Skype and Teams","Business Collaboration","29657509","6814950","22842559"
"Session Traversal Utilities for NAT","Business Collaboration","20290557","12231334","8059223"
"Wikipedia.com","Web","6826715","339937","6486778"
"Yahoo Mail v.2.0","Email","88161969","30628182","57533787"
"Mail.ru Webmail","Email","264411","37726","226685"
"Foursquare.com","Web","1604710","443284","1161426"
"Twitter","Social Networking","1717303968","66797494","1650506474"
"Spotify","Media","1035695425","44780926","990914499"
"Teredo protocol","Tunneling and VPN","2363737","2281682","82055"
"Firefox Update","Web","32366423","792756","31573667"
"Opera Update","Web","1404295","411951","992344"
"Viber","Real Time Audio/Video","20205619","1530930","18674689"
"Salesforce","Business Application","16942030","4710382","12231648"
"Portal.TidalTV.com","Web","481441","120040","361401"
"YouKu","Media","358044","341734","16310"
"ABCNews","Web","503721","27022","476699"
"Adobe Acrobat DC (Document Cloud)","Web","2638309","915040","1723269"
"Comcast","Web","278502","35525","242977"
"Daily Mail","Web","45069","6422","38647"
"FoxSports.com","Web","395724","3181","392543"
"Mozilla.com - Mozilla.org","Web","84937984","8509463","76428521"
"Sky","Web","143853","6951","136902"
"Vimeo","Web","87129363","1423157","85706206"
"Taobao","Web","1383110","701674","681436"
"Google App Engine","Business Application","2293339","233569","2059770"
"Windows Marketplace","Web","1065951823","64126642","1001825181"
"Apple FaceTime","Real Time Audio/Video","1213533280","597693701","615839579"
"Alibaba.com","Web","431292","85473","345819"
"Microsoft Azure (previously Windows Azure)","Infrastructure","1373087248","180427306","1192659942"
"MiTalk Messenger (Miliao)","Internet Instant Messaging","8578571","774084","7804487"
"Rakuten.co.jp","Web","346404","39473","306931"
"Google Talk (incl. Hangouts and Allo and Duo)","Real Time Audio/Video","240656117","129980913","110675204"
"Nokia Here API","Web","9774822","711126","9063696"
"Speedtest","File Sharing","22610503","4938611","17671892"
"ESPN.go.com","Web","36646319","3197134","33449185"
"Pinterest","Web","110120001","8843040","101276961"
"BuzzFeed.com","Web","1209220","38289","1170931"
"Reddit.com","Web","550933716","12942755","537990961"
"Bet365.com","Web","22597657","700132","21897525"
"Paypal.com","Web","9861283","1599287","8261996"
"BBC","Web","5776922","315528","5461394"
"Conviva","Infrastructure","994681","651549","343132"
"AliExpress.com","Web","19871477","2091102","17780375"
"AddThis","Web","5228194","425240","4802954"
"Telegram","Internet Instant Messaging","601801651","23764017","578037634"
"Bitstrips","Social Networking","133004138","4821727","128182411"
"TRUSTe","Web","25646427","1602783","24043644"
"Zendesk","Business Collaboration","24953316","4323632","20629684"
"Flurry","Business Application","24841713","9535162","15306551"
"Crashlytics","Web","25491363","4453418","21037945"
"Brightcove","Media","29310117","2185145","27124972"
"Gravatar","Business Collaboration","2409114","591965","1817149"
"FreeWheel","Web","1027820","379762","648058"
"Xiaomi","Web","56081398","8813130","47268268"
"Nielsen","Web","2428968","508695","1920273"
"Mixpanel","Web","8593897","6466337","2127560"
"Cedexis","Web","3728213","1000941","2727272"
"Lazada","Web","2097844","63665","2034179"
"Google Calendar","Web","9553188","3333280","6219908"
"Flipboard","Web","12764500","4465960","8298540"
"AOL One","Web","3675073","155421","3519652"
"Advertising.com","Web","1327763","357960","969803"
"Facebook Embedded Video","Media","8431869579","99914127","8331955452"
"Scotiabank","Web","37169073","4557981","32611092"
"Atlas Solutions","Web","278303","74885","203418"
"Urbanairship","Web","1371059","382416","988643"
"BootstrapCDN","Web","5276664","625678","4650986"
"HideMyAss","Anonymizers and Proxies","2545414182","248564817","2296849365"
"CBS Video","Web","965691","105956","859735"
"Fastly","Web","43488473","537233","42951240"
"Unruly","Web","3098533","1447705","1650828"
"Disney Channel","Web","3254188","112825","3141363"
"Rogers TV","Web","38804012","4676937","34127075"
"UpLynk","Web","1234756","159931","1074825"
"NBC","Web","6978798","426916","6551882"
"Localytics","Web","2942722","698349","2244373"
"MoPub","Web","6890865","3713849","3177016"
"Microsoft Office OneNote (Office 365)","Business Application","695809","83472","612337"
"Heap","Web","260721534","217567507","43154027"
"Branch Metrics","Web","34655734","9126863","25528871"
"Optimizely","Web","28671297","9726526","18944771"
"Zopim","Web","40987458","16506024","24481434"
"Rackspace","Web","1629453021","130929728","1498523293"
"Ensighten","Web","5086960","950064","4136896"
"TubeMogul","Web","233871","55079","178792"
"Uber (formerly UberCab)","Web","104648805","29475587","75173218"
"Younow","Web","116437627","56195907","60241720"
"Bazaarvoice","Web","9341116","742083","8599033"
"Clicktale","Web","18592621","13298695","5293926"
"Innovid","Web","48375071","1909878","46465193"
"Heroku","Web","290373","56520","233853"
"IMO Video Calling Application","Media","7095904","3748863","3347041"
"Cheetah Mobile","Web","103075","27648","75427"
"StreamRail","Media","28765","5891","22874"
"Bugsnag","Web","1676359","728298","948061"
"OpenRTB","Web","4941150","4197459","743691"
"Tealium","Web","3751749","739097","3012652"
"Samsung Update","Web","3558787709","138444448","3420343261"
"MGID","Web","4638060","251627","4386433"
"Naij","Web","223734","86135","137599"
"MaxCDN","Web","65731","19956","45775"
"Avast","Web","26290315","3434760","22855555"
"Okta","Web","164716123","21119747","143596376"
"Amplitude","Web","111179078","101052354","10126724"
"Microsoft teams","Internet Instant Messaging","303403429","33585845","269817584"
"UC Browser","Web","59753","29535","30218"
"Adtelligent","Web","1424803","555193","869610"
"Tenor","Web","31779569","1102554","30677015"
"Cisco","Web","6503497","2438474","4065023"
"Fox Networks","Web","291935","13080","278855"
"Disqus","Web","13039294","1283735","11755559"
"Grammarly","Web","5779702","1869651","3910051"
"ByteDance","Web","251327261","27697424","223629837"
"TikTok (Musical.ly)","Social Networking","70826043002","1873211941","68952831061"
"Visual IQ","Web","160389","48016","112373"
"Alibaba Cloud","Web","1626409","389863","1236546"
"Dragon Ball","Gaming","997677","58235","939442"
"Wish","Web","483178","120954","362224"
"Apple News","Web","97775601","4087289","93688312"
"Megaphone","Web","41252888","1162645","40090243"
"Unknown virtual protocol","Unclassified","536242047","103095368","433146679"
"Unknown virtual protocol","Unclassified","97816312","31765374","66050938"
"Google Pay","Web","8818707","2176849","6641858"
"JWPLAYER","Web","63813328","2363919","61449409"
"Bigo","Web","17067384","806349","16261035"
"Wangwang","Internet Instant Messaging","105044","51973","53071"
"Uber Eats","Web","2656130","481471","2174659"
"DoorDash","Web","178482970","13270952","165212018"
"Likee","Internet Instant Messaging","297285551","13942032","283343519"
"KOCHAVA","Web","2005794","548769","1457025"
"Sift Science","Web","454674","83244","371430"
"Connatix","Real Time Audio/Video","18230524","1193974","17036550"
"Minute Media","Web","29215018","496863","28718155"
"UserReport","Web","891017","247384","643633"
"Pendo","Web","36172112","8610480","27561632"
"Go Daddy","Web","2697608","118546","2579062"
"Contentful","Web","213547623","8263641","205283982"
"Indeed","Web","109824028","27526008","82298020"
"TMZ","Web","5117805","134642","4983163"
"The Walt Disney Company","Web","120933","36934","83999"
"Intercom","Web","47396192","19303173","28093019"
"BitTorrent","Peer to Peer","9249231","1680290","7568941"
"eBay.com","Web","22768139","1968188","20799951"
"Generic Routing Encapsulation","Tunneling and VPN","5543640","5543640","0"
"IPsec (AH and ESP)","Tunneling and VPN","400635947","101955234","298680713"
"Layer 2 Tunneling Protocol","Tunneling and VPN","463855246","24709086","439146160"
"McAfee Client update","Business Application","7664665","1333705","6330960"
"Netbios Name Service","Network Service","4914","4914","0"
"Point-to-Point Tunneling Protocol","Tunneling and VPN","5462","2260","3202"
"ShoutCast","Media","14174742","400558","13774184"
"Simple Mail Transfer Protocol","Email","35932","8975","26957"
"Simple Mail Transfer Protocol Secure","Email","3802","1618","2184"
"SOCKet Secure v5","Tunneling and VPN","2145","919","1226"
"VMWare","Remote Desktop","1294210","131926","1162284"
"Yahoo Search","Web","4983067","550657","4432410"
"MPEG-Transport Stream","Real Time Audio/Video","436389","20391","415998"
"Secure AIM","Internet Instant Messaging","530782","97261","433521"
"Ask.com","Web","78742","4552","74190"
"Tagged.com","Social Networking","14470","3759","10711"
"Expedia.fr","Web","15000478","1753549","13246929"
"Travelocity.com","Web","10571","1221","9350"
"Flickr","Social Networking","25092457","793937","24298520"
"Xbox Live","Gaming","2723940","745334","1978606"
"Badoo.com","Internet Instant Messaging","19044014","2741198","16302816"
"ResearchGATE.net","Web","170582","9064","161518"
"Tumblr","Social Networking","45571876","936882","44634994"
"Yammer.com","Business Application","1003472","355006","648466"
"Yelp.com","Web","3295278","77740","3217538"
"PPStream - P2P based Streamed Media","Business Collaboration","7175000","3981530","3193470"
"TeamViewer","Remote Desktop","703111","244753","458358"
"Baidu.com","Web","7222976","715032","6507944"
"Adobe Flash Plugin Update","Web","8110","1129","6981"
"Java Update","Web","169137","6414","162723"
"Apple Update","Web","2657557","106933","2550624"
"Archive.org","Web","13004843","415432","12589411"
"Debian/Ubuntu Update","Web","113424205","2228426","111195779"
"icecast","Media","4937889","161190","4776699"
"BitDefender Update","Web","840117","377406","462711"
"Playstation Network","Gaming","17977","1352","16625"
"Trendmicro Update protocol","Web","638527","312336","326191"
"Garena","Web","618395","61857","556538"
"Concur","Business Application","31943","25330","6613"
"Dropbox","Storage and Backup","197650753","65403889","132246864"
"Google Translate","Web","7048658","2426569","4622089"
"Web-ICQ","Internet Instant Messaging","9194","1775","7419"
"SiriusXm.com","Media","14408","5205","9203"
"GoToMeeting Online Meeting","Business Collaboration","46446","16729","29717"
"WebEx","Business Collaboration","11938604","316223","11622381"
"Slingbox","Media","2099823","90091","2009732"
"Alexa","Web","34651","3733","30918"
"AlJazeera.net","Web","1573725","85145","1488580"
"AmericanExpress","Web","182280","38884","143396"
"Blogger","Web","3326498","96432","3230066"
"Capital One","Web","22245875","1821025","20424850"
"Cnet.com","Web","1628764","114948","1513816"
"CNN (Cable News Network)","Web","26887134","2252062","24635072"
"Daum.net","Web","125614","8524","117090"
"Fox News","Web","12193490","719215","11474275"
"Groupon","Web","377345","94437","282908"
"Intuit.com","Business Application","218486614","166113612","52373002"
"Mashable.com","Web","285275","37867","247408"
"Monster.com","Web","18528","3194","15334"
"Naver Corporation (formerly NHN Corporation)","Web","225329","39790","185539"
"NBA.com","Web","3110","260","2850"
"National Football League (NFL.com)","Web","14241707","1622952","12618755"
"Nike.com","Web","35354662","2932797","32421865"
"NYTimes.com","Web","4726","763","3963"
"PlayStation.com","Web","12536838","558171","11978667"
"Reuters.com","Web","2476264","83547","2392717"
"Reverso.net","Web","274135","42031","232104"
"Sports Illustrated","Web","729407","33895","695512"
"Sprint.com","Web","3949224","50782","3898442"
"SurveyMonkey.com","Web","16508","2699","13809"
"WashingtonPost.com","Web","7783286","625688","7157598"
"Xbox","Gaming","55345","4359","50986"
"XNXX","Web","654010","204137","449873"
"Xvideos.com","Media","106288","22773","83515"
"GMX webmail","Email","94551","12496","82055"
"Line","Internet Instant Messaging","551527763","18767594","532760169"
"Shazam","Web","1751242","157827","1593415"
"TuneIn","Real Time Audio/Video","197525","12210","185315"
"KakaoTalk","Internet Instant Messaging","91055","15346","75709"
"Nexon.com","Web","3750","1733","2017"
"Ultrasurf","Anonymizers and Proxies","2880","2880","0"
"Amazon Prime Video","Media","1757828289","76420024","1681408265"
"QQ.com","Web","2442354","169740","2272614"
"163.com","Web","46576","21722","24854"
"Sohu.com","Web","27783","6377","21406"
"Ifeng.com","Web","258908","26454","232454"
"Alipay","Web","63126","33110","30016"
"360.cn","Web","1750","775","975"
"Zynga.com","Gaming","5647555","1431142","4216413"
"Limelight Networks CDN","Web","301780915","10225049","291555866"
"Datagram Transport Layer Security","Tunneling and VPN","27165158","7628176","19536982"
"ISO Base Media File Format","Real Time Audio/Video","277911851","8110435","269801416"
"KIK Messenger","Internet Instant Messaging","26557","9853","16704"
"WeChat","Internet Instant Messaging","2235527","94498","2141029"
"Ettoday.net","Web","3418972","297054","3121918"
"QQ Games","Gaming","147948","114782","33166"
"Ruten.com.tw","Web","9065846","492583","8573263"
"Pornhub","Web","285675","60025","225650"
"Microsoft SharePoint Online (Office 365)","Business Application","189013639","122180127","66833512"
"SPDY","Network Service","8538","3168","5370"
"Internet Movie Database","Web","8407302","265230","8142072"
"Imgur.com","Storage and Backup","92054277","1411511","90642766"
"ThePirateBay.se","Web","51948","17292","34656"
"xHamster.com","Web","512271","110923","401348"
"Google Documents (aka Google Drive)","Storage and Backup","27812236","16031871","11780365"
"Apple Maps","Web","492583","40781","451802"
"WebSocket","Network Service","142522","70172","72350"
"Issuu.com","Web","253152","12590","240562"
"LastPass.com","Web","3839236","1397513","2441723"
"Mendeley.com","File Sharing","35383","7224","28159"
"Saavn Bollywood Music","Media","2379530","314679","2064851"
"AVG.com","Web","67220006","1606292","65613714"
"Softonic.com","Web","541853034","5620975","536232059"
"Marca.com","Web","98204","13458","84746"
"ESPNCricinfo.com","Web","2806181","168361","2637820"
"Apple HTTP Live Streaming","Real Time Audio/Video","24863275","489429","24373846"
"Indiatimes","Web","9431743","1197647","8234096"
"Background Intelligent Transfer Service","File Sharing","33152963","4095992","29056971"
"Seznam.cz","Web","116115","6958","109157"
"Hotspot Shield","Tunneling and VPN","4896789","2076032","2820757"
"Wp.pl","Web","47596","11085","36511"
"Lanacion.com.ar","Web","12807","1068","11739"
"Stuff.co.nz","Web","114663","3482","111181"
"VnExpress.net","Web","936473","247287","689186"
"Zing.vn","Web","6539","942","5597"
"Aol","Web","466755","51722","415033"
"Gameloft Games","Gaming","43266","12338","30928"
"Nokia","Web","36219","4410","31809"
"Candy Crush Saga","Gaming","3583796","1306049","2277747"
"King Digital Entertainment","Gaming","1160056","126255","1033801"
"Waze Social GPS Maps & Traffic","Web","70218731","6347685","63871046"
"Symantec","Web","1969641","410419","1559222"
"Plenty Of Fish","Web","14968","4773","10195"
"Twitch","Media","3483099","625133","2857966"
"BoldChat Live Chat","Internet Instant Messaging","588353","143785","444568"
"Turner","Web","5507301","169285","5338016"
"zalo","Internet Instant Messaging","6585","2055","4530"
"AMMYY-ADMIN","Web","10766","3104","7662"
"Hootsuite","Web","69527","1797","67730"
"Traffic Junky","Web","7336","1642","5694"
"quic","Network Service","26587","22070","4517"
"I2P Invisible Internet Project","Tunneling and VPN","12808","6988","5820"
"CPMSTAR","Web","74119","15168","58951"
"ADTECH","Web","181638","13409","168229"
"Constant Contact","Web","220482","12946","207536"
"GitHub","Web","937846304","13914044","923932260"
"Atlassian","Web","94145","2138","92007"
"My.com","Web","12629","4639","7990"
"Bizographics","Web","31213","6829","24384"
"Helpshift","Web","343289","88044","255245"
"Gmanetwork","Web","1502698","68065","1434633"
"LogMeIn","Remote Desktop","16030","3141","12889"
"Microsoft Translator (Bing Translator)","Web","10112","3182","6930"
"Perform","Web","1424029","28855","1395174"
"Periscope","Media","5258121","153892","5104229"
"Olark","Web","121310","11131","110179"
"Liveperson","Web","7699490","427617","7271873"
"Mapbox","Web","8727899","633270","8094629"
"ABS-CBN Entertainment","Web","1932241","118761","1813480"
"Rollout","Web","147236","40603","106633"
"Microsoft Excel Online (Office 365)","Web","30152728","10309579","19843149"
"LiveChat","Web","1491265","106604","1384661"
"Riffsy (Tenor.co)","Web","2890753","52504","2838249"
"Tune","Web","220712","56860","163852"
"Braintree","Web","339063","65835","273228"
"LKQD","Web","156075","45275","110800"
"jQuery","Web","7517387","437058","7080329"
"Lookout Mobile Security","Business Application","2031075","31341","1999734"
"Bleacher Report","Web","129668","6602","123066"
"Umeng","Web","1219727","788912","430815"
"The Royal Gazette","Web","372857","26811","346046"
"MobFox","Web","25074","4239","20835"
"Google Photos (formerly Google Picasa)","Web","133987230","125453179","8534051"
"Zwherald","Web","1465959","41089","1424870"
"Liftoff","Web","1739200","584289","1154911"
"Baidu Maps","Web","153364","22090","131274"
"Slack","Web","62156320","795347","61360973"
"Switch","Web","16863","2576","14287"
"hotjar","Web","17251649","7354954","9896695"
"ZoomMeetings","Business Collaboration","1307472941","46872432","1260600509"
"Pokemon GO","Gaming","17424","8497","8927"
"CDNetworks","Infrastructure","2324","522","1802"
"Financial Information eXchange (FIX)","Network Service","894194","199534","694660"
"Weborama","Web","52829","11655","41174"
"Highwinds","Web","7118025","210863","6907162"
"StackExchange","Web","1922638","70623","1852015"
"StackOverflow","Web","146029","6073","139956"
"Wix","Web","65828206","1649420","64178786"
"Tinder","Web","36829364","1825406","35003958"
"GIPHY","Web","195964257","3247627","192716630"
"Eskimi","Web","83737","24877","58860"
"Ubuntu","Web","897811870","16744006","881067864"
"Clash of Clans","Gaming","6854366","296697","6557669"
"Supercell","Gaming","498123","111060","387063"
"Amazon Music","Media","4939813","1274072","3665741"
"Microsoft Word Online (Office 365)","Business Collaboration","2958805","333228","2625577"
"Signal Private Messenger (Open Whisper Systems)","Internet Instant Messaging","164742","32005","132737"
"Vidyard","Web","25933583","558823","25374760"
"Apple Game Center","Gaming","6300326","1359020","4941306"
"Nintendo","Gaming","1691656","374798","1316858"
"OpenRice","Web","14921","2544","12377"
"Flashtalking","Web","14699224","785213","13914011"
"Aerserv","Web","6863","1127","5736"
"Huawei","Web","2248172","844820","1403352"
"ULP","Network Service","951928","80934","870994"
"AnyDesk","Remote Desktop","412393","208546","203847"
"Livescore","Web","206569","17106","189463"
"Zhihu","Web","16263","2683","13580"
"Booking.com","Web","53530982","36682620","16848362"
"Walmart","Web","99177","73187","25990"
"Yandex Music","Real Time Audio/Video","30881","23933","6948"
"Automatic Data Processing (ADP)","Web","1624324","525461","1098863"
"Cloudinary","Web","22806050","471237","22334813"
"Optus","Web","900282","37088","863194"
"Google Secure User Plane Location","Web","582854","104251","478603"
"T-Mobile","Web","493189","22260","470929"
"Sportradar","Web","5722156","252660","5469496"
"Wall Street Journal","Web","281559","23362","258197"
"Meitu","Web","296157","136747","159410"
"Clash Royale","Gaming","678602","180596","498006"
"Canvas Student","Web","2464087","45117","2418970"
"Instructure","Web","1664474","600798","1063676"
"Workplace By Facebook","Social Networking","194060","90352","103708"
"shopee.tw","Web","85884332","5442186","80442146"
"Electronic Arts","Web","3755818","619989","3135829"
"Facebook Lite","Social Networking","1444971","267294","1177677"
"Apache Thrift","Network Service","2242","2002","240"
"Kakao","Web","10266","1901","8365"
"Digioh","Web","783417","30092","753325"
"Apptimize","Web","74965","25007","49958"
"x_vpn","Tunneling and VPN","57117558","5694546","51423012"
"Mediascope","Web","9683","2792","6891"
"Data Saver","Web","3348759","287795","3060964"
"Domain Name Service Crypt","Network Service","342264","160408","181856"
"Opera turbo","Network Service","41781141","3252696","38528445"
"Akamai Video","Media","909472","268563","640909"
"Appnext","Web","745960","48969","696991"
"Splunk Cloud","Storage and Backup","15423","4577","10846"
"Fortnite","Gaming","27611812","1689472","25922340"
"Text Me","Internet Instant Messaging","5098177","2621924","2476253"
"Epic_games","Gaming","8035670","2601606","5434064"
"Unreal_engine","Gaming","691530","17021","674509"
"IBM","Web","7329","1341","5988"
"TunnelBear VPN","Tunneling and VPN","55208","24113","31095"
"RingCentral","Business Collaboration","229014","13510","215504"
"Google News","Web","569589","58338","511251"
"Alibaba Group","Web","75010","16000","59010"
"League of Legends","Gaming","20241748","4017619","16224129"
"Discord","Internet Instant Messaging","35495201","1726204","33768997"
"ExpressVPN","Tunneling and VPN","243543","60623","182920"
"Future_plc","Web","2059255","116840","1942415"
"Monday.com","Web","62055","23349","38706"
"Google Play Books","Web","9678149","586335","9091814"
"MAkeMyTrip","Web","266421","38291","228130"
"Fandom","Web","375290","23031","352259"
"Tesla","Web","13686","2759","10927"
"Google GSuite","Web","1715422","214001","1501421"
"W3Schools","Web","13600","1770","11830"
"OpenSignal","Web","2922369","105342","2817027"
"UDP Data Transfer protocol","File Sharing","10459223","4521967","5937256"
"Stan","Real Time Audio/Video","1157242","46796","1110446"
"StreamCo Media","Real Time Audio/Video","2217059","74690","2142369"
"TripAdvisor","Web","5765592","225462","5540130"
"Moodle","Social Networking","27033577","429746","26603831"
"Globe_telco","Web","19686434","2592448","17093986"
"Crypto browser","Web","27369533","748667","26620866"
"PubNub","Web","1165235","399027","766208"
"Unknown virtual protocol","Unclassified","856588","136801","719787"
"NetEase","Web","717720","21036","696684"
"Unknown virtual protocol","Unclassified","2876","1679","1197"
"Unknown virtual protocol","Unclassified","227662","74364","153298"
"Unknown virtual protocol","Unclassified","15048237","11746628","3301609"
"Unknown virtual protocol","Unclassified","4368076","2765000","1603076"
"Unknown virtual protocol","Unclassified","1760647","90691","1669956"
"Unknown virtual protocol","Unclassified","14150","1247","12903"
"Google Blog","Web","12244","2263","9981"
"Discovery Inc","Real Time Audio/Video","170507","6597","163910"
"Bumble","Web","3789292","263876","3525416"
"Qwant","Web","57688","2642","55046"
"Acast","Real Time Audio/Video","10129188","360365","9768823"
"Wireguard","Tunneling and VPN","55550100","7281023","48269077"
"Firework","Internet Instant Messaging","4304559","189048","4115511"
"Google Messages","Internet Instant Messaging","13793423","5298323","8495100"
"BAMTech","Real Time Audio/Video","3591985","1862971","1729014"
"Disney Plus","Real Time Audio/Video","381710006","11479633","370230373"
"Agora","Network Service","13237","2243","10994"
"Quora","Social Networking","15731994","795688","14936306"
"Toutiao","Web","13120","1669","11451"
"Airbnb","Web","32056166","3378165","28678001"
"Activision-Blizzard","Web","1071239","6765","1064474"
"Browsec VPN","Tunneling and VPN","17514","12312","5202"
"Workday","Business Application","9534323","479202","9055121"
"Shopify","Web","54198913","1401992","52796921"
"Service Now","Web","353310","151932","201378"
"StackPath","Web","20663291","403622","20259669"
"Houseparty","Real Time Audio/Video","90735","10473","80262"
"Roblox","Gaming","22811161","1136063","21675098"
"Acronis Backup","File Sharing","10059","1655","8404"
"Citrix","Web","8274","3248","5026"
"Digital Turbine","Web","21609406","238447","21370959"
"Pluto TV","Real Time Audio/Video","788894095","18315162","770578933"
"adRise","Real Time Audio/Video","189788","12685","177103"
"Tubi TV","Real Time Audio/Video","8618349","208538","8409811"
"Demandbase","Web","459645","25267","434378"
"Amazon Alexa Assistant","Business Collaboration","583418","219912","363506"
"Spotify Audio","Real Time Audio/Video","659504710","15285625","644219085"
"Coursera","Web","10887","3711","7176"
"The Blaze","Web","1909747","47927","1861820"
"Hotels.com","Web","182918","3996","178922"
"NHL.com","Web","4786046","175887","4610159"
"Priceline.com","Web","4356543","290362","4066181"
"Call of Duty Mobile","Gaming","64346340","864986","63481354"
"Wired","Web","205204098","1877856","203326242"
"Kickstarter","Web","11490532","384316","11106216"
"FedEx","Web","189997","58948","131049"
"Kayak","Web","7325","1532","5793"
"Rediff","Web","56354","7824","48530"
"Eventbrite","Web","2132404","53133","2079271"
"WarnerMedia","Web","249448314","3366694","246081620"
"Datadog","Web","1230598","1065852","164746"
"Unknown virtual protocol","Unclassified","11506","6995","4511"
