"Application","Category","Total Bytes","Bytes Received","Bytes Sent"
"Domain Name Service","Network Service","1574899933","766935199","807964734"
"Google Mail","Email","1054277024","130888994","923388030"
"Google Search","Web","439463034","65546087","373916947"
"HyperText Transfer Protocol","Web","3583041559","398031075","3185010484"
"HyperText Transfer Protocol Secure","Web","13261495195","1297592798","11963902397"
"Internet Control Message Protocol","Network Service","4285168743","2561956378","1723212365"
"Internet Message Access Protocol version 4","Email","114763258","41776326","72986932"
"Internet Protocol","Network Service","0","0","0"
"Network Time Protocol","Network Service","1393274","811429","581845"
"Skype and Teams","Business Collaboration","37705516","8470968","29234548"
"Simple Object Access Protocol","Network Service","1569124932","745167786","823957146"
"Secure Shell","Tunneling and VPN","36242012","18749956","17492056"
"Secure Socket Layer","Tunneling and VPN","18781413967","3481798891","15299615076"
"Transmission Control Protocol","Other TCP/UDP","2646432367","201507313","2444925054"
"User Datagram Protocol","Other TCP/UDP","149261724085","11124571837","138137152248"
"Youtube.com","Media","7192210085","387022639","6805187446"
"Facebook","Social Networking","46891272189","1654165346","45237106843"
"Google Ads","Web","708023237","142724256","565298981"
"WordPress.com","Social Networking","8473676","298263","8175413"
"Apple Generic Services","Web","8663527311","323333150","8340194161"
"Online Certificate Status Protocol","Business Application","116577999","6983934","109594065"
"iTunes","Media","581959080","85811053","496148027"
"Spotify","Media","1105262047","78050955","1027211092"
"TeamViewer","Remote Desktop","267137372","165602415","101534957"
"Bing.com (formerly MSN Search)","Web","482679248","80588974","402090274"
"Windows Update","Web","7739603777","455456449","7284147328"
"Chrome Update","Web","303399756","21768448","281631308"
"Google Analytics,Google Marketing Platform","Web","175462809","49403938","126058871"
"Google GStatic","Web","1616428355","98154164","1518274191"
"Google Generic","Web","1918120695","153624875","1764495820"
"Amazon Generic Services","Web","3388889343","1247074174","2141815169"
"WhatsApp Messenger","Internet Instant Messaging","12928834408","3983733252","8945101156"
"Apple App Store","Web","6109418234","171181438","5938236796"
"Windows Marketplace","Web","660977473","43376465","617601008"
"Apple Push Notification Service","Web","285475988","191024242","94451746"
"iOS over-the-air (OTA) update","Web","1492711377","62302636","1430408741"
"Samsung Apps","Web","59543125","12656536","46886589"
"Google Play Store","Media","1057157919","172658527","884499392"
"iCloud (Apple)","Storage and Backup","3381969492","1898939061","1483030431"
"Instagram","Web","38137257103","2227671690","35909585413"
"Amazon Web Services/Cloudfront CDN","Infrastructure","12157503547","6906529094","5250974453"
"CloudFlare CDN","Infrastructure","8186221030","228827979","7957393051"
"Microsoft Office 365","Business Collaboration","1478812490","164308623","1314503867"
"Zoho Corporation","Business Application","63157414","37152830","26004584"
"Microsoft Outlook (Office 365)","Business Application","919563694","237436084","682127610"
"Reddit.com","Web","377017867","29511698","347506169"
"Apple SIRI","Web","40088482","22934849","17153633"
"Google Accounts","Web","100210478","36023648","64186830"
"Snapchat","Social Networking","9258170262","790940431","8467229831"
"Turn","Web","2256430","604525","1651905"
"ScorecardResearch","Web","40382777","4631066","35751711"
"Oracle","Web","7164832","1463532","5701300"
"Google Safe Browsing","Web","7142064","1255473","5886591"
"Samsung","Web","246277110","112374485","133902625"
"Facebook Messenger","Internet Instant Messaging","1023916975","380385819","643531156"
"Gravatar","Business Collaboration","1265969","227812","1038157"
"Google Cloud Messaging","Web","153861712","31225386","122636326"
"Apple Location","Web","1593944780","169969776","1423975004"
"AppNexus","Web","119157784","66088974","53068810"
"HyperText Transfer Protocol version 2","Web","5195210320","664322919","4530887401"
"Android connectivity Manager","Network Service","11253087","5790844","5462243"
"Krux","Web","1926483","347763","1578720"
"Heap","Web","142779869","89243160","53536709"
"Taboola","Web","74626378","14186177","60440201"
"MediaMath","Web","3611437","1423804","2187633"
"Microsoft","Web","2474428474","456126076","2018302398"
"New Relic","Web","40191549","24563597","15627952"
"ZoomMeetings","Business Collaboration","663277318","103200265","560077053"
"Google Cloud Platform","Web","22144290","8777313","13366977"
"Cisco","Web","4138477","1521932","2616545"
"Simpli.fi","Web","1608099","336611","1271488"
"Google APIs","Web","1884566811","760650395","1123916416"
"Amazon Cognito","Web","21073787","7039707","14034080"
"Digicert","Web","15257076","2160103","13096973"
"Font Awesome","Web","5515279","595621","4919658"
"Intercom","Web","189429718","73478873","115950845"
"SD-WAN Control","SD-WAN","50141893276","28976117947","21165775329"
"SD-WAN Management","SD-WAN","5382587242","2268354033","3114233209"
"TencentMeeting","Business Collaboration","44762624","20392021","24370603"
"BitTorrent","Peer to Peer","321090","12042","309048"
"Google Maps","Web","33535026","3428799","30106227"
"Internet Message Access Protocol Secure","Email","9455002","1606560","7848442"
"IPsec (AH and ESP)","Tunneling and VPN","1924524084","148344148","1776179936"
"XMPP Protocol (Jabber)","Business Collaboration","2166799","818663","1348136"
"McAfee Client update","Business Application","129475109","7864712","121610397"
"QQ","Internet Instant Messaging","165732","52976","112756"
"Real Time Protocol","Business Collaboration","1094853712","560756433","534097279"
"Session Traversal Utilities for NAT","Business Collaboration","49104621","11392775","37711846"
"Yahoo Mail v.2.0","Email","202938324","32419039","170519285"
"Windows Live Hotmail","Email","75358947","6640027","68718920"
"Ask.com","Web","106996","6655","100341"
"Flickr","Social Networking","14028","5773","8255"
"LinkedIn","Social Networking","209202387","19434332","189768055"
"Xbox Live","Gaming","28510810","2085282","26425528"
"Twitter","Social Networking","871188862","40503176","830685686"
"Viber","Real Time Audio/Video","253462478","55015576","198446902"
"Netflix.com","Media","11264878428","258861479","11006016949"
"Dropbox","Storage and Backup","5551167","3285293","2265874"
"Google Translate","Web","2074085","275656","1798429"
"Salesforce","Business Application","3784417","1695815","2088602"
"Kaspersky.com","Web","8139363","1962689","6176674"
"SlideShare","Web","609759","86901","522858"
"Vimeo","Web","1937711","129754","1807957"
"WashingtonPost.com","Web","1567116","139123","1427993"
"Weather.com","Web","30702916","4195144","26507772"
"Apple FaceTime","Real Time Audio/Video","3097361763","464551781","2632809982"
"SoundCloud","Media","51562649","5853173","45709476"
"QQ.com","Web","7027504","300082","6727422"
"Akamai Technologies CDN","Web","1319695164","28035019","1291660145"
"Limelight Networks CDN","Web","2002097844","86856424","1915241420"
"Microsoft Azure (previously Windows Azure)","Infrastructure","785317731","18727218","766590513"
"ISO Base Media File Format","Real Time Audio/Video","187096092","29448350","157647742"
"Yahoo.com","Web","488185969","58784424","429401545"
"Google Talk (incl. Hangouts and Allo and Duo)","Real Time Audio/Video","21263413","7982707","13280706"
"Nokia Here API","Web","2945491","79717","2865774"
"Microsoft SharePoint Online (Office 365)","Business Application","125992095","26975755","99016340"
"Pinterest","Web","540165286","33031210","507134076"
"Google Documents (aka Google Drive)","Storage and Backup","57091030","10873888","46217142"
"Apple Maps","Web","446974","48426","398548"
"BBC","Web","15473266","933113","14540153"
"Amazon Ad System","Web","84303900","20024229","64279671"
"Gameloft Games","Gaming","3900756","402220","3498536"
"AddThis","Web","6362267","505489","5856778"
"Quantcast","Web","6353191","1515525","4837666"
"Telegram","Internet Instant Messaging","791398133","74755355","716642778"
"Bitstrips","Social Networking","125241448","10745458","114495990"
"Criteo","Web","80452925","10258120","70194805"
"Adobe","Business Application","247662974","23959576","223703398"
"Zendesk","Business Collaboration","6467050","365868","6101182"
"Inneractive","Web","71873934","49785833","22088101"
"Flurry","Business Application","6534349","3765067","2769282"
"Crashlytics","Web","46673058","2995071","43677987"
"BoldChat Live Chat","Internet Instant Messaging","130869","22868","108001"
"InMobi","Web","40160152","17283493","22876659"
"AppsFlyer","Business Application","58556075","20010474","38545601"
"Stickyads","Web","11665300","4204639","7460661"
"Mixpanel","Web","12910358","9953903","2956455"
"Cedexis","Web","5063524","1635756","3427768"
"Google Cloud Storage","Web","443078332","271402921","171675411"
"Google Calendar","Web","11516214","3503677","8012537"
"PubMatic","Web","45056513","25475107","19581406"
"Index Exchange (previously Casale Media)","Web","17200263","5794122","11406141"
"LOTAME","Web","3616753","710532","2906221"
"Rubicon Project","Web","52019394","19561881","32457513"
"Rlcdn","Web","4967755","864846","4102909"
"Advertising.com","Web","3377668","1065010","2312658"
"Google Tag Manager","Web","104567926","6236989","98330937"
"Facebook Embedded Video","Media","2590584589","61977271","2528607318"
"Ad Safe Protected","Web","46535476","8408054","38127422"
"Adjust.com","Web","18506309","7608656","10897653"
"BootstrapCDN","Web","2561831","220968","2340863"
"Apple Music","Media","17762738","825917","16936821"
"Outbrain","Web","29349963","6190308","23159655"
"Fastly","Web","1746516","199669","1546847"
"Unruly","Web","4157955","2393236","1764719"
"Rogers TV","Web","17684800","822766","16862034"
"UpLynk","Web","537878","132731","405147"
"Applovin","Web","598451250","134537180","463914070"
"Moat","Web","47889932","10869117","37020815"
"Microsoft Office OneNote (Office 365)","Business Application","3399217","1195754","2203463"
"Branch Metrics","Web","29500950","8586170","20914780"
"Optimizely","Web","6765702","1352965","5412737"
"Rackspace","Web","1623618745","120336455","1503282290"
"jQuery","Web","11881802","693697","11188105"
"Everest Technologies","Web","7437522","2254663","5182859"
"Microsoft OneDrive","Web","534714933","51770920","482944013"
"Google Photos (formerly Google Picasa)","Web","5965250","1127275","4837975"
"Uber (formerly UberCab)","Web","78773193","13876176","64897017"
"Conversant","Web","2901449","1212598","1688851"
"MQ Telemetry Transport","Network Service","3032","1620","1412"
"Adform","Web","6942740","1510300","5432440"
"hotjar","Web","36906871","24116796","12790075"
"HyperText Transfer Protocol proxy","Network Service","5270425","2607792","2662633"
"GIPHY","Web","87799171","2736323","85062848"
"Firebase Cloud Messaging","Web","234117005","102856079","131260926"
"IMO Video Calling Application","Media","76594587","30627720","45966867"
"Bidswitch","Web","10643790","4203880","6439910"
"Clash of Clans","Gaming","528820683","18349928","510470755"
"Supercell","Gaming","28240145","1142675","27097470"
"Bugsnag","Web","1881712","1021860","859852"
"Vidyard","Web","23552628","486268","23066360"
"Apple Game Center","Gaming","8053394","2062753","5990641"
"Flashtalking","Web","11791327","2032629","9758698"
"Sharethrough","Web","17153372","5912254","11241118"
"AdColony","Web","17598080","6920880","10677200"
"Yieldmo","Web","4438729","1020191","3418538"
"Huawei","Web","3076202","1203217","1872985"
"MGID","Web","2179719","197251","1982468"
"ULP","Network Service","4802347","150955","4651392"
"AnyDesk","Remote Desktop","60890","25459","35431"
"DoubleVerify","Web","45774339","9992223","35782116"
"Media Innovation Group","Web","585814","145940","439874"
"Avast","Web","3350015","230697","3119318"
"Okta","Web","109213313","33284653","75928660"
"PulsePoint","Web","3780167","1300346","2479821"
"Sonobi","Web","6302762","2568831","3733931"
"Google Secure User Plane Location","Web","516905","86914","429991"
"Amplitude","Web","44228674","39930847","4297827"
"T-Mobile","Web","26084","9709","16375"
"Clash Royale","Gaming","79697361","5168123","74529238"
"Microsoft teams","Internet Instant Messaging","299777062","45699566","254077496"
"Facebook Lite","Social Networking","9346595","1165916","8180679"
"x_vpn","Tunneling and VPN","2101484182","340137761","1761346421"
"Adtelligent","Web","2262222","1021736","1240486"
"IronSource","Business Application","154427161","13236552","141190609"
"Grammarly","Web","24643582","10185027","14458555"
"ByteDance","Web","568009738","69814841","498194897"
"TikTok (Musical.ly)","Social Networking","77093928416","4257916409","72836012007"
"Discord","Internet Instant Messaging","432709492","40518287","392191205"
"Apple News","Web","167228129","12010317","155217812"
"Google GSuite","Web","5848412","802795","5045617"
"Vungle","Web","262113050","12017705","250095345"
"Unknown virtual protocol","Unclassified","128698063","17893805","110804258"
"Unknown virtual protocol","Unclassified","135337648","44738302","90599346"
"Google Pay","Web","5536572","1452240","4084332"
"Google Messages","Internet Instant Messaging","25322332","12512582","12809750"
"JWPLAYER","Web","501357727","7600700","493757027"
"Bigo","Web","52351920","1794221","50557699"
"Quora","Social Networking","10425529","1169624","9255905"
"Shopify","Web","23681237","754801","22926436"
"Likee","Internet Instant Messaging","11279410","3031854","8247556"
"Sift Science","Web","236666","69552","167114"
"Spotify Audio","Real Time Audio/Video","402522765","6748640","395774125"
"Minute Media","Web","7035571","115581","6919990"
"UserReport","Web","1786172","667475","1118697"
"Pendo","Web","7014316","1852668","5161648"
"Go Daddy","Web","9640611","755878","8884733"
"Contentful","Web","141502413","7323215","134179198"
"Indeed","Web","64190178","22491323","41698855"
"Datadog","Web","325945","249158","76787"
"Border Gateway Protocol","Network Service","20319","9832","10487"
"Dailymotion.com","Media","31930872","866564","31064308"
"eBay.com","Web","54973716","3374468","51599248"
"File Transfer Protocol","File Sharing","1589086","833111","755975"
"Google Earth","Web","46987","3559","43428"
"Internet Security Association and Key Management Protocol","Tunneling and VPN","39643517","6564202","33079315"
"Lighweight Directory Access Protocol","Authentication","28314","26252","2062"
"Netbios Name Service","Network Service","936","936","0"
"PalTalk","Internet Instant Messaging","15676713","594558","15082155"
"Real Time Control Protocol","Business Collaboration","90030646","67439572","22591074"
"SAP","Business Application","2483859","1008300","1475559"
"Session Initiation Protocol","Business Application","886668","549957","336711"
"Simple Mail Transfer Protocol","Email","1805498","1047049","758449"
"Simple Mail Transfer Protocol Secure","Email","3436","2188","1248"
"Wikipedia.com","Web","16657818","925151","15732667"
"Wireless Transaction Protocol","Network Service","515613","236704","278909"
"Yahoo Search","Web","6776351","884546","5891805"
"MPEG-Transport Stream","Real Time Audio/Video","5362292","2273444","3088848"
"Simple Network Paging Protocol","Network Service","8510","1989","6521"
"Secure AIM","Internet Instant Messaging","465648","87555","378093"
"Expedia.fr","Web","2636167","1062360","1573807"
"Realtor.com","Web","25850","4217","21633"
"Deezer","Web","2801841","132912","2668929"
"Mail.ru Webmail","Email","102169","8137","94032"
"Steampowered.com","Gaming","27526099","1043514","26482585"
"Badoo.com","Internet Instant Messaging","6862","1796","5066"
"Foursquare.com","Web","42869","16706","26163"
"Odnoklassniki.ru","Social Networking","277480885","3796096","273684789"
"ResearchGATE.net","Web","494160","9198","484962"
"Tumblr","Social Networking","22780657","574058","22206599"
"Yammer.com","Business Application","1392434","582433","810001"
"Yelp.com","Web","1265070","25982","1239088"
"Yandex.ru","Web","3407468","1156492","2250976"
"Baidu.com","Web","3574348","194604","3379744"
"Firefox Update","Web","27122","7790","19332"
"Java Update","Web","60141","2916","57225"
"Apple Update","Web","9184386","286305","8898081"
"Archive.org","Web","23416645","634141","22782504"
"Opera Update","Web","374598","117068","257530"
"icecast","Media","8291783","218656","8073127"
"BitDefender Update","Web","6275371","1677755","4597616"
"Symantec Norton AntiVirus Updates","Web","9856051","1276704","8579347"
"iHeartRADIO","Media","16298","2332","13966"
"Psiphon","Web","225627","71023","154604"
"Portal.TidalTV.com","Web","515658","145026","370632"
"SiriusXm.com","Media","14987","3099","11888"
"YouKu","Media","547746","494633","53113"
"Zoho CRM","Business Application","18876","8575","10301"
"GoToMeeting Online Meeting","Business Collaboration","42006","8723","33283"
"Bloomberg.com","Web","57574","25259","32315"
"AccuWeather","Web","6790552","983205","5807347"
"Acer","Web","47618","16457","31161"
"Adobe Acrobat DC (Document Cloud)","Web","1289893","243557","1046336"
"Alexa","Web","29029","2635","26394"
"AlJazeera.net","Web","130381","54429","75952"
"AmericanExpress","Web","190715","93364","97351"
"ATT.com (AT&T)","Web","8400","3040","5360"
"Blogger","Web","1099077","68807","1030270"
"Capital One","Web","7924999","860382","7064617"
"Cnet.com","Web","1831990","46407","1785583"
"CNN (Cable News Network)","Web","11636066","2467784","9168282"
"Daily Mail","Web","640834","54832","586002"
"Daum.net","Web","11831","2207","9624"
"Fox News","Web","54760","3217","51543"
"Groupon","Web","73574","10072","63502"
"Intuit.com","Business Application","9902105","5252071","4650034"
"Mozilla.com - Mozilla.org","Web","24866578","10575106","14291472"
"Naver Corporation (formerly NHN Corporation)","Web","158210038","5487218","152722820"
"NBA.com","Web","1940656","175792","1764864"
"National Football League (NFL.com)","Web","15923","6101","9822"
"Nike.com","Web","13182205","1967679","11214526"
"NYTimes.com","Web","10285515","783255","9502260"
"PlayStation.com","Web","1129790","212460","917330"
"Redtube","Web","22524","2290","20234"
"Sprint.com","Web","6121","1256","4865"
"SurveyMonkey.com","Web","8180","963","7217"
"Xbox","Gaming","2557273","114423","2442850"
"XNXX","Web","387888","81268","306620"
"Xvideos.com","Media","46773253","1144507","45628746"
"Youdao.com","Web","4771","2071","2700"
"Youm7.com","Web","1832194","35475","1796719"
"Sophos update","Business Application","183581","32263","151318"
"Sina Weibo","Web","2684","1622","1062"
"Taobao","Web","1743038","904135","838903"
"Google App Engine","Business Application","4449851","3945082","504769"
"Line","Internet Instant Messaging","82700","18530","64170"
"Hulu","Media","67750","13407","54343"
"Shazam","Web","442461","29158","413303"
"Amazon Prime Video","Media","10274161274","305466766","9968694508"
"Sohu.com","Web","86234","17421","68813"
"Alipay","Web","55770","27455","28315"
"360.cn","Web","7232","5006","2226"
"Alibaba.com","Web","764878","139126","625752"
"iQiyi","Web","14253","2564","11689"
"Zynga.com","Gaming","207765","55986","151779"
"Datagram Transport Layer Security","Tunneling and VPN","14948922","1883705","13065217"
"WeChat","Internet Instant Messaging","478582144","11797591","466784553"
"MiTalk Messenger (Miliao)","Internet Instant Messaging","28110","4689","23421"
"Rakuten.co.jp","Web","163549","23908","139641"
"Ctrip.com","Web","48365","4430","43935"
"Pornhub","Web","26416","7529","18887"
"MeetMe.com","Social Networking","3470875","250993","3219882"
"Speedtest","File Sharing","168233","144023","24210"
"ESPN.go.com","Web","699397","113071","586326"
"MapQuest.com","Web","33322","5245","28077"
"BuzzFeed.com","Web","32855147","2937422","29917725"
"Internet Movie Database","Web","88179","17247","70932"
"Imgur.com","Storage and Backup","10490755","222730","10268025"
"ImageShack","File Sharing","26139","1492","24647"
"WebSocket","Network Service","187732","52056","135676"
"Bet365.com","Web","3907","1099","2808"
"Egnyte Enterprise File Sharing","Storage and Backup","34612","7483","27129"
"LastPass.com","Web","81634","29045","52589"
"Paypal.com","Web","9467279","3069649","6397630"
"Softonic.com","Web","7235","380","6855"
"Kooora.com","Web","1616979","259816","1357163"
"ESPNCricinfo.com","Web","653206","31223","621983"
"Sapo.mz - Sapo.pt","Web","57711","7666","50045"
"Opensooq.com","Web","852619","163227","689392"
"Free","Web","10221","1811","8410"
"24h.com.vn","Web","4016517","241716","3774801"
"Bluewin.ch","Web","326497","126930","199567"
"Echoroukonline.com","Web","2477","1399","1078"
"Kijiji.ca","Web","107628311","3408009","104220302"
"Internet Small Computer Systems Interface","Network Service","482","138","344"
"Background Intelligent Transfer Service","File Sharing","166303430","14733888","151569542"
"Sahibinden.com","Web","130420","32290","98130"
"Hotspot Shield","Tunneling and VPN","34483804","8345636","26138168"
"Conviva","Infrastructure","2328789","1543944","784845"
"EdgeCast Networks CDN","Infrastructure","1532884","32903","1499981"
"AliExpress.com","Web","15540959","395424","15145535"
"Avaz.ba","Web","1738600","148974","1589626"
"Wp.pl","Web","268522","103340","165182"
"VnExpress.net","Web","610637","72141","538496"
"Aol","Web","1660489","325431","1335058"
"Tapatalk","Web","3555","1812","1743"
"uTorrent","Peer to Peer","790","490","300"
"Rovio Entertainment","Gaming","4846824","3115489","1731335"
"Candy Crush Saga","Gaming","9712141","4605844","5106297"
"King Digital Entertainment","Gaming","396604","173873","222731"
"Huffington Post","Web","48935","1945","46990"
"Symantec","Web","11634710","1507340","10127370"
"TRUSTe","Web","4127926","460369","3667557"
"OpenStreetMap","Infrastructure","416711","15285","401426"
"Traffic Factory","Business Application","409744","15626","394118"
"Brightcove","Media","29066723","801498","28265225"
"Plenty Of Fish","Web","2374706","562378","1812328"
"Twitch","Media","81847649","1972197","79875452"
"Apsalar","Business Application","4807","1099","3708"
"FreeWheel","Web","958438","326505","631933"
"Xiaomi","Web","808865","408415","400450"
"Turner","Web","39233","8994","30239"
"Nielsen","Web","1074202","268627","805575"
"zalo","Internet Instant Messaging","267295","30101","237194"
"ASANA","Web","118608","16766","101842"
"Smart AdServer","Web","20563210","8366446","12196764"
"Amazon Cloud Drive","Web","839953","36188","803765"
"Lazada","Web","968220","36487","931733"
"Flipboard","Web","31868136","3695072","28173064"
"I2P Invisible Internet Project","Tunneling and VPN","1527895","432888","1095007"
"OpenX","Web","5194851","1836987","3357864"
"CPMSTAR","Web","15163","3460","11703"
"ADTECH","Web","1011623","46405","965218"
"Sizmek (previously MediaMind)","Web","22640973","675264","21965709"
"AOL One","Web","471232","110894","360338"
"Realestate","Web","119226","24374","94852"
"Constant Contact","Web","7383213","186624","7196589"
"GitHub","Web","9169587","981289","8188298"
"Bizographics","Web","9824","2210","7614"
"Helpshift","Web","795858","212930","582928"
"Scotiabank","Web","30122984","5206948","24916036"
"Atlas Solutions","Web","59572","15279","44293"
"Urbanairship","Web","3783763","591736","3192027"
"CBS Video","Web","22431","5904","16527"
"Microsoft SpyNet (aka Microsoft Active Protection Service)","Web","27468","17276","10192"
"LogMeIn","Remote Desktop","314557643","5990295","308567348"
"Disney Channel","Web","700791","23592","677199"
"NBC","Web","2070424","79684","1990740"
"Localytics","Web","556901","226380","330521"
"MoPub","Web","851607","259441","592166"
"Microsoft Translator (Bing Translator)","Web","8592","2254","6338"
"Perform","Web","1061202","35931","1025271"
"Periscope","Media","1344977087","19234380","1325742707"
"Microsoft Planner (Office 365)","Business Application","27548","8043","19505"
"Olark","Web","63252","6781","56471"
"Liveperson","Web","15794195","2426124","13368071"
"Zopim","Web","515517","136908","378609"
"Mapbox","Web","1946442","120243","1826199"
"Microsoft Excel Online (Office 365)","Web","85499695","21267359","64232336"
"Signal","Web","265284","43589","221695"
"LiveChat","Web","1628628","185218","1443410"
"Riffsy (Tenor.co)","Web","17858","1040","16818"
"Ensighten","Web","3273235","661125","2612110"
"Tune","Web","16338","3505","12833"
"Smaato","Web","17006858","3816334","13190524"
"Braintree","Web","513974","176959","337015"
"QINIU","Web","39628","1334","38294"
"Verizon","Web","7244368","4419148","2825220"
"LKQD","Web","652314","305095","347219"
"Lookout Mobile Security","Business Application","37196","2466","34730"
"TubeMogul","Web","166750","31720","135030"
"Bleacher Report","Web","17482228","306758","17175470"
"SpotXchange","Web","1883199","784893","1098306"
"Umeng","Web","783633","386502","397131"
"pCloud","Web","23504","5574","17930"
"Revcontent","Web","3244599","519314","2725285"
"Hola Web Proxy","Web","9137","3033","6104"
"MobFox","Web","84911","19375","65536"
"Liftoff","Web","6450340","1601304","4849036"
"Bank of America","Web","1440815","152880","1287935"
"QQVideo","Web","155085","4604","150481"
"Slack","Web","9919093","2667641","7251452"
"ICY (I Can Yell)","Media","2373103","66686","2306417"
"Younow","Web","19678840","9730133","9948707"
"Bazaarvoice","Web","5211993","489580","4722413"
"Teads","Web","7751764","1858664","5893100"
"Clicktale","Web","3129714","1346150","1783564"
"Adk2","Web","154668","13112","141556"
"Pokemon GO","Gaming","8113117","2170175","5942942"
"CDNetworks","Infrastructure","7948622","383486","7565136"
"Weborama","Web","65350","15544","49806"
"Highwinds","Web","34607983","917324","33690659"
"Innovid","Web","29192328","628348","28563980"
"StackExchange","Web","312102","17279","294823"
"Wix","Web","3752649","375576","3377073"
"Tinder","Web","94815318","4368061","90447257"
"Shutterstock","Web","26688","1934","24754"
"Heroku","Web","1204125","80080","1124045"
"Amazon Music","Media","3874085","922688","2951397"
"Cheetah Mobile","Web","1364423","338032","1026391"
"Microsoft Word Online (Office 365)","Business Collaboration","43029726","5467113","37562613"
"Microsoft Powerpoint Online (Office 365)","Business Collaboration","6773521","434535","6338986"
"Signal Private Messenger (Open Whisper Systems)","Internet Instant Messaging","6310858","228573","6082285"
"StreamRail","Media","91061","20701","70360"
"Nintendo","Gaming","27970476","10228229","17742247"
"Prothom Alo","Web","1870280","52633","1817647"
"OpenRTB","Web","691708","617054","74654"
"ADventori","Web","121751","21782","99969"
"Tealium","Web","3211379","778336","2433043"
"Audible","Real Time Audio/Video","137722","15037","122685"
"Dnevnik","Web","4539515","387028","4152487"
"Google Classroom","Web","2408226","197910","2210316"
"Samsung Update","Web","4504443073","171045267","4333397806"
"Amazon Chime","Business Collaboration","10041","1853","8188"
"Livescore","Web","88177","5107","83070"
"MaxCDN","Web","3614","396","3218"
"Booking.com","Web","689501","64701","624800"
"Walmart","Web","218527","165200","53327"
"DocuSign","Web","4379997","416334","3963663"
"Automatic Data Processing (ADP)","Web","1424807","76340","1348467"
"eXelate","Web","736834","193103","543731"
"Cloudinary","Web","10958182","242174","10716008"
"Optus","Web","431775","34727","397048"
"Sportradar","Web","54400","3205","51195"
"Pornhub NETWORK","Web","13020","714","12306"
"Wall Street Journal","Web","1013562","63373","950189"
"ChinaNetCenter ","Web","2760","1015","1745"
"Niantic, Inc","Web","450996","154760","296236"
"Origin","Web","32796","7683","25113"
"Instructure","Web","15720","1569","14151"
"Electronic Arts","Web","113442011","4169858","109272153"
"Digioh","Web","180288","11267","169021"
"Apptimize","Web","282229","97114","185115"
"UC Browser","Web","106407","55290","51117"
"Mediascope","Web","77106","14836","62270"
"Data Saver","Web","1381337","133940","1247397"
"Domain Name Service Crypt","Network Service","559221","218466","340755"
"Youtube Music","Media","104069","5088","98981"
"Akamai Video","Media","345266","93648","251618"
"Appnext","Web","333419","36698","296721"
"Tenor","Web","16313832","948787","15365045"
"Splunk Cloud","Storage and Backup","19858","7594","12264"
"Fortnite","Gaming","37295446","1906418","35389028"
"Fox Networks","Web","788107","28491","759616"
"9GAG","File Sharing","144232","5220","139012"
"Jibe cloud","Web","7997","1596","6401"
"AnchorFree","Tunneling and VPN","7557","1307","6250"
"textPlus","Internet Instant Messaging","32050","10143","21907"
"Epic_games","Gaming","55274936","7002677","48272259"
"Unreal_engine","Gaming","16024663","402904","15621759"
"Disqus","Web","5829004","386241","5442763"
"Microsoft AD Right Management Service","Business Application","161456","82672","78784"
"RingCentral","Business Collaboration","31217","3065","28152"
"Google News","Web","1132438","80192","1052246"
"Visual IQ","Web","66378","17876","48502"
"Alibaba Group","Web","264478","55398","209080"
"Alibaba Cloud","Web","3778582","605000","3173582"
"Dragon Ball","Gaming","4048395","280234","3768161"
"ExpressVPN","Tunneling and VPN","275636","63270","212366"
"Future_plc","Web","1422130","36829","1385301"
"Monday.com","Web","16770580","1387970","15382610"
"Wish","Web","428347","154797","273550"
"Google Play Books","Web","142062","11721","130341"
"Minecraft","Gaming","28174549","1422618","26751931"
"Prezi","Web","95020","6348","88672"
"Fandom","Web","6154379","239360","5915019"
"OpenSignal","Web","12099","5365","6734"
"Megaphone","Web","227431090","5756068","221675022"
"TripAdvisor","Web","62509420","2803217","59706203"
"DAZN","Real Time Audio/Video","1917091513","39299677","1877791836"
"PubNub","Web","62162","21216","40946"
"Unknown virtual protocol","Unclassified","8508767","1827197","6681570"
"Unknown virtual protocol","Unclassified","1927725618","51427508","1876298110"
"Unknown virtual protocol","Unclassified","2185745","105377","2080368"
"Unknown virtual protocol","Unclassified","849657","22425","827232"
"Unknown virtual protocol","Unclassified","45034","1915","43119"
"NetEase","Web","30184977","1073908","29111069"
"Unknown virtual protocol","Unclassified","16772033","14139092","2632941"
"Unknown virtual protocol","Unclassified","16086004","449349","15636655"
"Google Blog","Web","27761","4005","23756"
"Bumble","Web","5544855","453592","5091263"
"National Public Radio","Web","130888","23146","107742"
"Raknet","Gaming","22068","5978","16090"
"Wireguard","Tunneling and VPN","177731144","29244476","148486668"
"Firework","Internet Instant Messaging","7841","2189","5652"
"BAMTech","Real Time Audio/Video","3028698","2220984","807714"
"Disney Plus","Real Time Audio/Video","3593686","109970","3483716"
"Kuwo","Real Time Audio/Video","26553","21445","5108"
"Tuchong","Web","168565","151185","17380"
"Airbnb","Web","27207186","3543118","23664068"
"MediaLab","Web","247737","153089","94648"
"Netease Games","Gaming","2119478","193863","1925615"
"Wangwang","Internet Instant Messaging","168121","78936","89185"
"Browsec VPN","Tunneling and VPN","5070","3448","1622"
"Evasive protocol","Tunneling and VPN","418143","173587","244556"
"Workday","Business Application","18853645","2501433","16352212"
"StackPath","Web","2467626","191494","2276132"
"Reading Eggs - Learn to Read","Web","52814","33215","19599"
"Uber Eats","Web","2525026","576906","1948120"
"DoorDash","Web","5958997","640262","5318735"
"Fifa","Gaming","1079979","477946","602033"
"Houseparty","Real Time Audio/Video","25962","3787","22175"
"Roblox","Gaming","1484108151","129435745","1354672406"
"Citrix","Web","258740","117621","141119"
"Digital Turbine","Web","91003","56122","34881"
"iFunny","Web","408813","14564","394249"
"Demandbase","Web","156457","15123","141334"
"KOCHAVA","Web","876439","209715","666724"
"Amazon Alexa Assistant","Business Collaboration","7701391","2730808","4970583"
"Connatix","Real Time Audio/Video","16838349","1833556","15004793"
"Xbox Cloud Gaming","Gaming","35748","13742","22006"
"Coursera","Web","33150","15299","17851"
"The Blaze","Web","164947","4992","159955"
"NHL.com","Web","13199566","483996","12715570"
"Official Major League Baseball","Web","275009","19962","255047"
"Priceline.com","Web","504572","105813","398759"
"Slate Magazine","Web","15732964","823315","14909649"
"TIME","Web","38334","2804","35530"
"TMZ","Web","7342611","174239","7168372"
"Nvidia","Web","3246173","156717","3089456"
"Geforce Now","Gaming","30980","7892","23088"
"The Walt Disney Company","Web","5635","3319","2316"
"Kickstarter","Web","1231560","13157","1218403"
"Indiegogo","Web","12793","1181","11612"
"FedEx","Web","442366","209794","232572"
"Kayak","Web","1227952","100296","1127656"
"WarnerMedia","Web","491820885","15030043","476790842"
"Unknown virtual protocol","Unclassified","26530","14076","12454"
