"Application","Category","Total Bytes","Bytes Received","Bytes Sent"
"Domain Name Service","Network Service","528874557","251738605","277135952"
"Google Mail","Email","1268866669","143288739","1125577930"
"Google Search","Web","416120289","39610694","376509595"
"HyperText Transfer Protocol","Web","1881517533","93335383","1788182150"
"HyperText Transfer Protocol Secure","Web","36033543402","1756013083","34277530319"
"Internet Control Message Protocol","Network Service","4242988991","2545902961","1697086030"
"Internet Message Access Protocol version 4","Email","172176905","43496277","128680628"
"Internet Message Access Protocol Secure","Email","18433283","6391945","12041338"
"Internet Protocol","Network Service","0","0","0"
"XMPP Protocol (Jabber)","Business Collaboration","1244767","439037","805730"
"Skype and Teams","Business Collaboration","29031513","4051904","24979609"
"Simple Object Access Protocol","Network Service","1344000551","607557046","736443505"
"Secure Socket Layer","Tunneling and VPN","12007537521","1684499529","10323037992"
"Transmission Control Protocol","Other TCP/UDP","1746694154","172639350","1574054804"
"User Datagram Protocol","Other TCP/UDP","219229696717","12072825523","207156871194"
"Youtube.com","Media","15139421858","421381201","14718040657"
"Facebook","Social Networking","27123325390","1079676223","26043649167"
"Google Ads","Web","598311028","94378210","503932818"
"Apple Generic Services","Web","10610608116","192079051","10418529065"
"Online Certificate Status Protocol","Business Application","11739893","4385994","7353899"
"iTunes","Media","2885220059","118593912","2766626147"
"Spotify","Media","1373961265","89043751","1284917514"
"TeamViewer","Remote Desktop","130233123","79141914","51091209"
"Windows Update","Web","4183846772","306335321","3877511451"
"Chrome Update","Web","281080504","15447448","265633056"
"Netflix.com","Media","11580633414","137948468","11442684946"
"Google Analytics,Google Marketing Platform","Web","142600107","34423168","108176939"
"Google GStatic","Web","1359443300","64461003","1294982297"
"Google Generic","Web","923921115","128586862","795334253"
"Amazon Generic Services","Web","6304341123","1607454859","4696886264"
"WhatsApp Messenger","Internet Instant Messaging","8266550200","3155719935","5110830265"
"Apple App Store","Web","8533961532","105407983","8428553549"
"Windows Marketplace","Web","849626260","29101916","820524344"
"Apple FaceTime","Real Time Audio/Video","1680644959","834049293","846595666"
"Apple Push Notification Service","Web","269467154","178487151","90980003"
"iOS over-the-air (OTA) update","Web","9824303912","95314472","9728989440"
"Google Play Store","Media","2747841610","135800175","2612041435"
"iCloud (Apple)","Storage and Backup","19762020149","8139671899","11622348250"
"Instagram","Web","33707243543","1153174016","32554069527"
"Amazon Web Services/Cloudfront CDN","Infrastructure","3023471939","369485560","2653986379"
"CloudFlare CDN","Infrastructure","10922171356","484218432","10437952924"
"Microsoft Outlook (Office 365)","Business Application","455182439","69286352","385896087"
"Google Accounts","Web","102140232","30822948","71317284"
"Snapchat","Social Networking","7387222491","525851320","6861371171"
"ScorecardResearch","Web","34830154","3773270","31056884"
"Bitstrips","Social Networking","154652931","7153218","147499713"
"Adobe","Business Application","314569811","71133253","243436558"
"Samsung","Web","36423298","11339800","25083498"
"Crashlytics","Web","14264109","1337743","12926366"
"Facebook Messenger","Internet Instant Messaging","606279749","247346482","358933267"
"Google Cloud Messaging","Web","112355817","39162215","73193602"
"Apple Location","Web","1935861399","131849690","1804011709"
"HyperText Transfer Protocol version 2","Web","3154756124","516852877","2637903247"
"Google Tag Manager","Web","141615572","6952441","134663131"
"Scotiabank","Web","22434039","3148906","19285133"
"BootstrapCDN","Web","3151842","165277","2986565"
"Android connectivity Manager","Network Service","9916133","4911660","5004473"
"Branch Metrics","Web","37716106","7362918","30353188"
"Microsoft","Web","2188778315","406442088","1782336227"
"Uber (formerly UberCab)","Web","982572853","661199557","321373296"
"Firebase Cloud Messaging","Web","127080361","28394342","98686019"
"MGID","Web","3204389","164205","3040184"
"Google Cloud Platform","Web","38884045","12404033","26480012"
"Cisco","Web","6260638","2204836","4055802"
"TikTok (Musical.ly)","Social Networking","18120205009","617644316","17502560693"
"Google APIs","Web","2627374611","397697166","2229677445"
"Amazon Cognito","Web","21111454","7199760","13911694"
"National Public Radio","Web","62388993","997599","61391394"
"Google Messages","Internet Instant Messaging","13767331","5831585","7935746"
"Spotify Audio","Real Time Audio/Video","1597151017","22916180","1574234837"
"Contentful","Web","50321238","3602490","46718748"
"Digicert","Web","14634511","1869789","12764722"
"SD-WAN Control","SD-WAN","25764566753","13527937001","12236629752"
"SD-WAN Management","SD-WAN","3871867156","1578413297","2293453859"
"TencentMeeting","Business Collaboration","413537659","91817803","321719856"
"eBay.com","Web","83067476","12860037","70207439"
"Google Maps","Web","91873131","4426323","87446808"
"Internet Security Association and Key Management Protocol","Tunneling and VPN","19881023","3760918","16120105"
"Network Time Protocol","Network Service","1509934","931839","578095"
"Session Traversal Utilities for NAT","Business Collaboration","101042267","41339700","59702567"
"Yahoo Mail v.2.0","Email","74301827","13380503","60921324"
"Windows Live Hotmail","Email","43171467","4715008","38456459"
"WordPress.com","Social Networking","49459937","1635433","47824504"
"LinkedIn","Social Networking","202477099","19184237","183292862"
"Twitter","Social Networking","1090131548","31599756","1058531792"
"Yandex.ru","Web","19356957","7571311","11785646"
"Bing.com (formerly MSN Search)","Web","201033177","25832093","175201084"
"Baidu.com","Web","85950981","31278394","54672587"
"Opera Update","Web","1368083","279438","1088645"
"Viber","Real Time Audio/Video","7409880","5898560","1511320"
"Google Translate","Web","1864286","166815","1697471"
"Salesforce","Business Application","6473017","1220219","5252798"
"Portal.TidalTV.com","Web","528945","210199","318746"
"BlackBerry.com","Web","25442077","438417","25003660"
"Blogger","Web","2636073","84937","2551136"
"CNN (Cable News Network)","Web","19989081","2405558","17583523"
"Groupon","Web","319883","28516","291367"
"SlideShare","Web","1133977","61381","1072596"
"Weather.com","Web","12139113","755614","11383499"
"Samsung Apps","Web","56593731","2613896","53979835"
"Scribd.com","Web","350834","19178","331656"
"SoundCloud","Media","204333155","6745401","197587754"
"Amazon Prime Video","Media","6231291414","290446390","5940845024"
"Akamai Technologies CDN","Web","1523182859","32531157","1490651702"
"Microsoft Azure (previously Windows Azure)","Infrastructure","116404954","6744029","109660925"
"Yahoo.com","Web","351148681","45136782","306011899"
"Rakuten.co.jp","Web","1168586","36388","1132198"
"Google Talk (incl. Hangouts and Allo and Duo)","Real Time Audio/Video","16556872678","8167552726","8389319952"
"Microsoft Office 365","Business Collaboration","727178376","39039959","688138417"
"Zoho Corporation","Business Application","11902378","4913021","6989357"
"Microsoft SharePoint Online (Office 365)","Business Application","51253999","20897835","30356164"
"Pinterest","Web","231532834","18823939","212708895"
"BuzzFeed.com","Web","502383","83685","418698"
"Reddit.com","Web","593726301","46322958","547403343"
"Apple SIRI","Web","38336731","22238847","16097884"
"Google Documents (aka Google Drive)","Storage and Backup","86607159","26180306","60426853"
"Paypal.com","Web","113381230","52746872","60634358"
"BBC","Web","432238120","14535517","417702603"
"Dantri.com.vn","Web","92321","2424","89897"
"Amazon Ad System","Web","92683805","23202439","69481366"
"Gameloft Games","Gaming","12188283","2819379","9368904"
"Tapatalk","Web","2340292","1143849","1196443"
"AddThis","Web","5078294","325834","4752460"
"Turn","Web","1441175","373802","1067373"
"Quantcast","Web","6611598","1229227","5382371"
"Oracle","Web","2641715","910557","1731158"
"TRUSTe","Web","3424754","312810","3111944"
"Criteo","Web","58750662","14466761","44283901"
"Google Safe Browsing","Web","1931649","374542","1557107"
"Flurry","Business Application","15209165","6606560","8602605"
"Brightcove","Media","15036544","447163","14589381"
"InMobi","Web","81356919","39627166","41729753"
"AppsFlyer","Business Application","35914011","6410186","29503825"
"Gravatar","Business Collaboration","1476330","195696","1280634"
"Xiaomi","Web","16250748","1083847","15166901"
"Turner","Web","343171","39823","303348"
"Nielsen","Web","3570098","568935","3001163"
"Stickyads","Web","15268338","4635723","10632615"
"Mixpanel","Web","10387037","7691500","2695537"
"Smart AdServer","Web","36936470","15048458","21888012"
"Cedexis","Web","2923930","911942","2011988"
"Google Cloud Storage","Web","792202969","588023043","204179926"
"Google Calendar","Web","10992430","2945121","8047309"
"Theladbible","Web","3385773","125465","3260308"
"Flipboard","Web","4463357","590879","3872478"
"OpenX","Web","3623613","1108376","2515237"
"PubMatic","Web","45438808","18503272","26935536"
"Index Exchange (previously Casale Media)","Web","10844779","3168358","7676421"
"LOTAME","Web","3471228","692692","2778536"
"Rubicon Project","Web","30504611","10286672","20217939"
"AppNexus","Web","394727905","67535063","327192842"
"Rlcdn","Web","4138806","728161","3410645"
"Advertising.com","Web","1408997","416754","992243"
"Facebook Embedded Video","Media","1801506299","19518435","1781987864"
"Ad Safe Protected","Web","35511834","4763543","30748291"
"Adjust.com","Web","20446315","8585500","11860815"
"Urbanairship","Web","3291079","1300624","1990455"
"Apple Music","Media","316947376","6485380","310461996"
"Outbrain","Web","47221995","13083562","34138433"
"Unruly","Web","1036791","453835","582956"
"Rogers TV","Web","28406292","1546803","26859489"
"MoPub","Web","1352019","309487","1042532"
"Moat","Web","43691168","16512253","27178915"
"Krux","Web","6886301","748900","6137401"
"Olark","Web","1047380","107147","940233"
"Optimizely","Web","32848976","10720603","22128373"
"Taboola","Web","106705765","8825489","97880276"
"Rackspace","Web","1720069225","183918748","1536150477"
"Ensighten","Web","7269780","1018842","6250938"
"Smaato","Web","7124518","3297463","3827055"
"Verizon","Web","17675168","11930770","5744398"
"MediaMath","Web","2464219","948617","1515602"
"jQuery","Web","8620969","461433","8159536"
"Everest Technologies","Web","5486147","1666747","3819400"
"SpotXchange","Web","3040949","1063998","1976951"
"Microsoft OneDrive","Web","380620747","157691086","222929661"
"Revcontent","Web","10086117","2878923","7207194"
"New Relic","Web","27929448","16114974","11814474"
"Slack","Web","14433182","6318708","8114474"
"Conversant","Web","1387471","612486","774985"
"Bazaarvoice","Web","5781208","378758","5402450"
"Teads","Web","4332991","812522","3520469"
"Adform","Web","5340005","1195181","4144824"
"hotjar","Web","31130738","3683759","27446979"
"HyperText Transfer Protocol proxy","Network Service","165870","66820","99050"
"Innovid","Web","14535995","380430","14155565"
"Heroku","Web","3389317","449321","2939996"
"IMO Video Calling Application","Media","61396601","22346052","39050549"
"Bidswitch","Web","7206473","2693089","4513384"
"Bugsnag","Web","5491935","4226246","1265689"
"Apple Game Center","Gaming","5795521","1345631","4449890"
"Tealium","Web","3832765","840564","2992201"
"Flashtalking","Web","13895927","922817","12973110"
"Sharethrough","Web","17398392","6784630","10613762"
"Yieldmo","Web","6613128","855164","5757964"
"ULP","Network Service","1324632","47868","1276764"
"DoubleVerify","Web","20134358","3878105","16256253"
"Media Innovation Group","Web","325474","80628","244846"
"Okta","Web","67075395","19261604","47813791"
"PulsePoint","Web","2077983","702583","1375400"
"eXelate","Web","731608","257677","473931"
"Sonobi","Web","3660401","1508201","2152200"
"Cloudinary","Web","2006750245","1823801937","182948308"
"Google Secure User Plane Location","Web","399865","51993","347872"
"Amplitude","Web","46441426","41937254","4504172"
"Wall Street Journal","Web","38538225","1636801","36901424"
"Microsoft teams","Internet Instant Messaging","122187613","11730107","110457506"
"Apptimize","Web","192431","58422","134009"
"Adtelligent","Web","1355765","593341","762424"
"IronSource","Business Application","97959985","9486779","88473206"
"Disqus","Web","33536270","2607950","30928320"
"Simpli.fi","Web","831807","186614","645193"
"ByteDance","Web","112393785","4798962","107594823"
"ProtonMail","Email","2220540","97593","2122947"
"Apple News","Web","92045422","3048652","88996770"
"Google GSuite","Web","1620741","148442","1472299"
"Megaphone","Web","6858867591","160794649","6698072942"
"Unknown virtual protocol","Unclassified","1381451566","18010786","1363440780"
"Unknown virtual protocol","Unclassified","81733119","12093338","69639781"
"Google Pay","Web","5979078","1108397","4870681"
"JWPLAYER","Web","225693389","3364605","222328784"
"Shopify","Web","377095770","13743565","363352205"
"DoorDash","Web","38349457","14613330","23736127"
"Houseparty","Real Time Audio/Video","139714","22260","117454"
"Likee","Internet Instant Messaging","185757","48176","137581"
"Demandbase","Web","264339","19654","244685"
"Sift Science","Web","657274","144091","513183"
"Connatix","Real Time Audio/Video","73547022","3901835","69645187"
"Pendo","Web","3856184","769052","3087132"
"Go Daddy","Web","48469768","2282711","46187057"
"Indeed","Web","100236724","46999852","53236872"
"Font Awesome","Web","4483169","326350","4156819"
"Border Gateway Protocol","Network Service","6430","5606","824"
"Dailymotion.com","Media","11851947096","270289623","11581657473"
"File Transfer Protocol","File Sharing","10051","5252","4799"
"Google Earth","Web","75030","6510","68520"
"GPRS Tunneling Protocol","Tunneling and VPN","619235","23448","595787"
"IPsec (AH and ESP)","Tunneling and VPN","70527086","13776513","56750573"
"HP Printer Job Language","Business Application","956752","334461","622291"
"Layer 2 Tunneling Protocol","Tunneling and VPN","189830743","26918267","162912476"
"McAfee Client update","Business Application","26248849","1225794","25023055"
"Netbios Name Service","Network Service","936","936","0"
"Post Office Protocol (Version 3)","Email","5698","584","5114"
"Secure POP3","Email","85257","15738","69519"
"QQ","Internet Instant Messaging","13920603","3921609","9998994"
"Real Time Control Protocol","Business Collaboration","4008","1664","2344"
"Real Time Protocol","Business Collaboration","804613344","206861238","597752106"
"Real Time Streaming Protocol","Media","104496","41896","62600"
"SAP","Business Application","6814","1745","5069"
"Session Initiation Protocol","Business Application","706040","368650","337390"
"Simple Mail Transfer Protocol","Email","13104885","12208130","896755"
"Simple Mail Transfer Protocol Secure","Email","5178417","5040133","138284"
"Simple Network Management Protocol","Management","47281","47281","0"
"Secure Shell","Tunneling and VPN","10702","4172","6530"
"Wikipedia.com","Web","24451068","736313","23714755"
"Yahoo Search","Web","582329","51427","530902"
"Secure AIM","Internet Instant Messaging","183356","32358","150998"
"Ask.com","Web","274750","10078","264672"
"Tagged.com","Social Networking","506675","151984","354691"
"Expedia.fr","Web","16250280","5503370","10746910"
"Travelocity.com","Web","17515","2070","15445"
"Realtor.com","Web","9521","1074","8447"
"Flickr","Social Networking","13998757","381922","13616835"
"Hi5.com","Social Networking","844159","419636","424523"
"Mail.ru Webmail","Email","474883","55902","418981"
"Real Time Messaging Protocol","Network Service","1230","495","735"
"Steampowered.com","Gaming","25211","3826","21385"
"Xbox Live","Gaming","167863106","7218210","160644896"
"BabyCenter (My Baby Today)","Web","355722","119305","236417"
"Flixster.com","Web","23485143","147789","23337354"
"Foursquare.com","Web","950052","65840","884212"
"Goodreads.com","Web","217042","31032","186010"
"Meetup","Web","19648","1895","17753"
"Odnoklassniki.ru","Social Networking","41534632","886010","40648622"
"Ravelry.com","Web","61455","6365","55090"
"ResearchGATE.net","Web","2074712","38707","2036005"
"Tumblr","Social Networking","712789","65128","647661"
"Vk.com (Vkontakte)","Social Networking","27439334","412363","27026971"
"Vox.com","Web","896780","73540","823240"
"Yelp.com","Web","9705117","134232","9570885"
"Adobe Flash Plugin Update","Web","21686","3298","18388"
"Firefox Update","Web","110140598","1694739","108445859"
"Java Update","Web","59660","2279","57381"
"Apple Update","Web","10298409","318571","9979838"
"QQLive Network Player","Media","1230","815","415"
"BitDefender Update","Web","1427277","505864","921413"
"BBC Player","Media","1012231242","15185746","997045496"
"Microsoft SharePoint","Business Application","803856","34539","769317"
"Dropbox","Storage and Backup","14430847","3477421","10953426"
"Photobucket.com","Web","95653","13046","82607"
"Psiphon","Web","148816","20888","127928"
"Sky Go (formerly Sky Player)","Media","803","408","395"
"SiriusXm.com","Media","24415","4215","20200"
"YouKu","Media","1652941","323476","1329465"
"Bloomberg.com","Web","4453541","145007","4308534"
"My Yahoo","Web","343662","29046","314616"
"AccuWeather","Web","2817445","488274","2329171"
"Adobe Acrobat DC (Document Cloud)","Web","34373","10626","23747"
"Alexa","Web","11082","882","10200"
"AmericanExpress","Web","405150","52916","352234"
"Capital One","Web","3328335","136605","3191730"
"China Network Television","Web","86752356","788092","85964264"
"Comcast","Web","9899","899","9000"
"Daily Mail","Web","4461261","96091","4365170"
"Daum.net","Web","573231","181204","392027"
"Digg.com","Web","3493823","206321","3287502"
"Fox News","Web","12297886","617030","11680856"
"IKEA.com","Web","7155068","1764255","5390813"
"Intuit.com","Business Application","1131668","397260","734408"
"LeBonCoin.fr","Web","46074","10336","35738"
"Mozilla.com - Mozilla.org","Web","34645048","6804129","27840919"
"Naver Corporation (formerly NHN Corporation)","Web","3431014","100470","3330544"
"NBA.com","Web","4518927","191686","4327241"
"National Football League (NFL.com)","Web","73661","4141","69520"
"Nike.com","Web","85899049","2887961","83011088"
"NYTimes.com","Web","1242649","118088","1124561"
"Reverso.net","Web","18021","2580","15441"
"Sprint.com","Web","23048","8468","14580"
"SurveyMonkey.com","Web","106923","26676","80247"
"TF1.fr","Web","8481","2866","5615"
"Vimeo","Web","2404214959","46533782","2357681177"
"Xbox","Gaming","2824736","112112","2712624"
"Xvideos.com","Media","23861","7690","16171"
"Youdao.com","Web","1095808","251496","844312"
"Sina.com.cn","Internet Instant Messaging","487302668","9343147","477959521"
"Sophos update","Business Application","77898","16324","61574"
"Sina Weibo","Web","3517302235","78813080","3438489155"
"Taobao","Web","28816675","1917894","26898781"
"QQ WeiBo","Web","212485","54827","157658"
"Google App Engine","Business Application","576597","97963","478634"
"Line","Internet Instant Messaging","33436801","3576764","29860037"
"Shazam","Web","1254233","87528","1166705"
"KakaoTalk","Internet Instant Messaging","408617656","390994548","17623108"
"Nate.com","Web","2544236","676883","1867353"
"Nexon.com","Web","142417","23839","118578"
"QQ.com","Web","99281420","4638453","94642967"
"163.com","Web","6754823","2032280","4722543"
"Sohu.com","Web","4940","657","4283"
"Ifeng.com","Web","2137520","749554","1387966"
"Hao123","Web","4809","409","4400"
"Alipay","Web","56029712","2817864","53211848"
"Sogou.com","Web","936547","300169","636378"
"Douban.com","Web","277753","85791","191962"
"360.cn","Web","37597","13820","23777"
"Alibaba.com","Web","365910679","5621118","360289561"
"iQiyi","Web","70320","5077","65243"
"51.la","Web","23954","2411","21543"
"Facebook Apps","Web","54410","18054","36356"
"Zynga.com","Gaming","20222578","6147757","14074821"
"Limelight Networks CDN","Web","679253366","19284693","659968673"
"ISO Base Media File Format","Real Time Audio/Video","360469899","5295774","355174125"
"KIK Messenger","Internet Instant Messaging","24400","8028","16372"
"WeChat","Internet Instant Messaging","3822168188","190397574","3631770614"
"MiTalk Messenger (Miliao)","Internet Instant Messaging","42780","7674","35106"
"Blogpark.jp","Web","132067","2287","129780"
"Chinanews.com","Web","2632","1531","1101"
"Chinatimes.com","Web","106577","3076","103501"
"Ctrip.com","Web","13157111","492187","12664924"
"Eastmoney.com","Web","14789668","331205","14458463"
"Mail189.cn","Email","1311","900","411"
"QQ Games","Gaming","136043","44363","91680"
"QQ Mail","Email","744585","254962","489623"
"QQ News","Web","3366872","339460","3027412"
"Tencent.com","Internet Instant Messaging","19088926","496945","18591981"
"Udn.com","Web","15192","4805","10387"
"Nokia Here API","Web","3265960","92357","3173603"
"SoftBank.com","Web","68571","13320","55251"
"Nend.net","Web","40810","14581","26229"
"ESPN.go.com","Web","19027698","1488893","17538805"
"Internet Movie Database","Web","1380459","130108","1250351"
"Imgur.com","Storage and Backup","175963691","2788107","173175584"
"ThePirateBay.se","Web","65947","7414","58533"
"ImageShack","File Sharing","37954","13876","24078"
"xHamster.com","Web","7491","1431","6060"
"JingDong","Web","22441131","768420","21672711"
"Apple Maps","Web","1004096","69536","934560"
"WebSocket","Network Service","290246","113731","176515"
"Bet365.com","Web","714560","41191","673369"
"LastPass.com","Web","14489","3423","11066"
"AVG.com","Web","68822311","1505093","67317218"
"Goal.com","Web","1217454","126420","1091034"
"Apple HTTP Live Streaming","Real Time Audio/Video","2488146","40267","2447879"
"craigslist","Web","49271690","3600106","45671584"
"Indiatimes","Web","3400803","98945","3301858"
"Kijiji.ca","Web","3792973","447720","3345253"
"Internet Small Computer Systems Interface","Network Service","528","184","344"
"Background Intelligent Transfer Service","File Sharing","42914848","3619568","39295280"
"FileFactory","File Sharing","157654","35424","122230"
"Conviva","Infrastructure","1111954","652194","459760"
"AliExpress.com","Web","72887232","10492849","62394383"
"Wp.pl","Web","267513","15364","252149"
"Emol.com","Web","287072","46397","240675"
"Zing.vn","Web","39203","6799","32404"
"Aol","Web","463203","117425","345778"
"Yadro","Web","235444","74104","161340"
"Telegram","Internet Instant Messaging","84586269","3395998","81190271"
"Rovio Entertainment","Gaming","8959980","6089811","2870169"
"Candy Crush Saga","Gaming","2975150","1008645","1966505"
"King Digital Entertainment","Gaming","6711661","3301340","3410321"
"Waze Social GPS Maps & Traffic","Web","1357173","39920","1317253"
"Huffington Post","Web","2138663","52864","2085799"
"Fsecure","Web","6826","1507","5319"
"Symantec","Web","2188904","570754","1618150"
"OpenStreetMap","Infrastructure","10328","1000","9328"
"Videoplaza","Web","46246","3609","42637"
"Zendesk","Business Collaboration","2528073","117889","2410184"
"Inneractive","Web","55889543","34495163","21394380"
"Plenty Of Fish","Web","8780584","7906400","874184"
"Twitch","Media","17807791","3695370","14112421"
"BoldChat Live Chat","Internet Instant Messaging","552739","113539","439200"
"Fetion","Internet Instant Messaging","9152","5120","4032"
"FreeWheel","Web","499166","165955","333211"
"zalo","Internet Instant Messaging","24318630","3905626","20413004"
"Hihi2","Web","57934","10442","47492"
"battlenet","Gaming","39406","7151","32255"
"Taobao Ad Network and Exchange","Web","447599","69687","377912"
"Lazada","Web","656402","18500","637902"
"Gettyimages","Web","993900","34620","959280"
"Traffic Junky","Web","6605","1634","4971"
"quic","Network Service","15917895","4223461","11694434"
"CPMSTAR","Web","87729","17772","69957"
"ADTECH","Web","614170","41816","572354"
"Sizmek (previously MediaMind)","Web","30775273","780979","29994294"
"AOL One","Web","237195","26328","210867"
"Australian Broadcasting Corporation","Web","197082","8930","188152"
"Realestate","Web","86659","16352","70307"
"Constant Contact","Web","80749","5725","75024"
"GitHub","Web","8417962","395216","8022746"
"Atlassian","Web","6551","1703","4848"
"Web.DE","Web","113540","16203","97337"
"Internet.org","Web","32394","14465","17929"
"Kakaocdn","Infrastructure","10383684","293230","10090454"
"My.com","Web","5485","836","4649"
"Aptoide","Web","213921921","4200626","209721295"
"Helpshift","Web","253962","56786","197176"
"Atlas Solutions","Web","71744","16923","54821"
"Gmanetwork","Web","507126","12938","494188"
"CBS Video","Web","2944","979","1965"
"LogMeIn","Remote Desktop","55883","2476","53407"
"Fastly","Web","533557","169871","363686"
"Disney Channel","Web","1278198","49078","1229120"
"UpLynk","Web","109111","21943","87168"
"NBC","Web","2924808","149966","2774842"
"Localytics","Web","1062774","333533","729241"
"Parse","Web","42084","10957","31127"
"Microsoft Translator (Bing Translator)","Web","406360","128060","278300"
"Applovin","Web","233154311","48624882","184529429"
"Perform","Web","2110389","14235","2096154"
"Periscope","Media","1172838","39998","1132840"
"Microsoft Office OneNote (Office 365)","Business Application","1288595","248955","1039640"
"Heap","Web","560620","161064","399556"
"Liveperson","Web","8409116","354493","8054623"
"Zopim","Web","7728209","2356217","5371992"
"Mapbox","Web","8525714","348376","8177338"
"Uptodown","Web","590672","42689","547983"
"Microsoft Excel Online (Office 365)","Web","15148","865","14283"
"Signal","Web","63611","10078","53533"
"LiveChat","Web","1775520","128502","1647018"
"Riffsy (Tenor.co)","Web","2672847","69471","2603376"
"Tune","Web","50319","9429","40890"
"LIGATUS","Web","1275","548","727"
"Braintree","Web","1678463","584592","1093871"
"QINIU","Web","236707","13375","223332"
"MiaoPai","Web","73923","5575","68348"
"LKQD","Web","29102110","17486800","11615310"
"Commonwealth Bank of Australia","Web","232481","98990","133491"
"TubeMogul","Web","103543","20917","82626"
"Bleacher Report","Web","7437743","347974","7089769"
"Umeng","Web","3309386","1516850","1792536"
"Google Photos (formerly Google Picasa)","Web","7337940","6284097","1053843"
"Liftoff","Web","1683544","571528","1112016"
"Baidu Maps","Web","717402","180369","537033"
"QQVideo","Web","10837041","324027","10513014"
"ICY (I Can Yell)","Media","273887","6828","267059"
"Younow","Web","431091644","24955961","406135683"
"MQ Telemetry Transport","Network Service","1558","294","1264"
"Clicktale","Web","3872020","1747945","2124075"
"nuomi.com","Web","6874","184","6690"
"ZoomMeetings","Business Collaboration","709484742","163071130","546413612"
"Pokemon GO","Gaming","34413266","603668","33809598"
"CDNetworks","Infrastructure","4893","1437","3456"
"Weborama","Web","218425","55926","162499"
"Highwinds","Web","1048313","49887","998426"
"Wix","Web","34549571","3202414","31347157"
"Tinder","Web","69383632","2453017","66930615"
"GIPHY","Web","67732179","1438939","66293240"
"Eskimi","Web","4746","928","3818"
"Shutterstock","Web","248839","9862","238977"
"SolarWinds","Web","127180","73707","53473"
"Clash of Clans","Gaming","108154256","3077596","105076660"
"Supercell","Gaming","3643822","241605","3402217"
"Amazon Music","Media","303765","114092","189673"
"Cheetah Mobile","Web","33799","7281","26518"
"Microsoft Word Online (Office 365)","Business Collaboration","41922","1234","40688"
"Signal Private Messenger (Open Whisper Systems)","Internet Instant Messaging","261332204","8233333","253098871"
"StreamRail","Media","26265","6010","20255"
"Vidyard","Web","130278","6972","123306"
"ADventori","Web","43262","10179","33083"
"Audible","Real Time Audio/Video","74885","23679","51206"
"Dianping","Web","6611","1680","4931"
"AdColony","Web","3459198","1077987","2381211"
"Samsung Update","Web","2053957526","69082371","1984875155"
"Huawei","Web","3697220","1541321","2155899"
"AnyDesk","Remote Desktop","78867","32274","46593"
"MaxCDN","Web","49131","9496","39635"
"Zhihu","Web","16240466","3178275","13062191"
"Booking.com","Web","8768639","377411","8391228"
"Walmart","Web","42548","6670","35878"
"Avast","Web","25336885","1678638","23658247"
"Optus","Web","515751","27450","488301"
"Gfycat","Web","25095495","411820","24683675"
"Echo360","Web","149185","11309","137876"
"Kahoot!","Web","733553","20251","713302"
"Sportradar","Web","49246","4104","45142"
"ChinaNetCenter ","Web","516818","199075","317743"
"Niantic, Inc","Web","34835","7499","27336"
"Meitu","Web","24778316","1729229","23049087"
"Snow","Internet Instant Messaging","3476786","60510","3416276"
"Origin","Web","970914","406104","564810"
"Canvas Student","Web","6300589","44237","6256352"
"Instructure","Web","48348","6203","42145"
"Mail.com","Email","807688","133502","674186"
"United Internet","Web","35457","11196","24261"
"Electronic Arts","Web","6491267","633925","5857342"
"Facebook Lite","Social Networking","1862483","278808","1583675"
"Kakao","Web","251960","44070","207890"
"Digioh","Web","174963","9193","165770"
"UC Browser","Web","57499","18473","39026"
"Mediascope","Web","84174","21729","62445"
"Data Saver","Web","884271","64937","819334"
"Domain Name Service Crypt","Network Service","480755","198644","282111"
"Opera turbo","Network Service","65234","21495","43739"
"Youtube Music","Media","10039529","2846866","7192663"
"Akamai Video","Media","180304","46067","134237"
"Appnext","Web","31651","4550","27101"
"Tenor","Web","33407404","963702","32443702"
"Splunk Cloud","Storage and Backup","21331","9245","12086"
"Fox Networks","Web","1862945","77429","1785516"
"9GAG","File Sharing","8459141","208346","8250795"
"Text Me","Internet Instant Messaging","43820","9067","34753"
"textPlus","Internet Instant Messaging","701852","132890","568962"
"Epic_games","Gaming","2299331","464242","1835089"
"Unreal_engine","Gaming","3792948","74422","3718526"
"IBM","Web","6906","677","6229"
"Grammarly","Web","29206777","14574855","14631922"
"Ubisoft","Gaming","17097","4780","12317"
"RingCentral","Business Collaboration","22723","3103","19620"
"Google News","Web","77894","9141","68753"
"Visual IQ","Web","71950","19789","52161"
"Google One","Web","11568","1050","10518"
"Alibaba Group","Web","1758166","347170","1410996"
"Alibaba Cloud","Web","262435637","42631979","219803658"
"League of Legends","Gaming","197215","13291","183924"
"Discord","Internet Instant Messaging","69056794","2377064","66679730"
"Future_plc","Web","8437700","150135","8287565"
"Inskin","Web","8282","1504","6778"
"Google Play Books","Web","115035","4910","110125"
"MAkeMyTrip","Web","11566","4301","7265"
"Basecamp","Business Application","3309012","259044","3049968"
"iBooks","Web","683069","137431","545638"
"Fandom","Web","10507711","311067","10196644"
"Tesla","Web","157550","38323","119227"
"Vungle","Web","234379629","9668815","224710814"
"UDP Data Transfer protocol","File Sharing","8004","5244","2760"
"TripAdvisor","Web","3801904","231228","3570676"
"Moodle","Social Networking","960914","175330","785584"
"DAZN","Real Time Audio/Video","373967000","8940789","365026211"
"Unknown virtual protocol","Unclassified","326952","48164","278788"
"Unknown virtual protocol","Unclassified","10838228","462675","10375553"
"Unknown virtual protocol","Unclassified","1164720","68249","1096471"
"NetEase","Web","132683085","3273570","129409515"
"Unknown virtual protocol","Unclassified","705404","71689","633715"
"Unknown virtual protocol","Unclassified","574469","87451","487018"
"Unknown virtual protocol","Unclassified","7691020","189262","7501758"
"Unknown virtual protocol","Unclassified","127384645","40274654","87109991"
"Unknown virtual protocol","Unclassified","9778051","1944238","7833813"
"Unknown virtual protocol","Unclassified","12949166","11008653","1940513"
"Unknown virtual protocol","Unclassified","43556267","724980","42831287"
"Google Blog","Web","44050","7118","36932"
"Discovery Inc","Real Time Audio/Video","34108","13364","20744"
"Eurosport","Web","83515","4188","79327"
"Bumble","Web","6452290","807658","5644632"
"Acast","Real Time Audio/Video","342103114","8039502","334063612"
"Raknet","Gaming","1624747","751825","872922"
"Wireguard","Tunneling and VPN","792888272","45425387","747462885"
"Firework","Internet Instant Messaging","38128","11502","26626"
"BAMTech","Real Time Audio/Video","15575341","3986996","11588345"
"Disney Plus","Real Time Audio/Video","2924795740","51606002","2873189738"
"Apple TV Plus","Real Time Audio/Video","22636040","136555","22499485"
"Kuwo","Real Time Audio/Video","6058","4207","1851"
"Quora","Social Networking","7191389","1565246","5626143"
"Toutiao","Web","150003","31409","118594"
"Xigua Video","Real Time Audio/Video","631757","268368","363389"
"Airbnb","Web","52913758","4005952","48907806"
"Zhenai","Web","34271","18355","15916"
"MediaLab","Web","20725","11458","9267"
"Netease Games","Gaming","1123815","305694","818121"
"Wangwang","Internet Instant Messaging","2518501","1058672","1459829"
"Browsec VPN","Tunneling and VPN","582551093","24284197","558266896"
"Workday","Business Application","13366533","558348","12808185"
"Service Now","Web","15157","7102","8055"
"StackPath","Web","204570","18970","185600"
"Ximalaya","Real Time Audio/Video","15522","4235","11287"
"Uber Eats","Web","563065","189888","373177"
"Roblox","Gaming","15264809","1348825","13915984"
"Acronis Backup","File Sharing","867648","65137","802511"
"Citrix","Web","13143","3653","9490"
"Microsoft Dynamics","Business Application","174352","80572","93780"
"adRise","Real Time Audio/Video","653800","295182","358618"
"Tubi TV","Real Time Audio/Video","2220974054","42887460","2178086594"
"iFunny","Web","3425494","710920","2714574"
"KOCHAVA","Web","743185","172582","570603"
"Amazon Alexa Assistant","Business Collaboration","405079","84237","320842"
"Minute Media","Web","35001492","672683","34328809"
"UserReport","Web","74649","14466","60183"
" Revolut","Web","4871052","558897","4312155"
"Hotels.com","Web","199375","97461","101914"
"NHL.com","Web","2543139","129768","2413371"
"Priceline.com","Web","3383717","228366","3155351"
"Rotten Tomattoes","Web","489595","7672","481923"
"BambooHR","Web","7605810","417568","7188242"
"The Telegraph","Web","1516826","34201","1482625"
"The Daily Beast","Web","1367185","136522","1230663"
"The Free Dictionary","Web","113085","8826","104259"
"TIME","Web","71786","4809","66977"
"TMZ","Web","108917914","1959279","106958635"
"United Airlines","Web","107441","27074","80367"
"Nvidia","Web","85927","24826","61101"
"Geforce Now","Gaming","116748","30083","86665"
"The Walt Disney Company","Web","240438","42361","198077"
"Kickstarter","Web","343664119","7205105","336459014"
"FedEx","Web","38778","9572","29206"
"Kayak","Web","5883614","177757","5705857"
"Eventbrite","Web","1627641","22812","1604829"
"WarnerMedia","Web","15979270","162790","15816480"
"Bilibili","Web","3033265190","109241289","2924023901"
"Datadog","Web","53120","42917","10203"
"Intercom","Web","2309185","308999","2000186"
"Unknown virtual protocol","Unclassified","288686","33046","255640"
"ICA Real Time","Remote Desktop","2468","1136","1332"
"ShoreTel","Business Collaboration","1134140","42480","1091660"
"ZoomPhone","Business Collaboration","46676","17789","28887"
