"Application","Category","Total Bytes","Bytes Received","Bytes Sent"
"Domain Name Service","Network Service","1555480266","777146216","778334050"
"Google Mail","Email","1214347441","161877836","1052469605"
"Google Search","Web","871526964","110046263","761480701"
"Google Maps","Web","83050108","6911957","76138151"
"HyperText Transfer Protocol","Web","6566217614","678242119","5887975495"
"HyperText Transfer Protocol Secure","Web","63746520985","6269653439","57476867546"
"Internet Control Message Protocol","Network Service","4240882758","2559307020","1681575738"
"Internet Message Access Protocol version 4","Email","132452631","46875500","85577131"
"Internet Message Access Protocol Secure","Email","42782950","4432001","38350949"
"Internet Protocol","Network Service","0","0","0"
"XMPP Protocol (Jabber)","Business Collaboration","3302169","1245620","2056549"
"Network Time Protocol","Network Service","561088","302342","258746"
"Skype and Teams","Business Collaboration","26509971","5676011","20833960"
"Simple Object Access Protocol","Network Service","1690695094","848740876","841954218"
"Secure Shell","Tunneling and VPN","49840513","24621487","25219026"
"Secure Socket Layer","Tunneling and VPN","39406490660","4067930770","35338559890"
"Transmission Control Protocol","Other TCP/UDP","2958950076","327478437","2631471639"
"User Datagram Protocol","Other TCP/UDP","168741696324","14128871983","154612824341"
"Youtube.com","Media","7463784237","437982581","7025801656"
"Facebook","Social Networking","106622432714","3646701355","102975731359"
"Google Ads","Web","1265077914","175789649","1089288265"
"Apple Generic Services","Web","5605736614","296181691","5309554923"
"Online Certificate Status Protocol","Business Application","12203846","4637691","7566155"
"iTunes","Media","688084669","89199159","598885510"
"TeamViewer","Remote Desktop","333648163","205796994","127851169"
"Bing.com (formerly MSN Search)","Web","472088787","107675862","364412925"
"Windows Update","Web","3847390476","361349453","3486041023"
"Opera Update","Web","841071","239987","601084"
"Viber","Real Time Audio/Video","14699499","2306416","12393083"
"Google Analytics,Google Marketing Platform","Web","204862521","45400339","159462182"
"Google GStatic","Web","1488493376","112135977","1376357399"
"Google Generic","Web","980082100","151326950","828755150"
"Amazon Generic Services","Web","3886983463","1599375649","2287607814"
"NBA.com","Web","492057613","23611552","468446061"
"Weather.com","Web","33429791","2447797","30981994"
"WhatsApp Messenger","Internet Instant Messaging","5050013398","1482927306","3567086092"
"Taobao","Web","224219190","17834326","206384864"
"Apple App Store","Web","3441021552","132246040","3308775512"
"Windows Marketplace","Web","1565721843","197192810","1368529033"
"Apple Push Notification Service","Web","210738327","136666178","74072149"
"iOS over-the-air (OTA) update","Web","1010735295","27640524","983094771"
"Samsung Apps","Web","80818935","7111761","73707174"
"Google Play Store","Media","921225281","175049624","746175657"
"iCloud (Apple)","Storage and Backup","3886713265","2483405877","1403307388"
"Instagram","Web","13090984109","691811872","12399172237"
"Amazon Web Services/Cloudfront CDN","Infrastructure","11977469910","6769378398","5208091512"
"QQ.com","Web","2688401752","290021902","2398379850"
"Limelight Networks CDN","Web","3190909421","87911433","3102997988"
"WeChat","Internet Instant Messaging","11411529213","769356742","10642172471"
"CloudFlare CDN","Infrastructure","4560612248","546278111","4014334137"
"Microsoft Office 365","Business Collaboration","456114534","162293858","293820676"
"Microsoft Outlook (Office 365)","Business Application","616402274","160280816","456121458"
"Reddit.com","Web","1420268982","71571910","1348697072"
"Apple SIRI","Web","42929609","23950728","18978881"
"Apple Maps","Web","10934948","502193","10432755"
"Google Accounts","Web","132253516","38483772","93769744"
"Amazon Ad System","Web","135774405","31899662","103874743"
"Snapchat","Social Networking","3070470896","255644202","2814826694"
"ScorecardResearch","Web","34398025","6764911","27633114"
"Quantcast","Web","48894359","7150944","41743415"
"Symantec","Web","1308270","419976","888294"
"Bitstrips","Social Networking","66282530","3549584","62732946"
"Adobe","Business Application","582634736","59093754","523540982"
"Samsung","Web","300458527","107744892","192713635"
"Twitch","Media","12675915","722539","11953376"
"Facebook Messenger","Internet Instant Messaging","3726835781","1486205079","2240630702"
"AppsFlyer","Business Application","262066539","37986859","224079680"
"Xiaomi","Web","54067375","10298978","43768397"
"zalo","Internet Instant Messaging","1268494","115500","1152994"
"Mixpanel","Web","12284911","8827929","3456982"
"Google Cloud Storage","Web","219463702","58861421","160602281"
"Google Cloud Messaging","Web","83330812","21435266","61895546"
"Apple Location","Web","1368515941","197266242","1171249699"
"quic","Network Service","121316948","37052959","84263989"
"HyperText Transfer Protocol version 2","Web","9096749420","1272612380","7824137040"
"Google Tag Manager","Web","163525887","8927197","154598690"
"Facebook Embedded Video","Media","7134755779","174438223","6960317556"
"Ad Safe Protected","Web","96917372","18343479","78573893"
"Android connectivity Manager","Network Service","12199418","6136862","6062556"
"Krux","Web","16364889","1611877","14753012"
"Branch Metrics","Web","48449559","12379923","36069636"
"Optimizely","Web","88837335","25777316","63060019"
"Microsoft","Web","2995456596","469327125","2526129471"
"Umeng","Web","7667213","3929912","3737301"
"New Relic","Web","225110149","158078996","67031153"
"Baidu Maps","Web","2558994","430788","2128206"
"Uber (formerly UberCab)","Web","1317318790","932721276","384597514"
"HyperText Transfer Protocol proxy","Network Service","215251763","62984242","152267521"
"Firebase Cloud Messaging","Web","234442101","66233946","168208155"
"Bugsnag","Web","2672419","1785848","886571"
"Huawei","Web","92829719","17940646","74889073"
"Okta","Web","113899099","24461523","89437576"
"Google Secure User Plane Location","Web","4478482","573522","3904960"
"Amplitude","Web","80208794","70388383","9820411"
"Microsoft teams","Internet Instant Messaging","1001236785","222174606","779062179"
"Disqus","Web","24581568","2029146","22552422"
"ByteDance","Web","1340156248","53297772","1286858476"
"TikTok (Musical.ly)","Social Networking","34270158364","1694996874","32575161490"
"Alibaba Cloud","Web","105455815","7965563","97490252"
"ExpressVPN","Tunneling and VPN","602386","155430","446956"
"Apple News","Web","185903519","10890035","175013484"
"Google APIs","Web","2295959044","883373181","1412585863"
"Amazon Cognito","Web","29676304","9733747","19942557"
"Unknown virtual protocol","Unclassified","9455873","1919665","7536208"
"Google Messages","Internet Instant Messaging","30297661","12428675","17868986"
"Toutiao","Web","13049466","1176352","11873114"
"Airbnb","Web","75178341","8769256","66409085"
"DoorDash","Web","380504953","222339993","158164960"
"Contentful","Web","299567148","16351013","283216135"
"Digicert","Web","10810571","2250609","8559962"
"Intercom","Web","63893413","28091264","35802149"
"SD-WAN Control","SD-WAN","60049335734","32578800721","27470535013"
"SD-WAN Management","SD-WAN","6402895878","2715005705","3687890173"
"TencentMeeting","Business Collaboration","2815972591","405437650","2410534941"
"BitTorrent","Peer to Peer","25093","7808","17285"
"Dailymotion.com","Media","196525351","7228249","189297102"
"eBay.com","Web","42490084","6259345","36230739"
"File Transfer Protocol","File Sharing","102712","28890","73822"
"GPRS Tunneling Protocol","Tunneling and VPN","1475879552","93719350","1382160202"
"IPsec (AH and ESP)","Tunneling and VPN","246898790","69696088","177202702"
"Internet Security Association and Key Management Protocol","Tunneling and VPN","123801611","21666150","102135461"
"Lighweight Directory Access Protocol","Authentication","1779","901","878"
"McAfee Client update","Business Application","30155643","1274660","28880983"
"Post Office Protocol (Version 3)","Email","208811","21814","186997"
"Secure POP3","Email","3627833","119331","3508502"
"QQ","Internet Instant Messaging","39778226","6786950","32991276"
"Real Time Control Protocol","Business Collaboration","77818","35894","41924"
"Real Time Protocol","Business Collaboration","173749369","45929200","127820169"
"Real Time Streaming Protocol","Media","48235613","917256","47318357"
"Session Initiation Protocol","Business Application","890181","492675","397506"
"Simple Mail Transfer Protocol","Email","194049","164330","29719"
"Simple Network Management Protocol","Management","259334","259334","0"
"SOCKet Secure v5","Tunneling and VPN","21597","7960","13637"
"Session Traversal Utilities for NAT","Business Collaboration","14711092","5202216","9508876"
"Wikipedia.com","Web","33256587","2342718","30913869"
"Wireless Session Protocol","Network Service","3574","1683","1891"
"Wireless Transaction Protocol","Network Service","4953","2330","2623"
"Yahoo Search","Web","2128976","171375","1957601"
"Yahoo Mail v.2.0","Email","234136896","46879260","187257636"
"MPEG-Transport Stream","Real Time Audio/Video","190532915","7704072","182828843"
"Windows Live Hotmail","Email","109073363","12541500","96531863"
"Simple Network Paging Protocol","Network Service","42818","11121","31697"
"Xunlei/Thunder protocol","Peer to Peer","16796","5365","11431"
"Secure AIM","Internet Instant Messaging","407669","89744","317925"
"Tagged.com","Social Networking","23100","11978","11122"
"Expedia.fr","Web","1898852","548619","1350233"
"Travelocity.com","Web","25122","3702","21420"
"Realtor.com","Web","67266","16205","51061"
"WordPress.com","Social Networking","21057472","1073646","19983826"
"Flickr","Social Networking","327814","23778","304036"
"LinkedIn","Social Networking","258099092","34710289","223388803"
"Yahoo webmail for mobile","Email","12821","1827","10994"
"Mail.ru Webmail","Email","566177","52753","513424"
"Steampowered.com","Gaming","154955","37824","117131"
"Xbox Live","Gaming","2586033","286245","2299788"
"Badoo.com","Internet Instant Messaging","3235382","870095","2365287"
"Foursquare.com","Web","2083079","367299","1715780"
"Goodreads.com","Web","1118403","67084","1051319"
"Last.fm","Media","10099","4574","5525"
"MyAnimeList.net","Web","2618780","120303","2498477"
"Odnoklassniki.ru","Social Networking","542717414","14935977","527781437"
"Ravelry.com","Web","73795","10784","63011"
"Tumblr","Social Networking","191005576","4043013","186962563"
"Twitter","Social Networking","671065020","41007468","630057552"
"Vk.com (Vkontakte)","Social Networking","213172726","5459359","207713367"
"Yammer.com","Business Application","117710","31879","85831"
"Yelp.com","Web","10174909","338103","9836806"
"Yandex.ru","Web","5732003","2035204","3696799"
"Spotify","Media","232798549","40339906","192458643"
"Baidu.com","Web","868059371","80488490","787570881"
"Adobe Flash Plugin Update","Web","48709","14840","33869"
"Firefox Update","Web","61404","12171","49233"
"Apple Update","Web","6387854","294439","6093415"
"Chrome Update","Web","430212624","24560097","405652527"
"QQLive Network Player","Media","585436","364198","221238"
"BitDefender Update","Web","3097666","2135281","962385"
"Netflix.com","Media","5335202310","169082641","5166119669"
"BBC Player","Media","3610","1285","2325"
"Kugou/Kugoo","Peer to Peer","2500","474","2026"
"UUSee Protocol","Media","5350","3202","2148"
"Garena","Web","3449434","237795","3211639"
"File Transfer Protocol Secure","File Sharing","263398","75590","187808"
"Box","File Sharing","36295","9261","27034"
"Dropbox","Storage and Backup","341815110","23035650","318779460"
"Evony.com","Web","499004","214026","284978"
"Google Translate","Web","3113697","684504","2429193"
"Photobucket.com","Web","744111","37901","706210"
"Psiphon","Web","1194004","41670","1152334"
"QQMusic","Peer to Peer","11118","2292","8826"
"Salesforce","Business Application","11232360","1816419","9415941"
"Portal.TidalTV.com","Web","551316","130442","420874"
"SiriusXm.com","Media","3055946","451176","2604770"
"YouKu","Media","40096285","5986644","34109641"
"WebEx","Business Collaboration","1528101","412618","1115483"
"Bloomberg.com","Web","7271374","363740","6907634"
"RSS","Web","109328","2652","106676"
"AccuWeather","Web","16663757","2450223","14213534"
"Acer","Web","35688","7860","27828"
"Adobe Acrobat DC (Document Cloud)","Web","71655172","9151360","62503812"
"Alexa","Web","51250","7274","43976"
"AmericanExpress","Web","53032","9631","43401"
"Blogger","Web","2301672","137984","2163688"
"Capital One","Web","9087299","608393","8478906"
"China.com","Web","3603240","217072","3386168"
"China.com.cn","Web","1188968","45593","1143375"
"Cnet.com","Web","1505941","164813","1341128"
"CNN (Cable News Network)","Web","124463194","18426578","106036616"
"China Network Television","Web","32147913","1345615","30802298"
"Comcast","Web","6890837","1709708","5181129"
"Daily Mail","Web","6181678","627318","5554360"
"Daum.net","Web","53960017","4330537","49629480"
"Fox News","Web","70108352","3837787","66270565"
"FoxSports.com","Web","2716934","143000","2573934"
"Groupon","Web","3733590","187120","3546470"
"IKEA.com","Web","5394619","1505698","3888921"
"Intuit.com","Business Application","140522","26842","113680"
"Kaspersky.com","Web","95750","39218","56532"
"Monster.com","Web","41329","8788","32541"
"Mozilla.com - Mozilla.org","Web","33929348","8716388","25212960"
"Naver Corporation (formerly NHN Corporation)","Web","1349345423","38490237","1310855186"
"National Football League (NFL.com)","Web","34735643","2547298","32188345"
"Nike.com","Web","12734681","3388464","9346217"
"NYTimes.com","Web","28261395","1299856","26961539"
"PlayStation.com","Web","2957169","299536","2657633"
"Reuters.com","Web","21855518","1419529","20435989"
"Sky","Web","502441","25576","476865"
"Sports Illustrated","Web","36165","2465","33700"
"Sprint.com","Web","335071","102628","232443"
"SurveyMonkey.com","Web","21248","2595","18653"
"Vimeo","Web","76884976","2432955","74452021"
"WashingtonPost.com","Web","5579455","313764","5265691"
"Xbox","Gaming","15844","2349","13495"
"XNXX","Web","9312","2163","7149"
"Xvideos.com","Media","38808","7727","31081"
"Youdao.com","Web","13643189","5390013","8253176"
"Sina.com.cn","Internet Instant Messaging","373390687","14661378","358729309"
"QQDownload","Peer to Peer","3016","1028","1988"
"OICQ","Internet Instant Messaging","2188778","1280041","908737"
"Sina Weibo","Web","974548888","99000046","875548842"
"QQ WeiBo","Web","334017","35423","298594"
"Google App Engine","Business Application","377849","47233","330616"
"GMX webmail","Email","2096862","431632","1665230"
"Apple FaceTime","Real Time Audio/Video","271253852","58846873","212406979"
"Line","Internet Instant Messaging","232364881","76301004","156063877"
"Okezone.com","Web","198747","6697","192050"
"Hulu","Media","14905","2783","12122"
"Shazam","Web","5008817","613477","4395340"
"SoundCloud","Media","20744836","1069513","19675323"
"KakaoTalk","Internet Instant Messaging","5274078","1939630","3334448"
"Chosun services","Web","31600","1747","29853"
"Coupang","Web","123613","15919","107694"
"Hankyung.com","Web","58174","6501","51673"
"Joongang Daily","Web","43471","9945","33526"
"Amazon Prime Video","Media","1915982","671369","1244613"
"163.com","Web","5663532","2642952","3020580"
"Sohu.com","Web","14922162","506151","14416011"
"Ifeng.com","Web","1753510680","85993893","1667516787"
"Tmall.com","Web","1545235","135012","1410223"
"Alipay","Web","257463571","59136665","198326906"
"Sogou.com","Web","3312203","1237025","2075178"
"Douban.com","Web","27614","7503","20111"
"cnzz.com","Web","2695","1256","1439"
"360.cn","Web","779903","393853","386050"
"58.com","Web","54523","32356","22167"
"Alibaba.com","Web","5168629","1488482","3680147"
"iQiyi","Web","229331","97916","131415"
"Akamai Technologies CDN","Web","2128115251","71641112","2056474139"
"Zynga.com","Gaming","804604","356492","448112"
"Microsoft Azure (previously Windows Azure)","Infrastructure","356118049","9870602","346247447"
"Datagram Transport Layer Security","Tunneling and VPN","94073634","35019855","59053779"
"ISO Base Media File Format","Real Time Audio/Video","2005161378","76009319","1929152059"
"Yahoo.com","Web","647217991","95324554","551893437"
"KIK Messenger","Internet Instant Messaging","346226","20106","326120"
"MiTalk Messenger (Miliao)","Internet Instant Messaging","6415431","277743","6137688"
"FC2.com","Social Networking","148957","17785","131172"
"Rakuten.co.jp","Web","720341","67310","653031"
"Ameba.jp","Web","578132","40481","537651"
"Hatena.ne.jp","Social Networking","274137","31028","243109"
"Tabelog.com","Web","437649","38761","398888"
"Chinatimes.com","Web","2057773","154548","1903225"
"Ctrip.com","Web","12864748","510169","12354579"
"Mail189.cn","Email","4985","990","3995"
"QQ Games","Gaming","652836","64260","588576"
"QQ Mail","Email","126282","54209","72073"
"QQ News","Web","541090309","88813659","452276650"
"Sina finance","Web","86103","13129","72974"
"Tencent.com","Internet Instant Messaging","51671949","2854145","48817804"
"Udn.com","Web","4361243","222127","4139116"
"Google Talk (incl. Hangouts and Allo and Duo)","Real Time Audio/Video","186155843","14586162","171569681"
"Zoho Corporation","Business Application","922438","34846","887592"
"Nokia Here API","Web","649731","53000","596731"
"MeetMe.com","Social Networking","62445","17714","44731"
"Microsoft SharePoint Online (Office 365)","Business Application","84329120","19672027","64657093"
"iperf","File Sharing","1899","898","1001"
"Baidu Player","Media","88727","4509","84218"
"Speedtest","File Sharing","10644824","2809921","7834903"
"ESPN.go.com","Web","55897511","5130355","50767156"
"Pinterest","Web","39244919","4830531","34414388"
"Internet Movie Database","Web","69867","12572","57295"
"Imgur.com","Storage and Backup","6977276","211494","6765782"
"Google Documents (aka Google Drive)","Storage and Backup","78116188","3827950","74288238"
"Evernote","Web","2122103","912970","1209133"
"JingDong","Web","16979437","950404","16029033"
"WebSocket","Network Service","263806","92500","171306"
"Bet365.com","Web","6058447","512236","5546211"
"Issuu.com","Web","599997","44784","555213"
"LastPass.com","Web","585884","133978","451906"
"ITV Player","Real Time Audio/Video","1535050","79066","1455984"
"Saavn Bollywood Music","Media","262272","16153","246119"
"LineGames.jp","Gaming","162980","30000","132980"
"Paypal.com","Web","88647070","18749421","69897649"
"BBC","Web","66547817","3381969","63165848"
"ElPais.com","Web","29979","4227","25752"
"Marca.com","Web","12652","1640","11012"
"Kooora.com","Web","365518","21585","343933"
"Olx","Web","7310","800","6510"
"ESPNCricinfo.com","Web","1134536","53981","1080555"
"Apple HTTP Live Streaming","Real Time Audio/Video","4770342309","184400931","4585941378"
"Free","Web","64372","8088","56284"
"craigslist","Web","215990","18283","197707"
"Indiatimes","Web","1005898","86637","919261"
"Kijiji.ca","Web","149747440","5493969","144253471"
"Pik.ba","Web","262914","23454","239460"
"Hotspot Shield","Tunneling and VPN","27463","17125","10338"
"Conviva","Infrastructure","1178677","673551","505126"
"AliExpress.com","Web","55190349","2323401","52866948"
"Coccoc.com","Web","18389","4240","14149"
"Wp.pl","Web","46722","10117","36605"
"VnExpress.net","Web","761206","80472","680734"
"Bittorrent Apps","Peer to Peer","2488","184","2304"
"Fox Business Network","Web","572964","68362","504602"
"News","Web","3020799","333073","2687726"
"Aol","Web","64735500","2533625","62201875"
"Gameloft Games","Gaming","224491","63714","160777"
"Aastocks","Web","2778","423","2355"
"AddThis","Web","11624745","738976","10885769"
"Yadro","Web","26671","9192","17479"
"uTorrent","Peer to Peer","2990","1068","1922"
"Turn","Web","4853974","629326","4224648"
"Telegram","Internet Instant Messaging","393706462","56042467","337663995"
"Rovio Entertainment","Gaming","431410","153659","277751"
"Candy Crush Saga","Gaming","23942230","9276217","14666013"
"King Digital Entertainment","Gaming","3268469","683341","2585128"
"Waze Social GPS Maps & Traffic","Web","160754045","4909313","155844732"
"Huffington Post","Web","632488","30837","601651"
"Oracle","Web","3923983","1041155","2882828"
"TRUSTe","Web","16476045","1514628","14961417"
"OpenStreetMap","Infrastructure","3832506","175006","3657500"
"Criteo","Web","116487640","20010848","96476792"
"Videoplaza","Web","228853","68299","160554"
"Zendesk","Business Collaboration","3792450","364162","3428288"
"Google Safe Browsing","Web","12415036","3010042","9404994"
"World Series of Poker","Gaming","113970976","9766186","104204790"
"Inneractive","Web","39330215","28196563","11133652"
"Flurry","Business Application","45406838","12566928","32839910"
"Crashlytics","Web","103013478","9030754","93982724"
"Traffic Factory","Business Application","49925","5134","44791"
"Brightcove","Media","13964949","1256533","12708416"
"Plenty Of Fish","Web","46038","10507","35531"
"BoldChat Live Chat","Internet Instant Messaging","883445","250396","633049"
"InMobi","Web","77816510","27981561","49834949"
"Apsalar","Business Application","27773","5605","22168"
"Gravatar","Business Collaboration","2928129","237119","2691010"
"FreeWheel","Web","2096520","390358","1706162"
"Turner","Web","114299160","4268947","110030213"
"Nielsen","Web","9719199","2062212","7656987"
"Stickyads","Web","7252175","3306462","3945713"
"battlenet","Gaming","4844","952","3892"
"ASANA","Web","412498","119662","292836"
"Abs.cbnnews","Web","128814","5600","123214"
"Smart AdServer","Web","40254748","12802332","27452416"
"Taobao Ad Network and Exchange","Web","3888720","1432438","2456282"
"Cedexis","Web","1773096","491036","1282060"
"Amazon Cloud Drive","Web","61528","4207","57321"
"Lazada","Web","634861","16880","617981"
"Gettyimages","Web","7965107","388046","7577061"
"Google Calendar","Web","23581872","7068758","16513114"
"Flipboard","Web","10343127","898850","9444277"
"Traffic Junky","Web","5845","596","5249"
"OpenX","Web","26558304","12668600","13889704"
"PubMatic","Web","83108108","49554378","33553730"
"Index Exchange (previously Casale Media)","Web","22320550","7730109","14590441"
"LOTAME","Web","47728076","4012268","43715808"
"Rubicon Project","Web","147646635","68790152","78856483"
"CPMSTAR","Web","9196","1506","7690"
"ADTECH","Web","938852","69210","869642"
"Sizmek (previously MediaMind)","Web","12808368","785141","12023227"
"AppNexus","Web","215636982","132923757","82713225"
"AOL One","Web","420249","90799","329450"
"Rlcdn","Web","6867012","1264065","5602947"
"Realestate","Web","74719","15434","59285"
"Constant Contact","Web","5490754","268911","5221843"
"GitHub","Web","511709","188115","323594"
"Atlassian","Web","54111","18750","35361"
"Kakaocdn","Infrastructure","38911483","1452585","37458898"
"Advertising.com","Web","1446905","385318","1061587"
"Helpshift","Web","833247","136122","697125"
"Adjust.com","Web","13394222","5407017","7987205"
"Scotiabank","Web","10849106","1368667","9480439"
"Atlas Solutions","Web","246823","74096","172727"
"Urbanairship","Web","7862924","1076011","6786913"
"Gmanetwork","Web","126048","12774","113274"
"BootstrapCDN","Web","3020270","299886","2720384"
"Apple Music","Media","1039167688","34398474","1004769214"
"Outbrain","Web","119244461","16794245","102450216"
"CBS Video","Web","1093376","91914","1001462"
"LogMeIn","Remote Desktop","54881","5344","49537"
"Fastly","Web","29424603","1008735","28415868"
"Unruly","Web","4676489","2056635","2619854"
"Disney Channel","Web","2684225","234410","2449815"
"Rogers TV","Web","54359465","3081038","51278427"
"UpLynk","Web","386934","74579","312355"
"NBC","Web","2901958","284953","2617005"
"Localytics","Web","2802743","543399","2259344"
"MoPub","Web","257611","135383","122228"
"Parse","Web","29414","998","28416"
"Microsoft Translator (Bing Translator)","Web","41004","6669","34335"
"Applovin","Web","279086893","56267638","222819255"
"Moat","Web","110816489","28768985","82047504"
"Perform","Web","9092","2500","6592"
"Periscope","Media","3134925","187900","2947025"
"Microsoft Office OneNote (Office 365)","Business Application","39908421","37157440","2750981"
"Heap","Web","71841913","12406722","59435191"
"Olark","Web","551871","26159","525712"
"Liveperson","Web","6130530","1490878","4639652"
"Taboola","Web","179819073","22070446","157748627"
"Zopim","Web","788729","317479","471250"
"Mapbox","Web","11529640","901222","10628418"
"Google Code","Web","16965","2546","14419"
"Rackspace","Web","1712736011","194662409","1518073602"
"Signal","Web","441071","66694","374377"
"LiveChat","Web","3590135","251843","3338292"
"Riffsy (Tenor.co)","Web","22647774","790170","21857604"
"Ensighten","Web","2462682","367472","2095210"
"Tune","Web","89450","27759","61691"
"Smaato","Web","20693386","9304956","11388430"
"Braintree","Web","461277","90713","370564"
"QINIU","Web","61048","8476","52572"
"MiaoPai","Web","27218","1700","25518"
"Verizon","Web","9870780","6409240","3461540"
"MediaMath","Web","3981569","1409584","2571985"
"LKQD","Web","793191","280677","512514"
"NeuLion","Web","123654","9899","113755"
"jQuery","Web","13397594","639120","12758474"
"Everest Technologies","Web","9259356","2815554","6443802"
"TubeMogul","Web","809363","120778","688585"
"Bleacher Report","Web","3309122","93137","3215985"
"SpotXchange","Web","2986400","977803","2008597"
"Microsoft OneDrive","Web","323324861","39166809","284158052"
"China Daily","Web","1383091","72263","1310828"
"Revcontent","Web","10738438","1857607","8880831"
"MobFox","Web","14382","2183","12199"
"Google Photos (formerly Google Picasa)","Web","16725079","8939248","7785831"
"Liftoff","Web","2390794","787950","1602844"
"QQVideo","Web","3873653344","110308591","3763344753"
"Slack","Web","28314466","2552427","25762039"
"ICY (I Can Yell)","Media","1489973","52615","1437358"
"Younow","Web","32978185","2027129","30951056"
"Conversant","Web","3756750","1104266","2652484"
"Bazaarvoice","Web","6760310","611335","6148975"
"Teads","Web","61703792","4849210","56854582"
"MQ Telemetry Transport","Network Service","93018","26452","66566"
"Clicktale","Web","2153931","970773","1183158"
"Adk2","Web","27902","3886","24016"
"Adform","Web","9661741","2101504","7560237"
"hotjar","Web","45074477","10557967","34516510"
"ZoomMeetings","Business Collaboration","3143876","698752","2445124"
"Pokemon GO","Gaming","209302170","11459032","197843138"
"CDNetworks","Infrastructure","3437701","125646","3312055"
"Weborama","Web","125829","22412","103417"
"Highwinds","Web","8476835","360388","8116447"
"Innovid","Web","147902038","5201913","142700125"
"StackExchange","Web","1446396","48626","1397770"
"StackOverflow","Web","518736","18369","500367"
"Wix","Web","17799191","1524672","16274519"
"Tinder","Web","40898821","3288385","37610436"
"GIPHY","Web","43370547","1552497","41818050"
"Heroku","Web","1156306","94191","1062115"
"IMO Video Calling Application","Media","10443122","3246871","7196251"
"Bidswitch","Web","21497436","6755857","14741579"
"Hola","Web","135176","47587","87589"
"Clash of Clans","Gaming","18284642","2300822","15983820"
"Supercell","Gaming","1758624","385429","1373195"
"Amazon Music","Media","245226","56429","188797"
"Cheetah Mobile","Web","36283","5989","30294"
"Microsoft Word Online (Office 365)","Business Collaboration","147998","96419","51579"
"Microsoft Powerpoint Online (Office 365)","Business Collaboration","9112635","849612","8263023"
"Signal Private Messenger (Open Whisper Systems)","Internet Instant Messaging","4733916","2290498","2443418"
"StreamRail","Media","1462102","90977","1371125"
"Apple Game Center","Gaming","5788775","1316756","4472019"
"Prothom Alo","Web","2782277","94768","2687509"
"OpenRTB","Web","5699412","5142484","556928"
"ADventori","Web","99947","20384","79563"
"Tealium","Web","17073498","3124333","13949165"
"Audible","Real Time Audio/Video","45550","16003","29547"
"HK Observatory","Web","9113","1285","7828"
"Ming Pao","Web","808140","37738","770402"
"Oriental Daily News (on.cc)","Web","18743053","1404035","17339018"
"Meituan","Web","13318","3179","10139"
"Flashtalking","Web","9002393","998310","8004083"
"Sharethrough","Web","24896159","5539059","19357100"
"AdColony","Web","24174768","5769018","18405750"
"Yieldmo","Web","24190068","9438608","14751460"
"Google Classroom","Web","198496","27357","171139"
"Samsung Update","Web","2027579509","58337663","1969241846"
"MGID","Web","2474838","299641","2175197"
"ULP","Network Service","6545725","276420","6269305"
"AnyDesk","Remote Desktop","55498","22248","33250"
"Livescore","Web","1994419","246414","1748005"
"PopAds","Web","37332","7947","29385"
"Savefrom","Web","292471","12441","280030"
"MaxCDN","Web","10573","1736","8837"
"DoubleVerify","Web","66257094","11428035","54829059"
"Media Innovation Group","Web","1045292","294295","750997"
"Zhihu","Web","2145907","171039","1974868"
"China Youth League","Web","236651","26513","210138"
"Booking.com","Web","18663130","2325799","16337331"
"Walmart","Web","3085433","2111286","974147"
"Avast","Web","9024982","1225770","7799212"
"DocuSign","Web","8864689","563671","8301018"
"Automatic Data Processing (ADP)","Web","1455380","171229","1284151"
"PulsePoint","Web","3771948","1123778","2648170"
"eXelate","Web","12751384","759805","11991579"
"Autodesk Fusion 360","Tunneling and VPN","23272","3282","19990"
"Sonobi","Web","4441251","1575102","2866149"
"Cloudinary","Web","7485678","287525","7198153"
"Optus","Web","575250","32604","542646"
"Gfycat","Web","1703833","49209","1654624"
"T-Mobile","Web","623268","127340","495928"
"Chunghwa Telecom","Web","137301","26006","111295"
"Sportradar","Web","761871","52625","709246"
"Wall Street Journal","Web","14457223","815475","13641748"
"ChinaNetCenter ","Web","271270","195044","76226"
"Google Cloud Platform","Web","10320491","2406723","7913768"
"Niantic, Inc","Web","982039","143024","839015"
"Meitu","Web","1266047","46982","1219065"
"Snow","Internet Instant Messaging","1165170","166852","998318"
"Clash Royale","Gaming","5301490","686420","4615070"
"Canvas Student","Web","5667968","185536","5482432"
"Instructure","Web","338773","25579","313194"
"Mail.com","Email","19530","6058","13472"
"United Internet","Web","139154","46300","92854"
"TVB","Web","777527","57213","720314"
"HYPERS","Web","4738","1288","3450"
"shopee.tw","Web","266579269","17131184","249448085"
"Electronic Arts","Web","48512049","1960241","46551808"
"Facebook Lite","Social Networking","1989244","213664","1775580"
"Kakao","Web","2029919","572101","1457818"
"Digioh","Web","748600","30895","717705"
"Apptimize","Web","108496","41964","66532"
"UC Browser","Web","365726","88085","277641"
"x_vpn","Tunneling and VPN","104668","9025","95643"
"Mediascope","Web","299236","64361","234875"
"Data Saver","Web","5624118","547980","5076138"
"kafka","Network Service","509890","109204","400686"
"Domain Name Service Crypt","Network Service","800973","375912","425061"
"Adtelligent","Web","4931082","2333000","2598082"
"Youtube Music","Media","292365","15734","276631"
"Akamai Video","Media","732029","191777","540252"
"Tenor","Web","13429705","1490316","11939389"
"Cisco","Web","7175366","3641737","3533629"
"Oracle Entreprise Manager","Business Application","50423","49054","1369"
"IronSource","Business Application","196620504","17569192","179051312"
"Splunk Cloud","Storage and Backup","6855904","1882840","4973064"
"Fox Networks","Web","120301","16965","103336"
"Text Me","Internet Instant Messaging","26787262","11727542","15059720"
"AnchorFree","Tunneling and VPN","958109","591213","366896"
"textPlus","Internet Instant Messaging","3365562","1337310","2028252"
"Epic_games","Gaming","235076","120249","114827"
"Grammarly","Web","29431871","16344334","13087537"
"HPE Insight Manager","Management","71546","33264","38282"
"Microsoft AD Right Management Service","Business Application","30262","12348","17914"
"Simpli.fi","Web","2269630","442826","1826804"
"RingCentral","Business Collaboration","83044","9616","73428"
"Google News","Web","38276","5288","32988"
"Visual IQ","Web","501884","137972","363912"
"Alibaba Group","Web","2799054","391844","2407210"
"League of Legends","Gaming","31484817","4933052","26551765"
"Discord","Internet Instant Messaging","102101615","10491395","91610220"
"CarbonBlack website","Web","123565","106524","17041"
"Future_plc","Web","6490381","324737","6165644"
"Inskin","Web","33402","3939","29463"
"Wish","Web","12464125","516477","11947648"
"ProtonMail","Email","8947","1203","7744"
"Minecraft","Gaming","39418","15204","24214"
"AWS Console","Business Application","89171","36422","52749"
"WorkspaceOne","Web","1292120","468227","823893"
"iBooks","Web","731659","232860","498799"
"Fandom","Web","8951517","601729","8349788"
"Google GSuite","Web","1042807","197705","845102"
"Vungle","Web","169419954","10456627","158963327"
"W3Schools","Web","17677","3160","14517"
"OpenSignal","Web","10433","7900","2533"
"Megaphone","Web","15685260","417075","15268185"
"TripAdvisor","Web","16888595","1207299","15681296"
"Moodle","Social Networking","66576","8453","58123"
"DAZN","Real Time Audio/Video","173622","8200","165422"
"PubNub","Web","612929","192271","420658"
"Unknown virtual protocol","Unclassified","10767","2008","8759"
"Unknown virtual protocol","Unclassified","2374670540","73910585","2300759955"
"Unknown virtual protocol","Unclassified","300448","44850","255598"
"Unknown virtual protocol","Unclassified","16750296","1778501","14971795"
"Unknown virtual protocol","Unclassified","17140628","2420048","14720580"
"NetEase","Web","21254451","903979","20350472"
"Unknown virtual protocol","Unclassified","337220","51844","285376"
"Unknown virtual protocol","Unclassified","2516667","90834","2425833"
"Unknown virtual protocol","Unclassified","92952496","38164140","54788356"
"Unknown virtual protocol","Unclassified","12879603","10860576","2019027"
"Unknown virtual protocol","Unclassified","160079555","5801087","154278468"
"Google Pay","Web","8436921","1477233","6959688"
"Bumble","Web","13777304","1161257","12616047"
"National Public Radio","Web","912995","51532","861463"
"Acast","Real Time Audio/Video","76901484","2108622","74792862"
"Wireguard","Tunneling and VPN","487672067","52413143","435258924"
"Huazhu","Web","3158","363","2795"
"Firework","Internet Instant Messaging","640851","130061","510790"
"JWPLAYER","Web","132999256","4966606","128032650"
"Bigo","Web","9970336","687119","9283217"
"BAMTech","Real Time Audio/Video","3472978","1113546","2359432"
"Disney Plus","Real Time Audio/Video","302679260","7731097","294948163"
"Kuwo","Real Time Audio/Video","17311440","1198553","16112887"
"Agora","Network Service","882","606","276"
"Quora","Social Networking","21484945","2274028","19210917"
"Xigua Video","Real Time Audio/Video","41922138","1383521","40538617"
"Tuchong","Web","280897","262325","18572"
"Baidu Tieba","Social Networking","246429","106518","139911"
"Wangwang","Internet Instant Messaging","7623362","3040190","4583172"
"Workday","Business Application","4598589","416332","4182257"
"BPI","Web","99440","25618","73822"
"Shopify","Web","21749860","1126666","20623194"
"StackPath","Web","34823","7753","27070"
"Ximalaya","Real Time Audio/Video","82310","37261","45049"
"Uber Eats","Web","2811010","424185","2386825"
"Houseparty","Real Time Audio/Video","203665","27552","176113"
"Roblox","Gaming","2848033541","244779817","2603253724"
"Likee","Internet Instant Messaging","3062631","756038","2306593"
"YY","Real Time Audio/Video","11826253","567023","11259230"
"Citrix","Web","26540","10303","16237"
"Microsoft Dynamics","Business Application","7306","1272","6034"
"Digital Turbine","Web","33174","21275","11899"
"Amber Weather","Web","51576","15328","36248"
"adRise","Real Time Audio/Video","9271","2671","6600"
"Tubi TV","Real Time Audio/Video","9213","1863","7350"
"Demandbase","Web","311272","21879","289393"
"KOCHAVA","Web","1302533","401407","901126"
"Sift Science","Web","367348","97329","270019"
"Amazon Alexa Assistant","Business Collaboration","373051","143637","229414"
"Spotify Audio","Real Time Audio/Video","449106553","11192109","437914444"
"Yubo","Internet Instant Messaging","8792","1734","7058"
"Connatix","Real Time Audio/Video","81241845","5044473","76197372"
"Minute Media","Web","762025842","20586283","741439559"
"UserReport","Web","1576479","300479","1276000"
"Pendo","Web","12647357","4899793","7747564"
"Go Daddy","Web","1427774","204020","1223754"
"Callstats.io","Web","11115","1922","9193"
"Coursera","Web","7905","1142","6763"
"The Blaze","Web","624544","61579","562965"
"Hotels.com","Web","136149","10080","126069"
"Indeed","Web","54840955","8795531","46045424"
"NHL.com","Web","396774574","46046685","350727889"
"Priceline.com","Web","1245516","43813","1201703"
"Slickdeals","Web","35397","13686","21711"
"The Daily Beast","Web","850078","62526","787552"
"TIME","Web","257248","14141","243107"
"TMZ","Web","5985","1610","4375"
"Nvidia","Web","186270","76675","109595"
"Geforce Now","Gaming","172725","65931","106794"
"The Walt Disney Company","Web","1258341","363809","894532"
"Wired","Web","31762209","905770","30856439"
"Indiegogo","Web","20281","2821","17460"
"Kayak","Web","10161441","427909","9733532"
"Rediff","Web","263691","49441","214250"
"WarnerMedia","Web","65144247","1937345","63206902"
"Bilibili","Web","2319387161","88868122","2230519039"
"Datadog","Web","1471641","1302693","168948"
"Font Awesome","Web","8044468","949566","7094902"
"Unknown virtual protocol","Unclassified","234323","97484","136839"
"ShoreTel","Business Collaboration","67633","28945","38688"
