"Application","Category","Total Bytes","Bytes Received","Bytes Sent"
"Domain Name Service","Network Service","2274760768","1024448991","1250311777"
"Google Mail","Email","1251224394","136540138","1114684256"
"Google Search","Web","326543222","44049988","282493234"
"HyperText Transfer Protocol","Web","4078604521","319647268","3758957253"
"HyperText Transfer Protocol Secure","Web","39881887756","2813848460","37068039296"
"Internet Control Message Protocol","Network Service","4203817217","2529763824","1674053393"
"Internet Message Access Protocol version 4","Email","113701312","40657512","73043800"
"Internet Protocol","Network Service","0","0","0"
"Network Time Protocol","Network Service","2441350","1437130","1004220"
"Simple Object Access Protocol","Network Service","527141575","264023240","263118335"
"Secure Shell","Tunneling and VPN","33233720","17204648","16029072"
"Secure Socket Layer","Tunneling and VPN","30147871331","4154465602","25993405729"
"Transmission Control Protocol","Other TCP/UDP","2907331690","235178466","2672153224"
"User Datagram Protocol","Other TCP/UDP","126829906260","13173751298","113656154962"
"Youtube.com","Media","10565200172","296971283","10268228889"
"Facebook","Social Networking","58809166536","1397577825","57411588711"
"Google Ads","Web","1319015781","295188706","1023827075"
"Windows Live Hotmail","Email","162608489","22590866","140017623"
"WordPress.com","Social Networking","7676380","311679","7364701"
"LinkedIn","Social Networking","4719142135","355543043","4363599092"
"Apple Generic Services","Web","11530101336","313900244","11216201092"
"Online Certificate Status Protocol","Business Application","12918712","4958277","7960435"
"Twitter","Social Networking","560516144","26680398","533835746"
"iTunes","Media","1153985938","159052737","994933201"
"Spotify","Media","582650381","62723518","519926863"
"TeamViewer","Remote Desktop","323617610","204894344","118723266"
"Bing.com (formerly MSN Search)","Web","494677117","59672928","435004189"
"Windows Update","Web","7336703291","324370432","7012332859"
"Chrome Update","Web","332016282","14877308","317138974"
"Google Analytics,Google Marketing Platform","Web","254745077","57182357","197562720"
"Google GStatic","Web","864008874","68196621","795812253"
"Dropbox","Storage and Backup","510315639","123956123","386359516"
"Portal.TidalTV.com","Web","416184","105818","310366"
"Google Generic","Web","917881184","191155923","726725261"
"AccuWeather","Web","5852801","845956","5006845"
"Amazon Generic Services","Web","3828348822","2058197996","1770150826"
"WhatsApp Messenger","Internet Instant Messaging","19414807872","3158699609","16256108263"
"Taobao","Web","18983273","779230","18204043"
"Apple App Store","Web","5190965912","121159137","5069806775"
"Windows Marketplace","Web","818748165","38703785","780044380"
"Apple Push Notification Service","Web","317680142","211099273","106580869"
"iOS over-the-air (OTA) update","Web","2429620283","58133305","2371486978"
"Samsung Apps","Web","297966052","8745785","289220267"
"Google Play Store","Media","956010957","136545607","819465350"
"iCloud (Apple)","Storage and Backup","2155829776","590956573","1564873203"
"Instagram","Web","25892961432","625706697","25267254735"
"Amazon Web Services/Cloudfront CDN","Infrastructure","59747555098","48180217266","11567337832"
"Akamai Technologies CDN","Web","1069654301","26173080","1043481221"
"Microsoft Azure (previously Windows Azure)","Infrastructure","162155342","4046822","158108520"
"Yahoo.com","Web","337114112","40016970","297097142"
"Google Talk (incl. Hangouts and Allo and Duo)","Real Time Audio/Video","32416404","10468011","21948393"
"CloudFlare CDN","Infrastructure","2912188213","516356642","2395831571"
"Microsoft Office 365","Business Collaboration","1425860744","75455283","1350405461"
"Microsoft Outlook (Office 365)","Business Application","901172157","302925887","598246270"
"Apple SIRI","Web","87033268","62885815","24147453"
"Google Documents (aka Google Drive)","Storage and Backup","8898226","3640172","5258054"
"AliExpress.com","Web","29504088","544686","28959402"
"Google Accounts","Web","98909122","28322462","70586660"
"Amazon Ad System","Web","144460704","33982078","110478626"
"Snapchat","Social Networking","22682259252","1013305436","21668953816"
"ScorecardResearch","Web","31225340","8579702","22645638"
"Quantcast","Web","6426089","1174920","5251169"
"Oracle","Web","9731805","3228117","6503688"
"Bitstrips","Social Networking","176710068","9039683","167670385"
"Adobe","Business Application","621487318","34908628","586578690"
"Samsung","Web","158529426","66633551","91895875"
"Brightcove","Media","82253851","1958180","80295671"
"Facebook Messenger","Internet Instant Messaging","2264313535","1187239291","1077074244"
"AppsFlyer","Business Application","63348361","14443404","48904957"
"Gravatar","Business Collaboration","364442","66715","297727"
"Smart AdServer","Web","203970147","17455213","186514934"
"Google Cloud Storage","Web","14511494045","13226726862","1284767183"
"Google Cloud Messaging","Web","100104806","23481792","76623014"
"Apple Location","Web","1176472128","132662767","1043809361"
"OpenX","Web","3837433","1083257","2754176"
"PubMatic","Web","83942315","43566232","40376083"
"Index Exchange (previously Casale Media)","Web","20964513","6884677","14079836"
"LOTAME","Web","11228785","1164201","10064584"
"Rubicon Project","Web","55804453","20008067","35796386"
"AppNexus","Web","165682433","91132449","74549984"
"Rlcdn","Web","4956718","874464","4082254"
"HyperText Transfer Protocol version 2","Web","10323221390","777884062","9545337328"
"Google Tag Manager","Web","127278611","8663973","118614638"
"Outbrain","Web","44995005","10174405","34820600"
"Android connectivity Manager","Network Service","6636852","3475599","3161253"
"Moat","Web","74622173","18089683","56532490"
"Krux","Web","21143940","4434251","16709689"
"Microsoft Office OneNote (Office 365)","Business Application","652418","77570","574848"
"Branch Metrics","Web","14943884","3822943","11120941"
"Optimizely","Web","104045681","35391778","68653903"
"Taboola","Web","88021265","10624474","77396791"
"Signal","Web","199855","31303","168552"
"MediaMath","Web","5068531","1686209","3382322"
"Everest Technologies","Web","6011662","1720386","4291276"
"Microsoft OneDrive","Web","355714186","27739723","327974463"
"Microsoft","Web","3930394364","500881617","3429512747"
"New Relic","Web","510457476","336579440","173878036"
"Conversant","Web","2226021","771849","1454172"
"Teads","Web","33906669","2828677","31077992"
"hotjar","Web","21610235","7611795","13998440"
"HyperText Transfer Protocol proxy","Network Service","304953","135237","169716"
"Firebase Cloud Messaging","Web","4825587846","124040295","4701547551"
"Bidswitch","Web","14517608","5395385","9122223"
"ADventori","Web","206547","55332","151215"
"Tealium","Web","2450682","253955","2196727"
"Sharethrough","Web","21160777","6858947","14301830"
"AnyDesk","Remote Desktop","76566","31352","45214"
"DoubleVerify","Web","48238886","7037398","41201488"
"Media Innovation Group","Web","1276138","333619","942519"
"Avast","Web","1949017","397980","1551037"
"PulsePoint","Web","5344537","1982346","3362191"
"Sonobi","Web","4783221","1715164","3068057"
"Cloudinary","Web","13684852","327709","13357143"
"Google Cloud Platform","Web","26629715","4122991","22506724"
"Cisco","Web","3271128","1173047","2098081"
"ByteDance","Web","346409850","136394937","210014913"
"TikTok (Musical.ly)","Social Networking","63486276102","1733202772","61753073330"
"Apple News","Web","196244098","7579014","188665084"
"Google APIs","Web","9619533635","623689443","8995844192"
"Amazon Cognito","Web","15545580","5094768","10450812"
"Google Messages","Internet Instant Messaging","835132745","16783525","818349220"
"JWPLAYER","Web","91682977","2229493","89453484"
"Wangwang","Internet Instant Messaging","399448","177519","221929"
"Contentful","Web","159107312","4272835","154834477"
"Digicert","Web","10725001","1722821","9002180"
"Font Awesome","Web","13211875","605051","12606824"
"Intercom","Web","266440764","87634992","178805772"
"SD-WAN Control","SD-WAN","15761880233","8577877205","7184003028"
"SD-WAN Management","SD-WAN","7937593140","3542577059","4395016081"
"TencentMeeting","Business Collaboration","451576401","25940684","425635717"
"Dailymotion.com","Media","199612213","6558345","193053868"
"Google Maps","Web","12917550","1482713","11434837"
"Internet Security Association and Key Management Protocol","Tunneling and VPN","17651329","9472890","8178439"
"XMPP Protocol (Jabber)","Business Collaboration","975394","427747","547647"
"McAfee Client update","Business Application","112207614","6146318","106061296"
"Session Initiation Protocol","Business Application","239577","128087","111490"
"Skype and Teams","Business Collaboration","2625181023","435540365","2189640658"
"Session Traversal Utilities for NAT","Business Collaboration","3111462","1566780","1544682"
"Wikipedia.com","Web","5284028","222520","5061508"
"Yahoo Search","Web","1198039","153841","1044198"
"Deezer","Web","1908699","41406","1867293"
"Last.fm","Media","93687","1393","92294"
"Yandex.ru","Web","13409362","6820100","6589262"
"Baidu.com","Web","327681","32076","295605"
"Opera Update","Web","371909","107536","264373"
"SiriusXm.com","Media","12427090","3067804","9359286"
"YouKu","Media","128810","118220","10590"
"CNN (Cable News Network)","Web","4281279","1375049","2906230"
"Mozilla.com - Mozilla.org","Web","4687240","686789","4000451"
"NYTimes.com","Web","129824","4553","125271"
"Weather.com","Web","15115744","1411483","13704261"
"Amazon Prime Video","Media","126502129","6622929","119879200"
"QQ.com","Web","4199713","1012025","3187688"
"Sohu.com","Web","78950","18185","60765"
"Alipay","Web","68298","21926","46372"
"Datagram Transport Layer Security","Tunneling and VPN","596987874","118520310","478467564"
"ISO Base Media File Format","Real Time Audio/Video","366532974","9794640","356738334"
"WeChat","Internet Instant Messaging","56725960","1336879","55389081"
"Rakuten.co.jp","Web","101550","14044","87506"
"Microsoft SharePoint Online (Office 365)","Business Application","46830127","8620615","38209512"
"Pinterest","Web","66420751","5330613","61090138"
"Reddit.com","Web","354999336","8053666","346945670"
"Apple Maps","Web","604371","72575","531796"
"WebSocket","Network Service","51909051","7029299","44879752"
"Mendeley.com","File Sharing","25394","4306","21088"
"Paypal.com","Web","7094268","1044928","6049340"
"Marca.com","Web","223067","44985","178082"
"Wp.pl","Web","88452","30298","58154"
"News24.com","Web","76597","3991","72606"
"Aol","Web","310781","45408","265373"
"AddThis","Web","7578760","443220","7135540"
"Turn","Web","1937406","475570","1461836"
"Telegram","Internet Instant Messaging","242730913","11150318","231580595"
"King Digital Entertainment","Gaming","3038475","970934","2067541"
"Waze Social GPS Maps & Traffic","Web","19249931","1662427","17587504"
"Symantec","Web","23113515","996533","22116982"
"TRUSTe","Web","16995036","1349168","15645868"
"Criteo","Web","103602429","12624711","90977718"
"Zendesk","Business Collaboration","10680068","496383","10183685"
"Google Safe Browsing","Web","6666750","2236921","4429829"
"Inneractive","Web","98869880","75370873","23499007"
"Flurry","Business Application","14795395","4714363","10081032"
"Crashlytics","Web","28503438","2797882","25705556"
"InMobi","Web","54598720","20799995","33798725"
"FreeWheel","Web","851347","265884","585463"
"Turner","Web","1424382","40239","1384143"
"Nielsen","Web","1205184","267728","937456"
"Stickyads","Web","16277937","5542437","10735500"
"Mixpanel","Web","7148138","5570516","1577622"
"Google Calendar","Web","12657489","3320277","9337212"
"CPMSTAR","Web","119048","25536","93512"
"ADTECH","Web","201554","15106","186448"
"Sizmek (previously MediaMind)","Web","63918136","1342908","62575228"
"Realestate","Web","157329","26042","131287"
"Advertising.com","Web","1364608","324296","1040312"
"Facebook Embedded Video","Media","4802754007","36681927","4766072080"
"Ad Safe Protected","Web","83298812","11387372","71911440"
"Adjust.com","Web","5995113","2094278","3900835"
"Atlas Solutions","Web","166142","51424","114718"
"Urbanairship","Web","1463971","424445","1039526"
"BootstrapCDN","Web","2794406","202629","2591777"
"Apple Music","Media","5404696496","143670787","5261025709"
"Unruly","Web","3389308","1682289","1707019"
"UpLynk","Web","19885438","453250","19432188"
"Applovin","Web","1373859067","545749891","828109176"
"Heap","Web","48484943","31287960","17196983"
"Olark","Web","3219977","166218","3053759"
"Mapbox","Web","1011932","66864","945068"
"Rackspace","Web","1624876613","76088782","1548787831"
"Ensighten","Web","2846871","428989","2417882"
"Tune","Web","9139","2947","6192"
"Smaato","Web","9908431","4804578","5103853"
"Verizon","Web","27566778","18426271","9140507"
"LKQD","Web","435574","231086","204488"
"jQuery","Web","7840992","420771","7420221"
"SpotXchange","Web","3067575","689950","2377625"
"Revcontent","Web","3616229","591056","3025173"
"Liftoff","Web","4092141","1399499","2692642"
"Uber (formerly UberCab)","Web","20449046","8803024","11646022"
"QQVideo","Web","791332","19580","771752"
"Younow","Web","133922633","49417902","84504731"
"Bazaarvoice","Web","8056634","711419","7345215"
"Adform","Web","10813170","2016754","8796416"
"ZoomMeetings","Business Collaboration","22464387","2194518","20269869"
"Weborama","Web","448746","106773","341973"
"Innovid","Web","146123664","2496444","143627220"
"GIPHY","Web","121846173","1685804","120160369"
"IMO Video Calling Application","Media","14676158","2603736","12072422"
"Amazon Music","Media","16465974","1898826","14567148"
"StreamRail","Media","46111","7135","38976"
"Bugsnag","Web","1325146","542434","782712"
"Apple Game Center","Gaming","4570591","907840","3662751"
"Nintendo","Gaming","1830593316","53016513","1777576803"
"OpenRTB","Web","44113","38373","5740"
"Audible","Real Time Audio/Video","561177","75046","486131"
"AdColony","Web","12976381","4647674","8328707"
"Yieldmo","Web","5658128","892792","4765336"
"MGID","Web","4371777","301226","4070551"
"Booking.com","Web","22048977","2646570","19402407"
"Okta","Web","93277938","22208304","71069634"
"eXelate","Web","1249524","329438","920086"
"Google Secure User Plane Location","Web","1642690","368943","1273747"
"Amplitude","Web","13951185","11037479","2913706"
"Microsoft teams","Internet Instant Messaging","2744205432","740841302","2003364130"
"Digioh","Web","321584","22604","298980"
"UC Browser","Web","1265669","147811","1117858"
"Adtelligent","Web","880993","368984","512009"
"Akamai Video","Media","1248470330","7483695","1240986635"
"Tenor","Web","4726206","359843","4366363"
"IronSource","Business Application","103888889","5765762","98123127"
"Disqus","Web","16876973","1075376","15801597"
"Simpli.fi","Web","1270034","316023","954011"
"Google News","Web","828342","67941","760401"
"Alibaba Cloud","Web","2851622","254650","2596972"
"Discord","Internet Instant Messaging","105488874","6589802","98899072"
"ProtonMail","Email","130299","18478","111821"
"Vungle","Web","188339482","11054753","177284729"
"Unknown virtual protocol","Unclassified","4836944","321052","4515892"
"Unknown virtual protocol","Unclassified","12622586","1240783","11381803"
"Unknown virtual protocol","Unclassified","152439313","73389876","79049437"
"Unknown virtual protocol","Unclassified","13566124","12424370","1141754"
"Google Pay","Web","4473888","687485","3786403"
"Qwant","Web","851528","39174","812354"
"Bigo","Web","1510245","168270","1341975"
"Quora","Social Networking","2951531","256372","2695159"
"Shopify","Web","77122821","1727941","75394880"
"Ximalaya","Real Time Audio/Video","16826","4922","11904"
"Likee","Internet Instant Messaging","1322326","463269","859057"
"KOCHAVA","Web","1759065","512429","1246636"
"Spotify Audio","Real Time Audio/Video","1295865724","4285363","1291580361"
"Connatix","Real Time Audio/Video","5512332","945002","4567330"
"Pendo","Web","28122207","7659549","20462658"
"Go Daddy","Web","186150","26559","159591"
"Coursera","Web","14826","1850","12976"
"Eventbrite","Web","1459583","121726","1337857"
"Bilibili","Web","69220798","2455966","66764832"
"Datadog","Web","1314973","1210873","104100"
"BitTorrent","Peer to Peer","13414","6178","7236"
"eBay.com","Web","1340437","113014","1227423"
"File Transfer Protocol","File Sharing","8463","5132","3331"
"Internet Message Access Protocol Secure","Email","27111659","2028281","25083378"
"IPsec (AH and ESP)","Tunneling and VPN","427735082","32599114","395135968"
"Kerberos","Authentication","1304","525","779"
"Lighweight Directory Access Protocol","Authentication","194920","30000","164920"
"Netbios Name Service","Network Service","2058","1638","420"
"Post Office Protocol (Version 3)","Email","66740","2828","63912"
"Secure POP3","Email","18981","3695","15286"
"QQ","Internet Instant Messaging","87979","61915","26064"
"Real Time Control Protocol","Business Collaboration","6704782","3243178","3461604"
"Real Time Protocol","Business Collaboration","802425719","600888758","201536961"
"Real Time Streaming Protocol","Media","8107","4741","3366"
"Simple Mail Transfer Protocol","Email","6219614","5906855","312759"
"Simple Mail Transfer Protocol Secure","Email","6771","4758","2013"
"Simple Network Management Protocol","Management","10912","6572","4340"
"Yahoo Mail v.2.0","Email","42340892","12296528","30044364"
"Ares","Peer to Peer","13452","298","13154"
"Secure AIM","Internet Instant Messaging","264878","42953","221925"
"Expedia.fr","Web","1290837","407402","883435"
"Travelocity.com","Web","15964","2633","13331"
"Flickr","Social Networking","2624","978","1646"
"Rambler.ru","Web","954778","136488","818290"
"Mail.ru Webmail","Email","161500","36875","124625"
"Steampowered.com","Gaming","38301","12270","26031"
"Xbox Live","Gaming","2574777","121651","2453126"
"Badoo.com","Internet Instant Messaging","9693877","360980","9332897"
"Foursquare.com","Web","463919","132916","331003"
"Goodreads.com","Web","279207","28790","250417"
"LiveJournal.com","Social Networking","29222325","637674","28584651"
"Meetup","Web","23121","6954","16167"
"ResearchGATE.net","Web","31067817","1470588","29597229"
"Tumblr","Social Networking","6057117","83009","5974108"
"Vk.com (Vkontakte)","Social Networking","3008739","65264","2943475"
"Yelp.com","Web","4586084","1064059","3522025"
"Adobe Update Manager","Web","328300","6014","322286"
"Adobe Flash Plugin Update","Web","23735","5180","18555"
"Firefox Update","Web","15670","4050","11620"
"BitDefender Update","Web","1262811","557537","705274"
"Viber","Real Time Audio/Video","5934722","411143","5523579"
"Netflix.com","Media","3933899187","31165553","3902733634"
"BBC Player","Media","19892790","70577","19822213"
"Box","File Sharing","29143","4324","24819"
"Google Translate","Web","2294510","703624","1590886"
"iHeartRADIO","Media","2084825","223386","1861439"
"Photobucket.com","Web","18306","1752","16554"
"Psiphon","Web","325473","16942","308531"
"Salesforce","Business Application","12063498","1865752","10197746"
"WebEx","Business Collaboration","21769","1213","20556"
"Slingbox","Media","803427","8907","794520"
"RSS","Web","36044","1386","34658"
"BlackBerry.com","Web","441141","148890","292251"
"ABCNews","Web","4523600","63020","4460580"
"Acer","Web","46190","8618","37572"
"Adobe Acrobat DC (Document Cloud)","Web","10020995","398904","9622091"
"Alexa","Web","22850","2183","20667"
"AlJazeera.net","Web","8145893","390734","7755159"
"AmericanExpress","Web","204915","35616","169299"
"Blogger","Web","3683348","161967","3521381"
"Capital One","Web","1717713","306446","1411267"
"Cnet.com","Web","264222","11970","252252"
"Comcast","Web","83715","18438","65277"
"Daily Mail","Web","182235","30879","151356"
"Daum.net","Web","57578","20230","37348"
"IKEA.com","Web","3631895","44088","3587807"
"Intuit.com","Business Application","2682235","123349","2558886"
"Kaspersky.com","Web","22598","8110","14488"
"Naver Corporation (formerly NHN Corporation)","Web","2565280","60039","2505241"
"NBA.com","Web","3042388","89231","2953157"
"Nike.com","Web","8029","1097","6932"
"PlayStation.com","Web","1663151","267252","1395899"
"Reuters.com","Web","1727228","10082","1717146"
"RTL Group","Web","57081","5144","51937"
"Spiegel.de","Web","155225","6383","148842"
"SurveyMonkey.com","Web","113261","12695","100566"
"TF1.fr","Web","42390877","624398","41766479"
"Vimeo","Web","10498963","1291586","9207377"
"WashingtonPost.com","Web","1430597","21777","1408820"
"Xbox","Gaming","30147","4495","25652"
"Xvideos.com","Media","620030","131156","488874"
"Sophos update","Business Application","61739","10125","51614"
"Google App Engine","Business Application","1083379","211817","871562"
"GMX webmail","Email","200604","40356","160248"
"Apple FaceTime","Real Time Audio/Video","6983835897","3497277850","3486558047"
"Line","Internet Instant Messaging","161900","30721","131179"
"Hulu","Media","18198","5534","12664"
"Shazam","Web","5714808","394714","5320094"
"SoundCloud","Media","153214247","4113452","149100795"
"163.com","Web","81205","11693","69512"
"Ifeng.com","Web","5560","1169","4391"
"360.cn","Web","81932","27928","54004"
"Alibaba.com","Web","1042388","128080","914308"
"Zynga.com","Gaming","2783636","1446917","1336719"
"Limelight Networks CDN","Web","873174260","19637858","853536402"
"KIK Messenger","Internet Instant Messaging","82824","26539","56285"
"QQ finance","Web","4574","2126","2448"
"Tencent.com","Internet Instant Messaging","628877","197255","431622"
"Pornhub","Web","130136","25750","104386"
"Zoho Corporation","Business Application","5082056","2666834","2415222"
"Nokia Here API","Web","4509515","33437","4476078"
"MeetMe.com","Social Networking","205220","70043","135177"
"Microsoft Skype for Business (formerly Microsoft Lync Online) (Office 365)","Business Collaboration","3552","1548","2004"
"Speedtest","File Sharing","44201715","966467","43235248"
"ESPN.go.com","Web","592307","141820","450487"
"MapQuest.com","Web","18009","1692","16317"
"BuzzFeed.com","Web","927108","4984","922124"
"Internet Movie Database","Web","1262815","54148","1208667"
"Imgur.com","Storage and Backup","308845","8417","300428"
"xHamster.com","Web","200292","126705","73587"
"Bet365.com","Web","16853034","1143109","15709925"
"LastPass.com","Web","490908","200965","289943"
"Microsoft Skype for Business (formerly Microsoft Lync)","Business Collaboration","36231603","11732811","24498792"
"BBC","Web","12272640","831279","11441361"
"AVG.com","Web","6361","764","5597"
"Softonic.com","Web","76863","6897","69966"
"uCoz.ru","Web","108182","5146","103036"
"Kooora.com","Web","512070","98267","413803"
"MercadoLibre (aka MercadoLivre)","Web","1404366","738913","665453"
"ESPNCricinfo.com","Web","1651537","150018","1501519"
"Goal.com","Web","2567845","7842","2560003"
"Igihe.com","Web","84958","49166","35792"
"Kijiji.ca","Web","14318839","1210626","13108213"
"Background Intelligent Transfer Service","File Sharing","109396961","8930939","100466022"
"Conviva","Infrastructure","585057","285755","299302"
"EdgeCast Networks CDN","Infrastructure","6923","2022","4901"
"20minutes","Web","23509","9172","14337"
"Abola.pt","Web","3839870","199699","3640171"
"Over-blog","Web","2487711","82099","2405612"
"The Simpsons: Tapped Out","Gaming","842431","301345","541086"
"Xl","Web","929708","136689","793019"
"Gameloft Games","Gaming","26284","6454","19830"
"Yadro","Web","94270","35671","58599"
"Candy Crush Saga","Gaming","3313052","1081272","2231780"
"Huffington Post","Web","94719","1563","93156"
"OpenStreetMap","Infrastructure","329286","14808","314478"
"World Series of Poker","Gaming","41455380","1549390","39905990"
"Plenty Of Fish","Web","12596920","7429455","5167465"
"Beatport","Media","10556811","158413","10398398"
"Twitch","Media","643840536","5007594","638832942"
"BoldChat Live Chat","Internet Instant Messaging","945647","325471","620176"
"Xiaomi","Web","797276","257869","539407"
"Inquirer","Web","724051","52143","671908"
"Cedexis","Web","40537143","12422434","28114709"
"Amazon Cloud Drive","Web","105075612","5752471","99323141"
"Lazada","Web","632015","14698","617317"
"Gettyimages","Web","18813581","570090","18243491"
"Flipboard","Web","16871242","1029157","15842085"
"AOL One","Web","58368","17411","40957"
"SBS","Media","1948042","8384","1939658"
"Constant Contact","Web","464427","25650","438777"
"GitHub","Web","80940398","263698","80676700"
"Internet.org","Web","90625","18067","72558"
"Helpshift","Web","178188","45844","132344"
"Scotiabank","Web","2724007","405372","2318635"
"HideMyAss","Anonymizers and Proxies","43762641","2929389","40833252"
"LogMeIn","Remote Desktop","144587","7933","136654"
"Fastly","Web","6179443","204658","5974785"
"Disney Channel","Web","692918","35584","657334"
"Rogers TV","Web","14752600","884446","13868154"
"NBC","Web","28394086","669724","27724362"
"Localytics","Web","1376404","406968","969436"
"MoPub","Web","130718","30831","99887"
"Perform","Web","67045","4087","62958"
"Periscope","Media","460328","44498","415830"
"Microsoft Sway (Office 365)","Business Application","25622","3364","22258"
"Liveperson","Web","7463706","595181","6868525"
"Zopim","Web","936963","206012","730951"
"Rollout","Web","2791378","880205","1911173"
"Microsoft Excel Online (Office 365)","Web","28430","21551","6879"
"LiveChat","Web","5063005","400237","4662768"
"Braintree","Web","139363","18178","121185"
"Commonwealth Bank of Australia","Web","512850","185323","327527"
"TubeMogul","Web","378246","58866","319380"
"Bleacher Report","Web","1727702","30630","1697072"
"Umeng","Web","264580","120719","143861"
"MobFox","Web","37534","7078","30456"
"Google Photos (formerly Google Picasa)","Web","2072256","355980","1716276"
"Baidu Maps","Web","46248","14578","31670"
"Slack","Web","3483008","1417359","2065649"
"Clicktale","Web","3379354","1950037","1429317"
"Adk2","Web","380529","19074","361455"
"Pokemon GO","Gaming","744862","297482","447380"
"Highwinds","Web","52609002","413574","52195428"
"Wix","Web","20469077","1028315","19440762"
"Tinder","Web","90904880","1967676","88937204"
"Heroku","Web","875224","123948","751276"
"Clash of Clans","Gaming","11963438","402095","11561343"
"Supercell","Gaming","381309","90839","290470"
"Facebook Live","Media","1868764","1823605","45159"
"Cheetah Mobile","Web","51387","14186","37201"
"Microsoft Word Online (Office 365)","Business Collaboration","13834664","515046","13319618"
"Microsoft Powerpoint Online (Office 365)","Business Collaboration","8083438","429814","7653624"
"Signal Private Messenger (Open Whisper Systems)","Internet Instant Messaging","27895435","11873262","16022173"
"Flashtalking","Web","13289374","1801044","11488330"
"Google Classroom","Web","174463","28079","146384"
"Samsung Update","Web","4623546887","109847017","4513699870"
"Huawei","Web","2385903","965865","1420038"
"ULP","Network Service","200630","7414","193216"
"MaxCDN","Web","58590","9278","49312"
"Walmart","Web","22923179","21589556","1333623"
"Yandex Music","Real Time Audio/Video","49762","39687","10075"
"Tuko Kenya","Web","82718","6984","75734"
"DocuSign","Web","34681","8794","25887"
"Autodesk Fusion 360","Tunneling and VPN","2611781","34232","2577549"
"Caliente","Web","45245","5695","39550"
"Le360","Web","1099388","88280","1011108"
"Optus","Web","256530","4714","251816"
"Sportradar","Web","3432843","324964","3107879"
"Wall Street Journal","Web","239787","35000","204787"
"Niantic, Inc","Web","362769","25050","337719"
"Clash Royale","Gaming","308339","115587","192752"
"Instructure","Web","14222","1808","12414"
"Electronic Arts","Web","160381","87841","72540"
"Facebook Lite","Social Networking","373429","69729","303700"
"Apache Thrift","Network Service","822","702","120"
"streamRoot","Web","3064","548","2516"
"Mediascope","Web","198620","38145","160475"
"Data Saver","Web","7178891","450148","6728743"
"Symantec Endpoint Protection","Web","5818","1646","4172"
"Youtube Music","Media","2773255","497141","2276114"
"Appnext","Web","795414","74542","720872"
"9GAG","File Sharing","52271907","1002948","51268959"
"Text Me","Internet Instant Messaging","2024725","761085","1263640"
"IBM","Web","689500","186130","503370"
"Grammarly","Web","36246036","7369123","28876913"
"Microsoft AD Right Management Service","Business Application","28270","21078","7192"
"Barracuda Networks","Web","7384","1732","5652"
"RingCentral","Business Collaboration","211272","11236","200036"
"Visual IQ","Web","503641","167935","335706"
"Alibaba Group","Web","199453","28875","170578"
"ExpressVPN","Tunneling and VPN","463285","142376","320909"
"Future_plc","Web","6269411","212423","6056988"
"Wish","Web","153095","5366","147729"
"Google Play Books","Web","1395115","494372","900743"
"Ted Conferences","Web","129804056","1546859","128257197"
"WorkspaceOne","Web","23708","7649","16059"
"iBooks","Web","436797","113687","323110"
"Tesla","Web","1661644","303691","1357953"
"Google GSuite","Web","147640","23684","123956"
"AnonyTun","Tunneling and VPN","394459","155357","239102"
"Didi","Web","21955","1930","20025"
"OpenSignal","Web","104354635","11786622","92568013"
"Megaphone","Web","423377277","4369003","419008274"
"TripAdvisor","Web","14882915","1203349","13679566"
"Moodle","Social Networking","12032","3766","8266"
"DAZN","Real Time Audio/Video","2737109","108451","2628658"
"PubNub","Web","324686","116827","207859"
"Unknown virtual protocol","Unclassified","106726538","4460948","102265590"
"Unknown virtual protocol","Unclassified","14167","1068","13099"
"Unknown virtual protocol","Unclassified","799077","16586","782491"
"Unknown virtual protocol","Unclassified","179791","125766","54025"
"Unknown virtual protocol","Unclassified","75112","9187","65925"
"Unknown virtual protocol","Unclassified","11043","2209","8834"
"Google Blog","Web","213060","16248","196812"
"Discovery Inc","Real Time Audio/Video","8805","1657","7148"
"Eurosport","Web","1236518","47799","1188719"
"Eurosport Player","Real Time Audio/Video","20674","7233","13441"
"Acast","Real Time Audio/Video","233472109","1685370","231786739"
"Wireguard","Tunneling and VPN","625221806","32082948","593138858"
"Firework","Internet Instant Messaging","274204","41832","232372"
"BAMTech","Real Time Audio/Video","5411970","1891544","3520426"
"Disney Plus","Real Time Audio/Video","1087918916","12663132","1075255784"
"Apple TV Plus","Real Time Audio/Video","4454465","60435","4394030"
"Engage Digital","Network Service","565896","23291","542605"
"Toutiao","Web","40255","12797","27458"
"Airbnb","Web","36923275","2829356","34093919"
"Workday","Business Application","6058700","272695","5786005"
"Service Now","Web","2479866","109835","2370031"
"StackPath","Web","56180","2330","53850"
"Uber Eats","Web","1406466","269494","1136972"
"DoorDash","Web","909291","412667","496624"
"Houseparty","Real Time Audio/Video","183699","31258","152441"
"Roblox","Gaming","350672048","39719978","310952070"
"Citrix","Web","367","226","141"
"Microsoft Dynamics","Business Application","56537","10299","46238"
"Demandbase","Web","240836","14316","226520"
"Sift Science","Web","232973","73679","159294"
"Amazon Alexa Assistant","Business Collaboration","20707820","6870678","13837142"
"Yubo","Internet Instant Messaging","76171","17817","58354"
"Zerotier","Tunneling and VPN","2770294","1216644","1553650"
"UserReport","Web","1415806","155025","1260781"
"Hotels.com","Web","113859","6023","107836"
"Indeed","Web","23592612","4527890","19064722"
"NHL.com","Web","3746353","168073","3578280"
"Priceline.com","Web","761357","93736","667621"
"TIME","Web","35609","994","34615"
"OnlyFans","Web","11589","3232","8357"
"Nvidia","Web","939","325","614"
"Geforce Now","Gaming","10196","1577","8619"
"The Walt Disney Company","Web","441317","314059","127258"
"Wired","Web","744500","18495","726005"
"FedEx","Web","4709966","365807","4344159"
"Kayak","Web","3403873","118418","3285455"
"WarnerMedia","Web","371577","59951","311626"
"Unknown virtual protocol","Unclassified","81044","10319","70725"
