"Application","Category","Total Bytes","Bytes Received","Bytes Sent"
"Domain Name Service","Network Service","1091169909","557606642","533563267"
"eBay.com","Web","5848145","372407","5475738"
"Google Mail","Email","1115632129","140627995","975004134"
"Google Search","Web","517979279","56728068","461251211"
"Google Maps","Web","546028575","413725449","132303126"
"HyperText Transfer Protocol","Web","1745973034","74611419","1671361615"
"HyperText Transfer Protocol Secure","Web","17466563195","3226935987","14239627208"
"Internet Control Message Protocol","Network Service","3794744882","2265106104","1529638778"
"Internet Message Access Protocol version 4","Email","112791693","35740632","77051061"
"Internet Message Access Protocol Secure","Email","10908818","2207723","8701095"
"Internet Protocol","Network Service","0","0","0"
"Internet Security Association and Key Management Protocol","Tunneling and VPN","345274133","155007605","190266528"
"XMPP Protocol (Jabber)","Business Collaboration","494814","275554","219260"
"McAfee Client update","Business Application","97679859","6080825","91599034"
"Network Time Protocol","Network Service","647061","342096","304965"
"QQ","Internet Instant Messaging","26338128","6907933","19430195"
"Real Time Protocol","Business Collaboration","1353580737","553170953","800409784"
"Session Initiation Protocol","Business Application","1429836","764934","664902"
"Skype and Teams","Business Collaboration","19193707","4371123","14822584"
"Simple Object Access Protocol","Network Service","1249458639","554697103","694761536"
"Secure Socket Layer","Tunneling and VPN","20871710693","4294871665","16576839028"
"Session Traversal Utilities for NAT","Business Collaboration","41273440","6969194","34304246"
"Transmission Control Protocol","Other TCP/UDP","2284885394","1648566705","636318689"
"User Datagram Protocol","Other TCP/UDP","86662694329","8299291976","78363402353"
"Wikipedia.com","Web","24295416","713793","23581623"
"Yahoo Mail v.2.0","Email","65693028","10369726","55323302"
"Youtube.com","Media","10525096265","287493869","10237602396"
"Facebook","Social Networking","23350383492","736457463","22613926029"
"Google Ads","Web","695054796","76855012","618199784"
"Windows Live Hotmail","Email","89193905","12456220","76737685"
"WordPress.com","Social Networking","41545383","722776","40822607"
"LinkedIn","Social Networking","122857968","11776308","111081660"
"Apple Generic Services","Web","15245626438","254681958","14990944480"
"Deezer","Web","389034188","1587624","387446564"
"Online Certificate Status Protocol","Business Application","13001050","4907267","8093783"
"Twitter","Social Networking","2345656078","78126971","2267529107"
"Yelp.com","Web","9826784","189431","9637353"
"iTunes","Media","963068882","82317384","880751498"
"Spotify","Media","1232586757","138372568","1094214189"
"TeamViewer","Remote Desktop","134996338","83259982","51736356"
"Bing.com (formerly MSN Search)","Web","243851250","22436171","221415079"
"Baidu.com","Web","79914224","7468099","72446125"
"Windows Update","Web","9364925940","419739789","8945186151"
"Chrome Update","Web","212268943","7532074","204736869"
"Netflix.com","Media","11750136612","141023162","11609113450"
"Google Analytics,Google Marketing Platform","Web","255798185","68699528","187098657"
"Google GStatic","Web","1542433266","68040019","1474393247"
"Dropbox","Storage and Backup","77232645","10622364","66610281"
"Google Translate","Web","2138451","416372","1722079"
"Livestream (formerly Mogulus)","Media","10319","2352","7967"
"Salesforce","Business Application","61757433","13087646","48669787"
"Sky Go (formerly Sky Player)","Media","788","409","379"
"Portal.TidalTV.com","Web","321037","85797","235240"
"YouKu","Media","8381978","5507406","2874572"
"Google Generic","Web","742338538","90121703","652216835"
"AccuWeather","Web","39719574","6071848","33647726"
"Amazon Generic Services","Web","2269431896","809480527","1459951369"
"Daum.net","Web","3550811","433293","3117518"
"Naver Corporation (formerly NHN Corporation)","Web","276264232","12165050","264099182"
"Weather.com","Web","8318579","873807","7444772"
"Youdao.com","Web","936828","346269","590559"
"WhatsApp Messenger","Internet Instant Messaging","3514509837","1403162059","2111347778"
"Taobao","Web","266886136","12917527","253968609"
"Apple App Store","Web","7279732189","83292694","7196439495"
"Windows Marketplace","Web","4144004149","248095881","3895908268"
"Apple Push Notification Service","Web","304833461","194948081","109885380"
"iOS over-the-air (OTA) update","Web","9500369080","68863531","9431505549"
"Samsung Apps","Web","16610603","2601450","14009153"
"Google Play Store","Media","637561345","105464075","532097270"
"iCloud (Apple)","Storage and Backup","15988462255","6137173510","9851288745"
"Instagram","Web","53142580666","1891678143","51250902523"
"Amazon Web Services/Cloudfront CDN","Infrastructure","7061523318","486021876","6575501442"
"KakaoTalk","Internet Instant Messaging","15158601","4663218","10495383"
"Coupang","Web","71005","11549","59456"
"Gmarket.co.kr","Web","1093331","29877","1063454"
"Amazon Prime Video","Media","671698418","19465376","652233042"
"QQ.com","Web","734361535","25916085","708445450"
"Sohu.com","Web","138852","56158","82694"
"Ifeng.com","Web","429015","308760","120255"
"Alipay","Web","4714455","797502","3916953"
"Sogou.com","Web","6800274","2942206","3858068"
"Douban.com","Web","2387103","717919","1669184"
"360.cn","Web","61368","23696","37672"
"Alibaba.com","Web","4951049","1087633","3863416"
"Akamai Technologies CDN","Web","6702722407","58622320","6644100087"
"Microsoft Azure (previously Windows Azure)","Infrastructure","750090284","4160282","745930002"
"ISO Base Media File Format","Real Time Audio/Video","1089756649","7680195","1082076454"
"Yahoo.com","Web","499022660","30952332","468070328"
"WeChat","Internet Instant Messaging","7695345746","695892279","6999453467"
"Ettoday.net","Web","609617","38727","570890"
"Tencent.com","Internet Instant Messaging","39266229","1024842","38241387"
"Google Talk (incl. Hangouts and Allo and Duo)","Real Time Audio/Video","8741208","3441945","5299263"
"CloudFlare CDN","Infrastructure","8767395284","1020496912","7746898372"
"Microsoft Office 365","Business Collaboration","1860418472","87958800","1772459672"
"Pinterest","Web","158024702","9998236","148026466"
"Microsoft Outlook (Office 365)","Business Application","1107188559","366388437","740800122"
"Reddit.com","Web","678435346","16530420","661904926"
"Apple SIRI","Web","51895632","29962590","21933042"
"Google Documents (aka Google Drive)","Storage and Backup","466266129","44766203","421499926"
"JingDong","Web","158171813","3360199","154811614"
"BBC","Web","49304123","1805245","47498878"
"AliExpress.com","Web","30005049","619148","29385901"
"Wp.pl","Web","39244","8188","31056"
"Google Accounts","Web","155761007","80691614","75069393"
"Amazon Ad System","Web","106640504","23483661","83156843"
"Snapchat","Social Networking","6531289605","672348489","5858941116"
"AddThis","Web","9360431","460011","8900420"
"Turn","Web","1346556","323266","1023290"
"ScorecardResearch","Web","20436972","2926813","17510159"
"Quantcast","Web","17201275","2731554","14469721"
"Telegram","Internet Instant Messaging","334553623","39877087","294676536"
"Oracle","Web","2989413","669882","2319531"
"Bitstrips","Social Networking","253679266","8329804","245349462"
"Criteo","Web","50799242","12258374","38540868"
"Adobe","Business Application","67988098","15801114","52186984"
"Zendesk","Business Collaboration","4365232","295855","4069377"
"Google Safe Browsing","Web","63931582","6231260","57700322"
"Inneractive","Web","62734753","40602375","22132378"
"Flurry","Business Application","12059451","4637443","7422008"
"Samsung","Web","102556237","30818915","71737322"
"Crashlytics","Web","26564197","2312641","24251556"
"Facebook Messenger","Internet Instant Messaging","266970711","86902806","180067905"
"InMobi","Web","260271782","21938597","238333185"
"AppsFlyer","Business Application","63052257","8341208","54711049"
"Gravatar","Business Collaboration","1535563","258597","1276966"
"Stickyads","Web","4909558","2259603","2649955"
"ASANA","Web","126600","14717","111883"
"Mixpanel","Web","6245185","4749668","1495517"
"Smart AdServer","Web","26352779","4795610","21557169"
"Taobao Ad Network and Exchange","Web","1651166","659306","991860"
"Google Cloud Messaging","Web","75274671","23183775","52090896"
"Google Calendar","Web","33804494","8262632","25541862"
"Apple Location","Web","3698965827","179300346","3519665481"
"Flipboard","Web","2971487","106809","2864678"
"OpenX","Web","6102415","2018563","4083852"
"PubMatic","Web","40411450","23735480","16675970"
"Index Exchange (previously Casale Media)","Web","19020523","7655474","11365049"
"LOTAME","Web","2719481","580767","2138714"
"Rubicon Project","Web","73019098","30181377","42837721"
"Sizmek (previously MediaMind)","Web","3282977","228906","3054071"
"AppNexus","Web","175247900","109472865","65775035"
"Rlcdn","Web","7662313","2540227","5122086"
"Realestate","Web","83721","17204","66517"
"HyperText Transfer Protocol version 2","Web","15476836800","315022725","15161814075"
"Advertising.com","Web","1025720","279616","746104"
"Google Tag Manager","Web","135158615","6231031","128927584"
"Ad Safe Protected","Web","42703887","7770239","34933648"
"Helpshift","Web","916384","214818","701566"
"Adjust.com","Web","13580338","5275592","8304746"
"Atlas Solutions","Web","236276","74562","161714"
"Urbanairship","Web","3548551","758365","2790186"
"Outbrain","Web","84646924","16220989","68425935"
"Fastly","Web","764899","114617","650282"
"Unruly","Web","2278231","1100184","1178047"
"Rogers TV","Web","19196211","1921622","17274589"
"Applovin","Web","442803244","106471900","336331344"
"Android connectivity Manager","Network Service","7513546","4124902","3388644"
"Moat","Web","66027992","19536638","46491354"
"Krux","Web","5585915","626040","4959875"
"Microsoft Office OneNote (Office 365)","Business Application","1653495","422625","1230870"
"Branch Metrics","Web","64490912","12382672","52108240"
"Optimizely","Web","8318937","1145531","7173406"
"Liveperson","Web","7006992","267948","6739044"
"Taboola","Web","55705446","5001635","50703811"
"Zopim","Web","1257780","273367","984413"
"Rackspace","Web","1307554815","43322541","1264232274"
"Smaato","Web","5271980","1131940","4140040"
"MediaMath","Web","3058655","1215074","1843581"
"jQuery","Web","7313418","347979","6965439"
"Everest Technologies","Web","7311114","2374352","4936762"
"SpotXchange","Web","2698029","1260540","1437489"
"Microsoft OneDrive","Web","33683251","9579709","24103542"
"Microsoft","Web","1319456595","315346220","1004110375"
"Umeng","Web","2088179","1048949","1039230"
"New Relic","Web","48388361","25136037","23252324"
"Google Photos (formerly Google Picasa)","Web","1621824911","1520155019","101669892"
"Uber (formerly UberCab)","Web","1789965315","1224089949","565875366"
"Conversant","Web","2992757","877976","2114781"
"Bazaarvoice","Web","6880578","448084","6432494"
"Teads","Web","30203276","1546435","28656841"
"Adform","Web","4399654","1081314","3318340"
"hotjar","Web","16782736","7578348","9204388"
"Pokemon GO","Gaming","94329702","6051024","88278678"
"HyperText Transfer Protocol proxy","Network Service","228386","92409","135977"
"Wix","Web","62703982","2853680","59850302"
"Tinder","Web","526445999","27619514","498826485"
"GIPHY","Web","251320789","2538219","248782570"
"Firebase Cloud Messaging","Web","276295519","160021368","116274151"
"IMO Video Calling Application","Media","127571","56228","71343"
"Bidswitch","Web","15468703","6562884","8905819"
"Clash of Clans","Gaming","123531194","13091429","110439765"
"Supercell","Gaming","65291324","3610688","61680636"
"Bugsnag","Web","4598604","3226978","1371626"
"Apple Game Center","Gaming","67136592","41198522","25938070"
"Sharethrough","Web","16067345","5772271","10295074"
"AdColony","Web","15562242","6611844","8950398"
"Yieldmo","Web","8075840","2038264","6037576"
"Huawei","Web","52306836","5385856","46920980"
"MGID","Web","622514","66570","555944"
"DoubleVerify","Web","37652350","7885110","29767240"
"Media Innovation Group","Web","618500","155930","462570"
"Okta","Web","48140846","15289856","32850990"
"PulsePoint","Web","1971296","630936","1340360"
"eXelate","Web","1083386","286127","797259"
"Sonobi","Web","8016027","4093550","3922477"
"Cloudinary","Web","184440263","1193987","183246276"
"Google Secure User Plane Location","Web","374460","58353","316107"
"Amplitude","Web","34645953","26278486","8367467"
"Sportradar","Web","665149","62131","603018"
"Google Cloud Platform","Web","11591417","3629636","7961781"
"Microsoft teams","Internet Instant Messaging","158861129","19556767","139304362"
"Digioh","Web","188529","8880","179649"
"UC Browser","Web","1020909","230210","790699"
"Data Saver","Web","2110671","157304","1953367"
"Akamai Video","Media","524790","135793","388997"
"Cisco","Web","6519155","1275957","5243198"
"IronSource","Business Application","208006518","11189192","196817326"
"Splunk Cloud","Storage and Backup","13183","8521","4662"
"Disqus","Web","11144707","660298","10484409"
"Simpli.fi","Web","1152109","232237","919872"
"ByteDance","Web","496623978","172810429","323813549"
"TikTok (Musical.ly)","Social Networking","47957361646","1262636554","46694725092"
"Alibaba Group","Web","236789066","912692","235876374"
"Alibaba Cloud","Web","430014695","350480281","79534414"
"Discord","Internet Instant Messaging","1070585833","37458229","1033127604"
"Apple News","Web","169314286","17190184","152124102"
"Vungle","Web","314147947","7034046","307113901"
"Google APIs","Web","12858967161","11543584444","1315382717"
"Amazon Cognito","Web","16336626","5199403","11137223"
"Unknown virtual protocol","Unclassified","731786601","27936005","703850596"
"Unknown virtual protocol","Unclassified","148600744","24864575","123736169"
"NetEase","Web","37733329","3019483","34713846"
"Unknown virtual protocol","Unclassified","80855248","37952623","42902625"
"Unknown virtual protocol","Unclassified","3101864","1957204","1144660"
"Google Pay","Web","5119655","998443","4121212"
"Wireguard","Tunneling and VPN","57723306","5266256","52457050"
"Google Messages","Internet Instant Messaging","19157684","8599450","10558234"
"JWPLAYER","Web","365391762","2744678","362647084"
"Wangwang","Internet Instant Messaging","2944498","1234782","1709716"
"Shopify","Web","41403377","918517","40484860"
"Ximalaya","Real Time Audio/Video","5050742","404074","4646668"
"Likee","Internet Instant Messaging","82196","20516","61680"
"KOCHAVA","Web","947041","208840","738201"
"Sift Science","Web","481392","119398","361994"
"Connatix","Real Time Audio/Video","89569550","11416754","78152796"
"Pendo","Web","5974471","611256","5363215"
"Go Daddy","Web","4048046","184533","3863513"
"Bilibili","Web","915066930","21535903","893531027"
"Digicert","Web","10619363","2024564","8594799"
"Font Awesome","Web","9813827","444494","9369333"
"SD-WAN Control","SD-WAN","15125789068","8015329779","7110459289"
"SD-WAN Management","SD-WAN","159636694","79176367","80460327"
"TencentMeeting","Business Collaboration","1354865048","157788334","1197076714"
"Yahoo Search","Web","653209","31929","621280"
"Secure AIM","Internet Instant Messaging","160920","25679","135241"
"Tumblr","Social Networking","284440969","3005420","281435549"
"Yandex.ru","Web","2065006","982802","1082204"
"Opera Update","Web","3123045","683770","2439275"
"Viber","Real Time Audio/Video","8505601","1773058","6732543"
"IMVU.com (Instant Message Virtual Universe)","Gaming","237242398","4017644","233224754"
"Adobe Acrobat DC (Document Cloud)","Web","841385","385652","455733"
"SurveyMonkey.com","Web","12381","2436","9945"
"Scribd.com","Web","43017","5344","37673"
"QQ News","Web","2129320","181876","1947444"
"Zoho Corporation","Business Application","6468231","2803768","3664463"
"Microsoft SharePoint Online (Office 365)","Business Application","1627222700","41530845","1585691855"
"ESPN.go.com","Web","27520338","978760","26541578"
"Gameloft Games","Gaming","42237","11925","30312"
"TRUSTe","Web","7084048","1009810","6074238"
"OkCupid","Web","2209011","1274839","934172"
"FreeWheel","Web","1224579","344164","880415"
"Nielsen","Web","4158682","1034085","3124597"
"Cedexis","Web","2343189","692692","1650497"
"Google Cloud Storage","Web","192096928","95873624","96223304"
"quic","Network Service","75016172","31053059","43963113"
"ADTECH","Web","1375731","60984","1314747"
"Apple Music","Media","929758501","7723482","922035019"
"UpLynk","Web","148209","31282","116927"
"Viaplay","Media","10573","1188","9385"
"Ensighten","Web","2522825","288039","2234786"
"Verizon","Web","1099065","642663","456402"
"LKQD","Web","599752","223974","375778"
"TubeMogul","Web","632879","78973","553906"
"QQVideo","Web","71216690","1473123","69743567"
"ZoomMeetings","Business Collaboration","1358104248","51137970","1306966278"
"Weborama","Web","53440","10010","43430"
"Tealium","Web","5698871","1099296","4599575"
"Oriental Daily News (on.cc)","Web","8014674","264691","7749983"
"Flashtalking","Web","242128332","1470775","240657557"
"Samsung Update","Web","6549448209","230019436","6319428773"
"Zhihu","Web","16040428","2637047","13403381"
"Niantic, Inc","Web","744599","119202","625397"
"Apptimize","Web","100640","36724","63916"
"Adtelligent","Web","941710","405741","535969"
"Tenor","Web","324913450","3319109","321594341"
"Visual IQ","Web","370462","102728","267734"
"Mobile Legends","Gaming","37069912","9157024","27912888"
"ExpressVPN","Tunneling and VPN","779501","106191","673310"
"Fandom","Web","15798419","520015","15278404"
"Bigo","Web","24012","3846","20166"
"Quora","Social Networking","14096476","3600554","10495922"
"Airbnb","Web","5489267","1112978","4376289"
"Netease Games","Gaming","74188","21741","52447"
"Uber Eats","Web","2500621","578330","1922291"
"Demandbase","Web","187669","10181","177488"
"Spotify Audio","Real Time Audio/Video","3291560496","15786404","3275774092"
"Indeed","Web","9364429","4627198","4737231"
"Kickstarter","Web","8045","990","7055"
"BitTorrent","Peer to Peer","1395594","191180","1204414"
"Dailymotion.com","Media","1953421","184380","1769041"
"File Transfer Protocol","File Sharing","17270","7174","10096"
"Google Earth","Web","10689","2009","8680"
"PalTalk","Internet Instant Messaging","212428","13630","198798"
"Post Office Protocol (Version 3)","Email","876408","130659","745749"
"Secure POP3","Email","7051589","340207","6711382"
"Real Time Control Protocol","Business Collaboration","52466381","235814","52230567"
"Real Time Streaming Protocol","Media","1322","794","528"
"Simple Mail Transfer Protocol","Email","184770","137401","47369"
"Simple Mail Transfer Protocol Secure","Email","30509","9706","20803"
"Secure Shell","Tunneling and VPN","54998","16655","38343"
"Wireless Transaction Protocol","Network Service","3810","951","2859"
"Simple Network Paging Protocol","Network Service","3001725","78270","2923455"
"Expedia.fr","Web","10702190","2626570","8075620"
"Travelocity.com","Web","11174","1053","10121"
"Flickr","Social Networking","1524667","14056","1510611"
"Steampowered.com","Gaming","5942667","238411","5704256"
"Xbox Live","Gaming","480529","13107","467422"
"Badoo.com","Internet Instant Messaging","1605169","250910","1354259"
"CouchSurfing","Web","7664","2269","5395"
"DeviantArt.com","Web","6128","637","5491"
"Flixster.com","Web","54020636","159307","53861329"
"Foursquare.com","Web","225560","46855","178705"
"Goodreads.com","Web","2398783","195071","2203712"
"MyAnimeList.net","Web","1116592","4045","1112547"
"ResearchGATE.net","Web","2443822","230905","2212917"
"Vox.com","Web","4339692","379270","3960422"
"Yammer.com","Business Application","13142","4666","8476"
"PPStream - P2P based Streamed Media","Business Collaboration","154630","9612","145018"
"Adobe Flash Plugin Update","Web","529853","36299","493554"
"Firefox Update","Web","7882","2417","5465"
"Java Update","Web","109433","3948","105485"
"Apple Update","Web","9385927","203981","9181946"
"Archive.org","Web","2672928","43484","2629444"
"QQLive Network Player","Media","47513","24254","23259"
"BitDefender Update","Web","1313270","479738","833532"
"Avira Update","Web","415406","31228","384178"
"BBC Player","Media","12032","2178","9854"
"iHeartRADIO","Media","103969","16303","87666"
"Psiphon","Web","108398","5719","102679"
"QQMusic","Peer to Peer","3062","2480","582"
"GoToMeeting Online Meeting","Business Collaboration","24093525","646255","23447270"
"WebEx","Business Collaboration","2812274","883288","1928986"
"Bloomberg.com","Web","2390543","108435","2282108"
"10086.cn","Web","171229","2981","168248"
"ABCNews","Web","399950","12491","387459"
"Alexa","Web","106882","12947","93935"
"AmericanExpress","Web","113796","16651","97145"
"Blogger","Web","18595","1210","17385"
"Capital One","Web","773374","45565","727809"
"Cnet.com","Web","77621","2662","74959"
"CNN (Cable News Network)","Web","16573955","3032878","13541077"
"Comcast","Web","434810","19319","415491"
"Daily Mail","Web","28700001","3721068","24978933"
"Fox News","Web","1973847","204784","1769063"
"Groupon","Web","40184","924","39260"
"Intuit.com","Business Application","773934","285391","488543"
"Kaspersky.com","Web","7504396","4372129","3132267"
"Mozilla.com - Mozilla.org","Web","2816019","686501","2129518"
"NationalGeographic.com","Web","4098165","58330","4039835"
"NBA.com","Web","52891076","3005376","49885700"
"National Football League (NFL.com)","Web","79244006","3441251","75802755"
"Nike.com","Web","105785172","11845999","93939173"
"NYTimes.com","Web","22964837","1192031","21772806"
"Vimeo","Web","3828058","231516","3596542"
"WashingtonPost.com","Web","1552618","26272","1526346"
"Xbox","Gaming","11259","1714","9545"
"Sina.com.cn","Internet Instant Messaging","6013651","107359","5906292"
"QQDownload","Peer to Peer","1114","604","510"
"OICQ","Internet Instant Messaging","304781","188932","115849"
"Sophos update","Business Application","181119","43433","137686"
"Sina Weibo","Web","217849726","1297166","216552560"
"QQ WeiBo","Web","97653","24038","73615"
"Google App Engine","Business Application","12317669","335378","11982291"
"Apple FaceTime","Real Time Audio/Video","3039288211","1576846438","1462441773"
"Line","Internet Instant Messaging","85856891","17107646","68749245"
"Howcast.com","Media","405021","3045","401976"
"Shazam","Web","784102","47773","736329"
"SoundCloud","Media","5291794","505901","4785893"
"Nate.com","Web","4143","876","3267"
"163.com","Web","3887199","1622809","2264390"
"Tmall.com","Web","6666","1258","5408"
"iQiyi","Web","2017354","487210","1530144"
"Soku.com","Web","18957","2875","16082"
"51.la","Web","32382","8179","24203"
"Limelight Networks CDN","Web","964895737","47250250","917645487"
"Datagram Transport Layer Security","Tunneling and VPN","286190254","43944418","242245836"
"KIK Messenger","Internet Instant Messaging","100060","68324","31736"
"MiTalk Messenger (Miliao)","Internet Instant Messaging","9304457","71054","9233403"
"Rakuten.co.jp","Web","106710","25122","81588"
"Nikkei.com","Web","13530","2424","11106"
"Ctrip.com","Web","16362405","556498","15805907"
"Mail189.cn","Email","37837","11668","26169"
"PChome.com.tw","Web","147522","21825","125697"
"QQ Games","Gaming","231582","96597","134985"
"QQ Mail","Email","4960565","2083036","2877529"
"Nokia Here API","Web","562552","33342","529210"
"MeetMe.com","Social Networking","31008","1832","29176"
"iperf","File Sharing","3645","667","2978"
"BuzzFeed.com","Web","48812","36310","12502"
"Internet Movie Database","Web","70752","11543","59209"
"Imgur.com","Storage and Backup","693444052","3256104","690187948"
"ThePirateBay.se","Web","111984","15488","96496"
"xHamster.com","Web","33357","19156","14201"
"Evernote","Web","367866","173672","194194"
"Apple Maps","Web","563742","47079","516663"
"Bet365.com","Web","2848797","199229","2649568"
"LastPass.com","Web","1961555","363317","1598238"
"Mendeley.com","File Sharing","139872","70557","69315"
"Paypal.com","Web","25108248","2865713","22242535"
"Marca.com","Web","33473","1576","31897"
"MercadoLibre (aka MercadoLivre)","Web","356904","105867","251037"
"ESPNCricinfo.com","Web","117957","9129","108828"
"Encuentra24.com","Web","1314205","31466","1282739"
"Apple HTTP Live Streaming","Real Time Audio/Video","429639425","3266135","426373290"
"craigslist","Web","21812252","1145386","20666866"
"Kijiji.ca","Web","92999322","4687478","88311844"
"Internet Small Computer Systems Interface","Network Service","594","184","410"
"System Center Configuration Manager","Management","2399","1763","636"
"Background Intelligent Transfer Service","File Sharing","64678401","2750144","61928257"
"Seznam.cz","Web","12842225","1002219","11840006"
"Super.cz","Web","153293","5306","147987"
"Conviva","Infrastructure","1778328","1024896","753432"
"EdgeCast Networks CDN","Infrastructure","32283","1196","31087"
"Dr.dk","Web","19022348","124227","18898121"
"NRK.no","Web","22267","6781","15486"
"UOL.com.br","Web","313201","84501","228700"
"Ynet.co.il","Web","1791716","94462","1697254"
"Novinky.cz","Web","102646","6718","95928"
"Aib","Web","24185","1390","22795"
"Aol","Web","1059764","259016","800748"
"Aastocks","Web","191350","8781","182569"
"Naver","Web","29412","2615","26797"
"Rovio Entertainment","Gaming","10206357","842395","9363962"
"Candy Crush Saga","Gaming","2458153","1085661","1372492"
"King Digital Entertainment","Gaming","87958","36116","51842"
"Waze Social GPS Maps & Traffic","Web","13381","700","12681"
"Huffington Post","Web","1318264","18673","1299591"
"Symantec","Web","7891402","1818065","6073337"
"KakaoStory","Social Networking","2688300","511616","2176684"
"OpenStreetMap","Infrastructure","207085","11332","195753"
"Videoplaza","Web","13736","922","12814"
"Brightcove","Media","44324736","230358","44094378"
"Plenty Of Fish","Web","3743864","1985084","1758780"
"Twitch","Media","568921275","9783384","559137891"
"BoldChat Live Chat","Internet Instant Messaging","1934621","469554","1465067"
"Xiaomi","Web","8916833","1913794","7003039"
"Turner","Web","3395090","107635","3287455"
"zalo","Internet Instant Messaging","260289","13473","246816"
"Mapy","Web","15184881","154214","15030667"
"battlenet","Gaming","1532618","311696","1220922"
"Abs.cbnnews","Web","139693","11832","127861"
"Lazada","Web","7100750","89713","7011037"
"Gettyimages","Web","135805","5606","130199"
"Theladbible","Web","2033982","80404","1953578"
"Traffic Junky","Web","9566","2900","6666"
"CPMSTAR","Web","27993","5724","22269"
"AOL One","Web","496659","111165","385494"
"Australian Broadcasting Corporation","Web","37084","9904","27180"
"Constant Contact","Web","1427061","27047","1400014"
"GitHub","Web","210376","12679","197697"
"Yr","Web","229309","26379","202930"
"Atlassian","Web","170082","120090","49992"
"Internet.org","Web","72198","30702","41496"
"Kakaocdn","Infrastructure","7113842","186557","6927285"
"Facebook Embedded Video","Media","758153685","7126797","751026888"
"Bizographics","Web","7869","1776","6093"
"Scotiabank","Web","6468649","1907501","4561148"
"BootstrapCDN","Web","1411985","80538","1331447"
"CBS Video","Web","66916192","297206","66618986"
"LogMeIn","Remote Desktop","1213682","359130","854552"
"Disney Channel","Web","3647858","92131","3555727"
"NBC","Web","54843099","2831083","52012016"
"Localytics","Web","2154641","399253","1755388"
"MoPub","Web","116260","44612","71648"
"Microsoft Translator (Bing Translator)","Web","103815","19353","84462"
"Perform","Web","264348","9495","254853"
"Periscope","Media","1733199","110645","1622554"
"Heap","Web","2155382","1184461","970921"
"Olark","Web","3352547","126373","3226174"
"Mapbox","Web","4892686","703591","4189095"
"Rollout","Web","156108","28570","127538"
"Microsoft Excel Online (Office 365)","Web","594057245","180077555","413979690"
"Signal","Web","738871","89912","648959"
"LiveChat","Web","1368680","44125","1324555"
"Riffsy (Tenor.co)","Web","16647174","136984","16510190"
"Tune","Web","16182","3283","12899"
"Braintree","Web","410029","105279","304750"
"QINIU","Web","922956","20746","902210"
"NeuLion","Web","224591","24047","200544"
"Bleacher Report","Web","46433236","756790","45676446"
"Revcontent","Web","1123744","179316","944428"
"Liftoff","Web","860828","269077","591751"
"Baidu Maps","Web","544799","127113","417686"
"Slack","Web","6503616","1523967","4979649"
"Switch","Web","6366","312","6054"
"Younow","Web","1786929","89850","1697079"
"MQ Telemetry Transport","Network Service","17998","9921","8077"
"Clicktale","Web","5170796","3439968","1730828"
"Adk2","Web","58510","5128","53382"
"CDNetworks","Infrastructure","227530","7445","220085"
"Highwinds","Web","100405","8275","92130"
"Innovid","Web","70269803","1034777","69235026"
"StackOverflow","Web","703581","11171","692410"
"Shutterstock","Web","31195","1152","30043"
"Heroku","Web","548565","81477","467088"
"Amazon Music","Media","421857","112223","309634"
"Microsoft Word Online (Office 365)","Business Collaboration","6433369","43068","6390301"
"Microsoft Powerpoint Online (Office 365)","Business Collaboration","57430003","10927731","46502272"
"Signal Private Messenger (Open Whisper Systems)","Internet Instant Messaging","80704352","5311761","75392591"
"StreamRail","Media","11457","1437","10020"
"Vidyard","Web","768632","20339","748293"
"Nintendo","Gaming","2489562","94936","2394626"
"ADventori","Web","75145","18228","56917"
"Audible","Real Time Audio/Video","174719","33615","141104"
"Meituan","Web","708468","478451","230017"
"Dianping","Web","777497","460474","317023"
"QQ r2","Web","71887","53169","18718"
"Google Classroom","Web","2298755","1171966","1126789"
"ULP","Network Service","1312432","29647","1282785"
"Amazon Chime","Business Collaboration","9217","1955","7262"
"Net Perform","Web","12376","7933","4443"
"Booking.com","Web","21179646","2264292","18915354"
"Walmart","Web","898224","139806","758418"
"Avast","Web","26137816","3000143","23137673"
"Automatic Data Processing (ADP)","Web","19260","3237","16023"
"Autodesk Fusion 360","Tunneling and VPN","12371","1734","10637"
"Gfycat","Web","12860710","36514","12824196"
"Kahoot!","Web","1003305384","3659090","999646294"
"Wall Street Journal","Web","317313041","717875","316595166"
"ChinaNetCenter ","Web","94168","31605","62563"
"Meitu","Web","188061","94774","93287"
"Clash Royale","Gaming","397344884","8822986","388521898"
"Origin","Web","31639","5569","26070"
"Canvas Student","Web","5322243","72083","5250160"
"Instructure","Web","219469","17643","201826"
"Mail.com","Email","581262","102231","479031"
"Workplace By Facebook","Social Networking","17028","14886","2142"
"shopee.tw","Web","3053059","57811","2995248"
"Electronic Arts","Web","12494703","795858","11698845"
"Facebook Lite","Social Networking","591126","100697","490429"
"Kakao","Web","349140","62568","286572"
"Mediascope","Web","6601","1076","5525"
"Youtube Music","Media","17856","4464","13392"
"Appnext","Web","47785","2920","44865"
"Fox Networks","Web","8143","1720","6423"
"9GAG","File Sharing","700557","48455","652102"
"Text Me","Internet Instant Messaging","281406","90971","190435"
"AnchorFree","Tunneling and VPN","8534","2173","6361"
"Epic_games","Gaming","3541306","496336","3044970"
"IBM","Web","96060","2089","93971"
"Grammarly","Web","38080771","12911496","25169275"
"RingCentral","Business Collaboration","170350","16454","153896"
"Google News","Web","271649","36305","235344"
"PlayerUnknown's BattleGrounds","Gaming","3755068","572816","3182252"
"League of Legends","Gaming","102144154","4059080","98085074"
"TechRadar","Web","185547","2039","183508"
"Future_plc","Web","2328133","54970","2273163"
"Inskin","Web","5873","845","5028"
"Wish","Web","504747","27537","477210"
"Google Play Books","Web","128682","4845","123837"
"ProtonMail","Email","24988","3840","21148"
"MAkeMyTrip","Web","2094715","118223","1976492"
"Minecraft","Gaming","18204023","999181","17204842"
"HBO","Web","107180","2979","104201"
"iBooks","Web","525313","143702","381611"
"Tesla","Web","1043988","295400","748588"
"Google GSuite","Web","7691663","1343207","6348456"
"Codepen","Web","48384","1514","46870"
"Didi","Web","15220886","986904","14233982"
"Megaphone","Web","2082210429","13611860","2068598569"
"UDP Data Transfer protocol","File Sharing","55809","23382","32427"
"StreamCo Media","Real Time Audio/Video","13178544","663708","12514836"
"TripAdvisor","Web","5416058","225393","5190665"
"DAZN","Real Time Audio/Video","146002","12858","133144"
"PubNub","Web","78609","18806","59803"
"Unknown virtual protocol","Unclassified","67295","13685","53610"
"Unknown virtual protocol","Unclassified","2197620","109004","2088616"
"Unknown virtual protocol","Unclassified","103944","21544","82400"
"Unknown virtual protocol","Unclassified","931793","451854","479939"
"Unknown virtual protocol","Unclassified","2132587633","5582771","2127004862"
"Unknown virtual protocol","Unclassified","105665","14717","90948"
"Unknown virtual protocol","Unclassified","176015","100989","75026"
"Bumble","Web","10333289","471134","9862155"
"Acast","Real Time Audio/Video","19668369","136707","19531662"
"Raknet","Gaming","3584","1708","1876"
"Huazhu","Web","36245504","1609117","34636387"
"Mario Kart Tour","Gaming","7123722","1344279","5779443"
"Firework","Internet Instant Messaging","63096","11443","51653"
"China International Broadcasting Network (CIBN)","Web","9426905","71312","9355593"
"BAMTech","Real Time Audio/Video","22497801","11851285","10646516"
"Disney Plus","Real Time Audio/Video","2645053360","8943481","2636109879"
"Agora","Network Service","758632402","233681187","524951215"
"Toutiao","Web","1474520","75892","1398628"
"Xigua Video","Real Time Audio/Video","36611913","3244528","33367385"
"Tuchong","Web","190301","177286","13015"
"Activision-Blizzard","Web","982539","2829","979710"
"Zhenai","Web","40161","27981","12180"
"MediaLab","Web","5556289","4225711","1330578"
"Baidu Tieba","Social Networking","4608318","880312","3728006"
"StackPath","Web","477667","15230","462437"
"DoorDash","Web","8402258","444915","7957343"
"Houseparty","Real Time Audio/Video","268564","24808","243756"
"Roblox","Gaming","1000561997","82777701","917784296"
"BridTV","Real Time Audio/Video","259074","9887","249187"
"Acronis Backup","File Sharing","1418038","95751","1322287"
"Citrix","Web","8552","3300","5252"
"Microsoft Dynamics","Business Application","6357","350","6007"
"iFunny","Web","84476739","3900522","80576217"
"Amazon Alexa Assistant","Business Collaboration","125854","19230","106624"
"Hearthstone","Gaming","396625201","1968542","394656659"
"Arena of Valor","Gaming","38403783","13372587","25031196"
"Minute Media","Web","7022788","32535","6990253"
"UserReport","Web","873723","423932","449791"
" Revolut","Web","24375317","964326","23410991"
"Contentful","Web","254699115","9631834","245067281"
"Rappi","Web","28684439","644202","28040237"
"Coursera","Web","741801","438133","303668"
"The Blaze","Web","60952","1439","59513"
"Hotels.com","Web","16525","1526","14999"
"NHL.com","Web","736739","58071","678668"
"Rotten Tomattoes","Web","5269340","487200","4782140"
"Slate Magazine","Web","28758","1653","27105"
"TIME","Web","132267","4973","127294"
"TMZ","Web","5903847","65214","5838633"
"OnlyFans","Web","60520","24324","36196"
"Geforce Now","Gaming","29128","5506","23622"
"Call of Duty Mobile","Gaming","11285388","218820","11066568"
"The Walt Disney Company","Web","21351556","1700820","19650736"
"Wired","Web","61629739","218099","61411640"
"FedEx","Web","5929509","487201","5442308"
"Eventbrite","Web","9615390","87586","9527804"
"WarnerMedia","Web","65910660","4816116","61094544"
"Wargaming","Web","6170","1494","4676"
"Datadog","Web","530041","474788","55253"
"Intercom","Web","3163979","707864","2456115"
"Unknown virtual protocol","Unclassified","143895","61569","82326"
"ShoreTel","Business Collaboration","59508","23256","36252"
"RingCentralApp","Business Collaboration","9398","2295","7103"
