"Application","Category","Total Bytes","Bytes Received","Bytes Sent"
"BitTorrent","Peer to Peer","1124814","67649","1057165"
"Domain Name Service","Network Service","2179492155","1073016572","1106475583"
"Google Mail","Email","2445606729","316319936","2129286793"
"Google Search","Web","1252737853","185746957","1066990896"
"Google Maps","Web","314888062","46948929","267939133"
"HyperText Transfer Protocol","Web","1651622705","259263407","1392359298"
"HyperText Transfer Protocol Secure","Web","38564381552","2115936409","36448445143"
"Internet Control Message Protocol","Network Service","4371118901","2618780256","1752338645"
"Internet Message Access Protocol version 4","Email","113670904","41284900","72386004"
"Internet Message Access Protocol Secure","Email","23191965","3050703","20141262"
"Internet Protocol","Network Service","0","0","0"
"XMPP Protocol (Jabber)","Business Collaboration","25666005","3624041","22041964"
"McAfee Client update","Business Application","56732331","5651618","51080713"
"Real Time Protocol","Business Collaboration","3495414985","1350714054","2144700931"
"Skype and Teams","Business Collaboration","267294561","121322264","145972297"
"Simple Object Access Protocol","Network Service","1195150304","571726030","623424274"
"Secure Socket Layer","Tunneling and VPN","39320193515","3209432343","36110761172"
"Session Traversal Utilities for NAT","Business Collaboration","41546597","27186260","14360337"
"Transmission Control Protocol","Other TCP/UDP","4030805891","225296435","3805509456"
"User Datagram Protocol","Other TCP/UDP","567989539744","46663714217","521325825527"
"Wikipedia.com","Web","142193200","4489278","137703922"
"Yahoo Mail v.2.0","Email","288784911","77695898","211089013"
"Youtube.com","Media","108334893227","4913272955","103421620272"
"Facebook","Social Networking","587067412534","12648669712","574418742822"
"Google Ads","Web","5988915385","900314946","5088600439"
"Windows Live Hotmail","Email","1175630690","70207654","1105423036"
"LinkedIn","Social Networking","603868183","41238458","562629725"
"Apple Generic Services","Web","13631002747","407968017","13223034730"
"Online Certificate Status Protocol","Business Application","28865963","11202563","17663400"
"Xbox Live","Gaming","16512575","653707","15858868"
"Twitter","Social Networking","2571330253","132493727","2438836526"
"Yelp.com","Web","11704126","1125281","10578845"
"iTunes","Media","26459373111","642241626","25817131485"
"Spotify","Media","1561002285","160338407","1400663878"
"TeamViewer","Remote Desktop","64653792","42777848","21875944"
"Bing.com (formerly MSN Search)","Web","1363203131","289277438","1073925693"
"Windows Update","Web","10051579641","484263050","9567316591"
"Chrome Update","Web","594832333","18202605","576629728"
"Viber","Real Time Audio/Video","4540882991","1219455561","3321427430"
"Netflix.com","Media","43353818072","751026305","42602791767"
"Google Analytics,Google Marketing Platform","Web","715806605","121101710","594704895"
"Google GStatic","Web","5425882000","262492184","5163389816"
"Google Generic","Web","2697441476","309195252","2388246224"
"Alexa","Web","640037","70887","569150"
"Amazon Generic Services","Web","11496126259","5770136097","5725990162"
"Weather.com","Web","142642232","8672868","133969364"
"Xbox","Gaming","59700","9465","50235"
"WhatsApp Messenger","Internet Instant Messaging","63222315740","24548750425","38673565315"
"Apple App Store","Web","9739995944","211535725","9528460219"
"Windows Marketplace","Web","1609312879","90465410","1518847469"
"Apple Push Notification Service","Web","470497879","328604783","141893096"
"iOS over-the-air (OTA) update","Web","1678355703","26935857","1651419846"
"Samsung Apps","Web","863300562","48040484","815260078"
"Google Play Store","Media","4479559404","2173951433","2305607971"
"iCloud (Apple)","Storage and Backup","20164909362","6366286166","13798623196"
"Instagram","Web","159542514114","4863107389","154679406725"
"Amazon Web Services/Cloudfront CDN","Infrastructure","19862090729","6653049092","13209041637"
"Amazon Prime Video","Media","2590503292","58237324","2532265968"
"Akamai Technologies CDN","Web","71445007006","1137744687","70307262319"
"Microsoft Azure (previously Windows Azure)","Infrastructure","968527015","23147937","945379078"
"Yahoo.com","Web","1030984740","180826345","850158395"
"CloudFlare CDN","Infrastructure","11537197779","513024907","11024172872"
"Microsoft Office 365","Business Collaboration","1882387435","345508004","1536879431"
"Pinterest","Web","3431166977","128318548","3302848429"
"Microsoft Outlook (Office 365)","Business Application","1486042981","253074406","1232968575"
"Apple SIRI","Web","200431976","156096561","44335415"
"BBC","Web","67477905","3317133","64160772"
"Google Accounts","Web","563883831","309089257","254794574"
"Amazon Ad System","Web","815142015","112826315","702315700"
"Snapchat","Social Networking","12743005261","624520960","12118484301"
"AddThis","Web","132408898","11821034","120587864"
"ScorecardResearch","Web","249831435","28442099","221389336"
"Telegram","Internet Instant Messaging","4342990457","133928153","4209062304"
"Oracle","Web","16120763","4728481","11392282"
"Criteo","Web","670085741","155452382","514633359"
"Adobe","Business Application","2675954221","111089207","2564865014"
"Google Safe Browsing","Web","49018735","6509716","42509019"
"Samsung","Web","604586523","187762612","416823911"
"Crashlytics","Web","90669634","10455206","80214428"
"Twitch","Media","29083860668","439069016","28644791652"
"Facebook Messenger","Internet Instant Messaging","11893191619","5249969442","6643222177"
"InMobi","Web","136784809","60824065","75960744"
"AppsFlyer","Business Application","180833675","71476209","109357466"
"Xiaomi","Web","529939347","114981440","414957907"
"Smart AdServer","Web","275088892","109066103","166022789"
"Google Cloud Storage","Web","10926959168","9270834516","1656124652"
"Google Cloud Messaging","Web","600870439","92521186","508349253"
"Apple Location","Web","4322966589","297193413","4025773176"
"OpenX","Web","43666641","16530774","27135867"
"PubMatic","Web","1064855755","226497626","838358129"
"Index Exchange (previously Casale Media)","Web","68807871","21540002","47267869"
"LOTAME","Web","20328134","3712752","16615382"
"Rubicon Project","Web","254368048","102605417","151762631"
"CPMSTAR","Web","347527","76076","271451"
"AppNexus","Web","1157775657","764503826","393271831"
"HyperText Transfer Protocol version 2","Web","12855439690","702466316","12152973374"
"Google Tag Manager","Web","486635873","34633152","452002721"
"Adjust.com","Web","42896624","17831571","25065053"
"Urbanairship","Web","5307941","1678343","3629598"
"Outbrain","Web","321061714","88376315","232685399"
"Unruly","Web","16685328","7352773","9332555"
"Applovin","Web","2865704809","728154784","2137550025"
"Android connectivity Manager","Network Service","39809574","19940531","19869043"
"Moat","Web","214883026","55094956","159788070"
"Microsoft Office OneNote (Office 365)","Business Application","3946887","400173","3546714"
"Branch Metrics","Web","199562956","23142346","176420610"
"Optimizely","Web","26435132","3812479","22622653"
"Taboola","Web","867873351","111171649","756701702"
"Smaato","Web","30605749","9942643","20663106"
"MediaMath","Web","16028896","6169558","9859338"
"jQuery","Web","25958097","1486328","24471769"
"TubeMogul","Web","1264378","291394","972984"
"Microsoft OneDrive","Web","452209566","30489352","421720214"
"Microsoft","Web","3790596708","1083630141","2706966567"
"Umeng","Web","444663","228347","216316"
"New Relic","Web","79483385","40410127","39073258"
"Uber (formerly UberCab)","Web","211973127","44737595","167235532"
"Teads","Web","31115719","5795239","25320480"
"Adform","Web","99823995","37528100","62295895"
"Firebase Cloud Messaging","Web","1768155534","1182155206","586000328"
"IMO Video Calling Application","Media","509289136","225428228","283860908"
"Bidswitch","Web","56388615","21960691","34427924"
"Prothom Alo","Web","64177310","2338354","61838956"
"Sharethrough","Web","84894836","28200053","56694783"
"AdColony","Web","88668760","20142155","68526605"
"MGID","Web","39182074","1939061","37243013"
"Google Cloud Platform","Web","90034887","19266053","70768834"
"Microsoft teams","Internet Instant Messaging","341632950","58473715","283159235"
"Tenor","Web","151071863","8188792","142883071"
"Cisco","Web","18650335","4763720","13886615"
"Simpli.fi","Web","5411400","1326522","4084878"
"ByteDance","Web","1519044084","379865204","1139178880"
"TikTok (Musical.ly)","Social Networking","192522776357","6860170960","185662605397"
"ProtonMail","Email","1016983","74865","942118"
"Google APIs","Web","10393215167","5482607942","4910607225"
"Amazon Cognito","Web","30577370","9969886","20607484"
"Unknown virtual protocol","Unclassified","7709504592","171807082","7537697510"
"Unknown virtual protocol","Unclassified","378778587","172995119","205783468"
"Google Messages","Internet Instant Messaging","105163977","43584539","61579438"
"Likee","Internet Instant Messaging","213547974","38301656","175246318"
"Contentful","Web","744211564","34383900","709827664"
"NHL.com","Web","11410770","627650","10783120"
"Digicert","Web","28635783","4396848","24238935"
"Font Awesome","Web","20886328","1574613","19311715"
"Intercom","Web","367382716","148568571","218814145"
"SD-WAN Control","SD-WAN","27010700900","14754068377","12256632523"
"SD-WAN Management","SD-WAN","264573679","127758574","136815105"
"TencentMeeting","Business Collaboration","331539494","77792565","253746929"
"Dailymotion.com","Media","3426483871","103675650","3322808221"
"eBay.com","Web","163708144","15241759","148466385"
"Internet Security Association and Key Management Protocol","Tunneling and VPN","684423321","245539612","438883709"
"Network Time Protocol","Network Service","1638368","910084","728284"
"ShoutCast","Media","288208910","3452986","284755924"
"Session Initiation Protocol","Business Application","3451237","1184496","2266741"
"Simple Mail Transfer Protocol","Email","67640","26790","40850"
"Wireless Transaction Protocol","Network Service","2634284","1134732","1499552"
"Yahoo Search","Web","5865669","455027","5410642"
"Secure AIM","Internet Instant Messaging","970810","230472","740338"
"Expedia.fr","Web","12324726","4118997","8205729"
"WordPress.com","Social Networking","79854548","2557717","77296831"
"Foursquare.com","Web","1983708","538668","1445040"
"Odnoklassniki.ru","Social Networking","47278788","356480","46922308"
"Yandex.ru","Web","23293570","9186166","14107404"
"Baidu.com","Web","26733282","4191974","22541308"
"Opera Update","Web","6057957","2048456","4009501"
"BitDefender Update","Web","5448700","2121050","3327650"
"Tango Video Calls","Real Time Audio/Video","126866","29413","97453"
"Salesforce","Business Application","18867973","5720975","13146998"
"Portal.TidalTV.com","Web","2682193","768385","1913808"
"YouKu","Media","1555543","1453088","102455"
"GoToMeeting Online Meeting","Business Collaboration","125814","47052","78762"
"AccuWeather","Web","17207262","1849329","15357933"
"Adobe Acrobat DC (Document Cloud)","Web","5308127","154830","5153297"
"ATT.com (AT&T)","Web","9359209","2989762","6369447"
"Blogger","Web","5902679","350558","5552121"
"Comcast","Web","92162003","2470310","89691693"
"Fox News","Web","6757145","663177","6093968"
"FoxSports.com","Web","4591","468","4123"
"Monster.com","Web","5660167","1259616","4400551"
"Mozilla.com - Mozilla.org","Web","47638513","19331229","28307284"
"NBA.com","Web","4723840","227480","4496360"
"TF1.fr","Web","223242400","1860292","221382108"
"Vimeo","Web","272383754","15547085","256836669"
"Sina Weibo","Web","534378","148205","386173"
"Taobao","Web","17765746","6363631","11402115"
"Line","Internet Instant Messaging","105730796","41047855","64682941"
"Shazam","Web","2326029","146787","2179242"
"QQ.com","Web","377393474","12387594","365005880"
"Sohu.com","Web","458964","114978","343986"
"Alibaba.com","Web","32448375","1586644","30861731"
"Zynga.com","Gaming","3448151","1282622","2165529"
"Limelight Networks CDN","Web","6391801785","151167168","6240634617"
"Rakuten.co.jp","Web","10911191","1943368","8967823"
"Tencent.com","Internet Instant Messaging","1746596","345829","1400767"
"Google Talk (incl. Hangouts and Allo and Duo)","Real Time Audio/Video","475659283","261935879","213723404"
"Zoho Corporation","Business Application","35260212","18670825","16589387"
"Nokia Here API","Web","32778514","1407906","31370608"
"Microsoft SharePoint Online (Office 365)","Business Application","47281547","17079248","30202299"
"Speedtest","File Sharing","206808606","25797784","181010822"
"ESPN.go.com","Web","30706292","2151131","28555161"
"Reddit.com","Web","1687081928","29631576","1657450352"
"Imgur.com","Storage and Backup","132368811","2804516","129564295"
"Google Documents (aka Google Drive)","Storage and Backup","91002456","32614662","58387794"
"Apple Maps","Web","3761959","199112","3562847"
"Bet365.com","Web","1327341","203858","1123483"
"Paypal.com","Web","49250826","13798930","35451896"
"Kooora.com","Web","2500131","571792","1928339"
"Kijiji.ca","Web","181341121","24422879","156918242"
"Internet Small Computer Systems Interface","Network Service","640","230","410"
"20minutes","Web","68050314","1027466","67022848"
"AliExpress.com","Web","70217351","1656151","68561200"
"Wp.pl","Web","464915","214449","250466"
"Aol","Web","15443996","4307959","11136037"
"Turn","Web","10903425","2995060","7908365"
"Quantcast","Web","774665947","19626667","755039280"
"Symantec","Web","754129","201705","552424"
"Bitstrips","Social Networking","218670495","7957824","210712671"
"TRUSTe","Web","50786472","4231891","46554581"
"Zendesk","Business Collaboration","18163449","1020092","17143357"
"Inneractive","Web","135377926","86732478","48645448"
"Flurry","Business Application","60168307","20097160","40071147"
"Brightcove","Media","79921843","2602974","77318869"
"BoldChat Live Chat","Internet Instant Messaging","2291038","802721","1488317"
"Gravatar","Business Collaboration","6816077","1590941","5225136"
"FreeWheel","Web","8909790","4121557","4788233"
"Nielsen","Web","10387805","2150208","8237597"
"Stickyads","Web","1378184800","100156154","1278028646"
"Mixpanel","Web","104493689","81944382","22549307"
"Cedexis","Web","29224574","4881486","24343088"
"Lazada","Web","1340420","42629","1297791"
"Gettyimages","Web","10992268","456467","10535801"
"Google Calendar","Web","36746927","8900355","27846572"
"Flipboard","Web","33737064","2780746","30956318"
"I2P Invisible Internet Project","Tunneling and VPN","127726","14412","113314"
"ADTECH","Web","3259653","542635","2717018"
"Sizmek (previously MediaMind)","Web","4455429020","121049890","4334379130"
"AOL One","Web","3059722","507287","2552435"
"Rlcdn","Web","21099308","3746375","17352933"
"Realestate","Web","521103","95139","425964"
"Advertising.com","Web","3937478","1203281","2734197"
"Facebook Embedded Video","Media","59258784175","934972167","58323812008"
"Bizographics","Web","6113","1117","4996"
"Ad Safe Protected","Web","598864902","48038901","550826001"
"Helpshift","Web","987933","228434","759499"
"Scotiabank","Web","148077048","30929991","117147057"
"Atlas Solutions","Web","580221","176446","403775"
"BootstrapCDN","Web","13392761","1181742","12211019"
"Apple Music","Media","2263171365","35387925","2227783440"
"CBS Video","Web","7495448","526203","6969245"
"LogMeIn","Remote Desktop","23763","4063","19700"
"Fastly","Web","5649719","640405","5009314"
"Disney Channel","Web","6848123","218169","6629954"
"Rogers TV","Web","184983074","16913712","168069362"
"UpLynk","Web","400445","89144","311301"
"Localytics","Web","10720272","2063943","8656329"
"MoPub","Web","4566678","2836135","1730543"
"Krux","Web","34993851","3678046","31315805"
"Heap","Web","90965769","51314235","39651534"
"Olark","Web","1996927","107939","1888988"
"Liveperson","Web","21924493","1507636","20416857"
"Mapbox","Web","12914382","658482","12255900"
"Rollout","Web","10825368","3514633","7310735"
"Rackspace","Web","1842606636","159543055","1683063581"
"Signal","Web","1075824","153452","922372"
"LiveChat","Web","15497303","1274632","14222671"
"Ensighten","Web","9488371","1382533","8105838"
"Verizon","Web","34566555","22286440","12280115"
"LKQD","Web","36952734","18209854","18742880"
"Lookout Mobile Security","Business Application","7515836","175667","7340169"
"Everest Technologies","Web","31880197","10313134","21567063"
"SpotXchange","Web","13878124","5417740","8460384"
"Revcontent","Web","20438683","3103405","17335278"
"Liftoff","Web","8349440","3309406","5040034"
"Slack","Web","5382343","1454456","3927887"
"Younow","Web","249060127","126412048","122648079"
"Conversant","Web","12218420","3745532","8472888"
"Bazaarvoice","Web","12578192","1087742","11490450"
"Clicktale","Web","21372906","7969004","13403902"
"hotjar","Web","47787532","15805066","31982466"
"ZoomMeetings","Business Collaboration","3004742957","168507161","2836235796"
"Weborama","Web","742338","187125","555213"
"HyperText Transfer Protocol proxy","Network Service","2016451","516028","1500423"
"Highwinds","Web","21057856","720474","20337382"
"Wix","Web","64186916","8156971","56029945"
"Tinder","Web","452615636","21246026","431369610"
"GIPHY","Web","693755568","14116596","679638972"
"Heroku","Web","716964","204398","512566"
"Cheetah Mobile","Web","292039","62393","229646"
"Signal Private Messenger (Open Whisper Systems)","Internet Instant Messaging","61487083","21416464","40070619"
"StreamRail","Media","2952199","679967","2272232"
"Bugsnag","Web","3505546","1413229","2092317"
"Apple Game Center","Gaming","13701824","2568083","11133741"
"ADventori","Web","420925","114985","305940"
"Tealium","Web","21767545","5373696","16393849"
"Flashtalking","Web","52496235","4006495","48489740"
"Yieldmo","Web","33514295","5055653","28458642"
"Samsung Update","Web","27581891101","567342350","27014548751"
"Huawei","Web","30655349","12092420","18562929"
"ULP","Network Service","2758013","123952","2634061"
"MaxCDN","Web","908099","160769","747330"
"DoubleVerify","Web","119714370","21470426","98243944"
"Media Innovation Group","Web","3703976","1037043","2666933"
"Booking.com","Web","132193012","15947818","116245194"
"Walmart","Web","2119606","1544367","575239"
"Avast","Web","105696172","5844631","99851541"
"Okta","Web","100936528","13466633","87469895"
"PulsePoint","Web","13804107","5079821","8724286"
"eXelate","Web","3968455","1122852","2845603"
"Sonobi","Web","12508725","4806219","7702506"
"Cloudinary","Web","31149771","727456","30422315"
"Google Secure User Plane Location","Web","55024242","13599956","41424286"
"Amplitude","Web","622343756","577254611","45089145"
"Facebook Lite","Social Networking","70954221","10931736","60022485"
"UC Browser","Web","4362290","2298247","2064043"
"Data Saver","Web","15389347","1250425","14138922"
"Adtelligent","Web","30797017","14414883","16382134"
"Youtube Music","Media","73938571","7581153","66357418"
"Akamai Video","Media","281043660","5124674","275918986"
"Appnext","Web","3462638","290420","3172218"
"IronSource","Business Application","346086595","25768924","320317671"
"Disqus","Web","75944880","5681223","70263657"
"Grammarly","Web","50471294","20306913","30164381"
"Alibaba Group","Web","1414498","211874","1202624"
"Alibaba Cloud","Web","76191026","12678344","63512682"
"Discord","Internet Instant Messaging","132920488","7083184","125837304"
"Google Play Books","Web","1173021","104760","1068261"
"Prezi","Web","135744","7792","127952"
"Apple News","Web","426755525","15880657","410874868"
"Google GSuite","Web","1036844","125231","911613"
"Vungle","Web","510785111","24720876","486064235"
"OpenSignal","Web","1049801","989956","59845"
"Megaphone","Web","276022937","2715286","273307651"
"TripAdvisor","Web","35960091","2679690","33280401"
"Unknown virtual protocol","Unclassified","8377946","422682","7955264"
"Unknown virtual protocol","Unclassified","55905373","8660790","47244583"
"Google Pay","Web","16551859","3707667","12844192"
"Qwant","Web","2134248","102346","2031902"
"Firework","Internet Instant Messaging","1780895","260889","1520006"
"JWPLAYER","Web","679480406","9692404","669788002"
"Bigo","Web","41111368","2661263","38450105"
"BAMTech","Real Time Audio/Video","28450619","12293395","16157224"
"Disney Plus","Real Time Audio/Video","4304106235","76507359","4227598876"
"Quora","Social Networking","12718090","922708","11795382"
"Rockstar Games","Gaming","79722","18848","60874"
"Wangwang","Internet Instant Messaging","685802","279427","406375"
"Shopify","Web","141540493","3770052","137770441"
"DoorDash","Web","118576426","5884642","112691784"
"Acronis Backup","File Sharing","3408237","409733","2998504"
"Amber Weather","Web","817098","356553","460545"
"adRise","Real Time Audio/Video","4840244","566522","4273722"
"Tubi TV","Real Time Audio/Video","7352879218","62963770","7289915448"
"KOCHAVA","Web","3088527","831142","2257385"
"Sift Science","Web","1341298","381408","959890"
"Amazon Alexa Assistant","Business Collaboration","145322","39331","105991"
"Spotify Audio","Real Time Audio/Video","11602748073","139147712","11463600361"
"Connatix","Real Time Audio/Video","2089691520","77084008","2012607512"
"UserReport","Web","6077981","1411037","4666944"
"Go Daddy","Web","27928389","4716648","23211741"
"Hotels.com","Web","18243316","3144610","15098706"
"Priceline.com","Web","18736415","3203972","15532443"
"TMZ","Web","2307538","58369","2249169"
"Kayak","Web","68581791","2375219","66206572"
"Datadog","Web","1989979","1584378","405601"
"Gnutella","Peer to Peer","58180","0","58180"
"Google Earth","Web","11919958","275518","11644440"
"IPsec (AH and ESP)","Tunneling and VPN","46380","19572","26808"
"Lighweight Directory Access Protocol Secure","Authentication","124132","41112","83020"
"PalTalk","Internet Instant Messaging","9118","3129","5989"
"Post Office Protocol (Version 3)","Email","302908","6031","296877"
"Secure POP3","Email","12245","3170","9075"
"QQ","Internet Instant Messaging","118039","75197","42842"
"Real Time Control Protocol","Business Collaboration","1107309","472321","634988"
"Real Time Streaming Protocol","Media","1486320","691692","794628"
"SOCKet Secure v5","Tunneling and VPN","12914","7117","5797"
"MPEG-Transport Stream","Real Time Audio/Video","1649522877","11645412","1637877465"
"Orange webmail","Email","58538","8784","49754"
"Ask.com","Web","227920","13540","214380"
"Tagged.com","Social Networking","10230","1502","8728"
"Travelocity.com","Web","48575","7445","41130"
"Flickr","Social Networking","1065995","87259","978736"
"RuneScape","Gaming","17815","2147","15668"
"Deezer","Web","347541724","7012057","340529667"
"Mail.ru Webmail","Email","384356","67398","316958"
"Real Time Messaging Protocol","Network Service","6856","3435","3421"
"Steampowered.com","Gaming","224946","29037","195909"
"Badoo.com","Internet Instant Messaging","18635409","3217450","15417959"
"Care2.com","Web","1242722","58174","1184548"
"Classmates","Social Networking","257086","9104","247982"
"DeviantArt.com","Web","263509","29304","234205"
"FilmAffinity.com","Web","24292","1267","23025"
"Flixster.com","Web","1860447","53604","1806843"
"Goodreads.com","Web","3973258","224537","3748721"
"Italki.com","Web","166585","42902","123683"
"Last.fm","Media","7171861","134131","7037730"
"LiveJournal.com","Social Networking","48296","3156","45140"
"Meetup","Web","13853","3490","10363"
"MyAnimeList.net","Web","56708","2051","54657"
"ResearchGATE.net","Web","355624","20940","334684"
"Tumblr","Social Networking","42093482","1555213","40538269"
"Vk.com (Vkontakte)","Social Networking","2391357","97255","2294102"
"Vox.com","Web","6607","1253","5354"
"Yammer.com","Business Application","70428","3975","66453"
"T.38","Network Service","89606","38226","51380"
"Adobe Flash Plugin Update","Web","8143","1100","7043"
"Firefox Update","Web","58619201","705799","57913402"
"Java Update","Web","111304","4205","107099"
"Apple Update","Web","1275346","30404","1244942"
"Archive.org","Web","1090389","25675","1064714"
"Debian/Ubuntu Update","Web","2216","764","1452"
"icecast","Media","75323758","2561547","72762211"
"Playstation Network","Gaming","28481","5680","22801"
"Avira Update","Web","13422793","214808","13207985"
"Garena","Web","12829293","878323","11950970"
"Microsoft SharePoint","Business Application","1574996","58529","1516467"
"Dropbox","Storage and Backup","201103470","10259685","190843785"
"EarthCam.com","Web","116270702","2587178","113683524"
"Google Translate","Web","62088842","28683403","33405439"
"iHeartRADIO","Media","16481703","1888844","14592859"
"MediaFire.com","File Sharing","40244124","674778","39569346"
"Psiphon","Web","2129419","1363954","765465"
"WebEx","Business Collaboration","2462558","850664","1611894"
"Bloomberg.com","Web","2204184","44126","2160058"
"Adobe Connect","Real Time Audio/Video","50295339","4483176","45812163"
"BlackBerry.com","Web","15660","14667","993"
"01net.com","Web","452483","20940","431543"
"Acer","Web","69752","14004","55748"
"AlJazeera.net","Web","4427696","316251","4111445"
"AmericanExpress","Web","5323839","1685490","3638349"
"Capital One","Web","9030291","491630","8538661"
"Cnet.com","Web","2014781","64587","1950194"
"CNN (Cable News Network)","Web","38171176","5170039","33001137"
"Daily Mail","Web","25767672","4504938","21262734"
"Daum.net","Web","317707","24524","293183"
"HowStuffWorks.com","Web","5627","1702","3925"
"IKEA.com","Web","50781944","1588813","49193131"
"Intuit.com","Business Application","16449119","2472197","13976922"
"Kaspersky.com","Web","16867","6604","10263"
"LeBonCoin.fr","Web","42257","1844","40413"
"LiveInternet.ru","Web","8680","1500","7180"
"Mashable.com","Web","61841","1167","60674"
"MTV","Web","849933","79250","770683"
"NASA.gov","Web","7556429","123457","7432972"
"NationalGeographic.com","Web","582256","13401","568855"
"Naver Corporation (formerly NHN Corporation)","Web","7639176","619315","7019861"
"National Football League (NFL.com)","Web","7598966","536593","7062373"
"Nike.com","Web","51592225","4909118","46683107"
"NYTimes.com","Web","59622137","1022948","58599189"
"PlayStation.com","Web","54444012","3721440","50722572"
"Redtube","Web","2375069","69480","2305589"
"Reuters.com","Web","5294219","108881","5185338"
"Reverso.net","Web","2594302","65050","2529252"
"Sky","Web","269550","67216","202334"
"SlideShare","Web","25600","972","24628"
"Sports Illustrated","Web","206494","4025","202469"
"Sprint.com","Web","30910436","476581","30433855"
"SurveyMonkey.com","Web","439427","61820","377607"
"Univision.com","Web","39982","6782","33200"
"WashingtonPost.com","Web","1262338","53396","1208942"
"XNXX","Web","13167","3220","9947"
"Youdao.com","Web","737589","59735","677854"
"Youporn","Web","378876","89711","289165"
"Sina.com.cn","Internet Instant Messaging","1507","561","946"
"QQ WeiBo","Web","89960","36741","53219"
"Google App Engine","Business Application","12498386","8296076","4202310"
"GMX webmail","Email","999735","197276","802459"
"Apple FaceTime","Real Time Audio/Video","11829046109","4937950261","6891095848"
"Google Plus","Web","25894","5484","20410"
"Scribd.com","Web","60948","3176","57772"
"Hulu","Media","14406","7734","6672"
"SoundCloud","Media","474240631","20573148","453667483"
"KakaoTalk","Internet Instant Messaging","19575","7406","12169"
"Ultrasurf","Anonymizers and Proxies","8640","8640","0"
"163.com","Web","33893","12980","20913"
"Ifeng.com","Web","31324","23906","7418"
"Alipay","Web","694409","127077","567332"
"360.cn","Web","131086","116118","14968"
"51.la","Web","157426","71088","86338"
"Datagram Transport Layer Security","Tunneling and VPN","31310219","2870870","28439349"
"ISO Base Media File Format","Real Time Audio/Video","750168715","16198960","733969755"
"WeChat","Internet Instant Messaging","1358665509","32162980","1326502529"
"MiTalk Messenger (Miliao)","Internet Instant Messaging","2247466","263313","1984153"
"FC2.com","Social Networking","14971960","342493","14629467"
"Ctrip.com","Web","808319","58752","749567"
"Duowan.com","Gaming","13177","3599","9578"
"QQ Games","Gaming","1164669","768779","395890"
"QQ Mail","Email","424641","109361","315280"
"Pornhub","Web","764864","110997","653867"
"MeetMe.com","Social Networking","1933229","135090","1798139"
"MapQuest.com","Web","1085598","78575","1007023"
"BuzzFeed.com","Web","429694","32255","397439"
"Internet Movie Database","Web","18536975","354350","18182625"
"ImageShack","File Sharing","218173","4003","214170"
"Evernote","Web","1313466","568390","745076"
"WebSocket","Network Service","221275","131915","89360"
"Issuu.com","Web","226499","4133","222366"
"LastPass.com","Web","978017","299679","678338"
"Mendeley.com","File Sharing","1736","639","1097"
"Microsoft Skype for Business (formerly Microsoft Lync)","Business Collaboration","114659","65622","49037"
"Saavn Bollywood Music","Media","989184","48055","941129"
"touch","Internet Instant Messaging","145276","50250","95026"
"Orange.com","Web","32783","27765","5018"
"AVG.com","Web","20775","3192","17583"
"Softonic.com","Web","24602","2964","21638"
"CommentCaMarche.net","Web","10940","4282","6658"
"ElPais.com","Web","494427","31606","462821"
"Marca.com","Web","1789156","374711","1414445"
"MercadoLibre (aka MercadoLivre)","Web","280957","71962","208995"
"ESPNCricinfo.com","Web","5085863","182972","4902891"
"Goal.com","Web","12576","3340","9236"
"Apple HTTP Live Streaming","Real Time Audio/Video","274426609","7921549","266505060"
"Free","Web","3644604","123185","3521419"
"24h.com.vn","Web","8703752","376998","8326754"
"Banglanews24.com","Web","1015711","34051","981660"
"Bdnews24.com","Web","31360","2129","29231"
"craigslist","Web","9027649","900020","8127629"
"Dantri.com.vn","Web","7357972","540702","6817270"
"DBS Bank (dbs.com.sg)","Web","63271","21061","42210"
"Echoroukonline.com","Web","97715","6091","91624"
"Gazeta.pl","Web","22969","7022","15947"
"Hespress.com","Web","15614","672","14942"
"Hurriyet.com.tr","Web","3964966","123371","3841595"
"Indiatimes","Web","6860317","496191","6364126"
"Interia.pl","Web","136833","51247","85586"
"Lotterypost.com","Web","2403","492","1911"
"Ouedkniss.com","Web","12101530","649185","11452345"
"Sahibinden.com","Web","142170","35652","106518"
"Seznam.cz","Web","65430","2842","62588"
"Varzesh3.com","Web","163537","14715","148822"
"Hotspot Shield","Tunneling and VPN","230202463918","16190190308","214012273610"
"Conviva","Infrastructure","3200806","2019232","1181574"
"Blick.ch","Web","147232","3933","143299"
"Eldeber","Web","4330448","144241","4186207"
"Newsit.gr","Web","1095567","61117","1034450"
"Rt.com","Web","48345107","1434301","46910806"
"Seneweb.com","Web","5510581","308519","5202062"
"UOL.com.br","Web","456795","74255","382540"
"Ask.fm","Social Networking","124516","3584","120932"
"Flipkart.com","Web","181254","44841","136413"
"Milliyet.com.tr","Web","98902","35394","63508"
"News24.com","Web","278884","16035","262849"
"Onet.pl","Web","351121","21997","329124"
"Skroutz.gr","Web","6187","965","5222"
"VnExpress.net","Web","357165","51797","305368"
"Perfect Dark","Peer to Peer","22642","1328","21314"
"Over-blog","Web","299003","5367","293636"
"Eltiempo","Web","222767","10429","212338"
"Gazzetta","Web","1395928","43913","1352015"
"Arabiaweather","Web","47077","8286","38791"
"Fox Business Network","Web","61941","11101","50840"
"News","Web","1131957","54501","1077456"
"Sigmalive","Web","6088847","107184","5981663"
"Gameloft Games","Gaming","509033084","11085637","497947447"
"Yadro","Web","44513","19906","24607"
"uTorrent","Peer to Peer","4666","2808","1858"
"Rovio Entertainment","Gaming","4901524","431867","4469657"
"Candy Crush Saga","Gaming","4833925","2189290","2644635"
"King Digital Entertainment","Gaming","11437018","7006432","4430586"
"Waze Social GPS Maps & Traffic","Web","81653288","4390627","77262661"
"Huffington Post","Web","169518","5816","163702"
"OpenStreetMap","Infrastructure","2834088","137406","2696682"
"Videoplaza","Web","96275","14788","81487"
"Traffic Factory","Business Application","8037","1176","6861"
"Plenty Of Fish","Web","2019252","183855","1835397"
"Turner","Web","5985759","341197","5644562"
"zalo","Internet Instant Messaging","596093","61745","534348"
"Hihi2","Web","6841159","100831","6740328"
"battlenet","Gaming","7799","1837","5962"
"Elwatannews","Web","438932","13849","425083"
"Protothema","Web","3080042","225796","2854246"
"AAJTAK","Web","308361","33764","274597"
"Zougla","Web","4956514","124801","4831713"
"Amazon Cloud Drive","Web","7973916","7709948","263968"
"Jumia","Web","1492008","29170","1462838"
"Point","Web","43486","5338","38148"
"Theladbible","Web","79695","2302","77393"
"Traffic Junky","Web","4923757","253693","4670064"
"quic","Network Service","129346071","1273243","128072828"
"SBS","Media","1546971","59052","1487919"
"Constant Contact","Web","21519","10868","10651"
"GitHub","Web","1314644","107655","1206989"
"Sabah","Web","493984","34316","459668"
"Skynewsarabia","Web","50902646","776201","50126445"
"Atlassian","Web","212981","154158","58823"
"Pastebin","Web","6970","1910","5060"
"Internet.org","Web","281043","92895","188148"
"My.com","Web","5460252","199438","5260814"
"Aptoide","Web","140156823","1324911","138831912"
"Yallakora","Web","10063","1353","8710"
"Diply","Web","15593","1736","13857"
"Winamax","Web","19426","1627","17799"
"NBC","Web","11062486","427775","10634711"
"Microsoft Translator (Bing Translator)","Web","270539","121649","148890"
"Sekindo","Web","7129","787","6342"
"Perform","Web","3476264","93593","3382671"
"Periscope","Media","4716978772","73942586","4643036186"
"Microsoft Sway (Office 365)","Business Application","8632","1152","7480"
"Zopim","Web","2721112","462007","2259105"
"Microsoft Excel Online (Office 365)","Web","23832520","6407960","17424560"
"Glympse","Web","5820","1066","4754"
"Riffsy (Tenor.co)","Web","1581952","190386","1391566"
"Tune","Web","124806","31441","93365"
"Braintree","Web","344037","114427","229610"
"Senego","Web","18927861","274222","18653639"
"Bleacher Report","Web","7532853","349396","7183457"
"Elbotola","Web","478353","40116","438237"
"Kalerkantho","Web","17309898","599901","16709997"
"Hola Web Proxy","Web","55387","1109","54278"
"funCaptcha","Web","34760","10215","24545"
"MobFox","Web","132700","29379","103321"
"Yandex Maps","Web","571600","27839","543761"
"Google Photos (formerly Google Picasa)","Web","146107403","110403737","35703666"
"Baidu Maps","Web","297902","84330","213572"
"QQVideo","Web","1937221","44013","1893208"
"ICY (I Can Yell)","Media","33642471","1201148","32441323"
"MQ Telemetry Transport","Network Service","15087","7898","7189"
"Adk2","Web","1003450","28609","974841"
"Pokemon GO","Gaming","3301698","1667540","1634158"
"CDNetworks","Infrastructure","10972571","108249","10864322"
"Uptobox","Web","1304062","30524","1273538"
"Innovid","Web","390945831","19109888","371835943"
"StackExchange","Web","2158003","71175","2086828"
"StackOverflow","Web","645794","16449","629345"
"Eskimi","Web","3152206","222207","2929999"
"Qatarairways","Web","19637307","2018045","17619262"
"Shutterstock","Web","35649","7119","28530"
"SolarWinds","Web","40267","23885","16382"
"Ubuntu","Web","789017","19472","769545"
"Clash of Clans","Gaming","121188559","2906532","118282027"
"Supercell","Gaming","17570401","287845","17282556"
"Amazon Music","Media","764843","208234","556609"
"Facebook Live","Media","334107","326139","7968"
"Radiumone","Web","10805","3608","7197"
"Microsoft Word Online (Office 365)","Business Collaboration","32060222","5035227","27024995"
"Tidal","Media","88368705","985138","87383567"
"Vidyard","Web","1227475","52960","1174515"
"Nintendo","Gaming","4702295","187718","4514577"
"Daraz","Web","1076","370","706"
"OpenRTB","Web","121768","95925","25843"
"Audible","Real Time Audio/Video","876412","71981","804431"
"BancoEstado","Web","33635522","1960889","31674633"
"Dnevnik","Web","9176","2882","6294"
"Alayam24","Web","3301","849","2452"
"Yandex Disk","Web","315719","13524","302195"
"AnyDesk","Remote Desktop","169070","69287","99783"
"Livescore","Web","778125","80764","697361"
"Savefrom","Web","795312","61998","733314"
"Google Chrome Remote Desktop","Web","586874","136784","450090"
"Lynda.com","Web","1452344","18418","1433926"
"Zhihu","Web","2325747","76504","2249243"
"DocuSign","Web","4576400","48089","4528311"
"Automatic Data Processing (ADP)","Web","59909143","2516172","57392971"
"WeTransfer","Web","13788495","681295","13107200"
"Autodesk Fusion 360","Tunneling and VPN","3301794","163151","3138643"
"Le360","Web","9383130","571230","8811900"
"Optus","Web","986427","51223","935204"
"Gfycat","Web","11243077","77750","11165327"
"T-Mobile","Web","61881","17781","44100"
"Kahoot!","Web","14645","1461","13184"
"Sportradar","Web","1315710","65187","1250523"
"Pornhub NETWORK","Web","9596949","299542","9297407"
"Niantic, Inc","Web","175693","44937","130756"
"Meitu","Web","42763","5210","37553"
"Snow","Internet Instant Messaging","330006","26218","303788"
"Clash Royale","Gaming","26701902","672272","26029630"
"Origin","Web","29898","5726","24172"
"Instructure","Web","547707","24282","523425"
"Mail.com","Email","28783","8008","20775"
"United Internet","Web","350515","99267","251248"
"Electronic Arts","Web","352525556","18028835","334496721"
"Apache Thrift","Network Service","3982","3498","484"
"streamRoot","Web","603606","22392","581214"
"Kakao","Web","24730","5609","19121"
"Digioh","Web","1493158","59163","1433995"
"Apptimize","Web","99969","26674","73295"
"Mediascope","Web","134991","32436","102555"
"Opera turbo","Network Service","5797","2105","3692"
"Oracle Entreprise Manager","Business Application","14487","5964","8523"
"Splunk Cloud","Storage and Backup","22547","8743","13804"
"Fox Networks","Web","234603","11710","222893"
"9GAG","File Sharing","22089","7332","14757"
"Text Me","Internet Instant Messaging","94900173","29525294","65374879"
"textPlus","Internet Instant Messaging","1215652","581987","633665"
"Epic_games","Gaming","186662","55164","131498"
"Unreal_engine","Gaming","7767493","3404567","4362926"
"IBM","Web","104190","4857","99333"
"Spring Tech VPN","Tunneling and VPN","250714954","21653452","229061502"
"Ubisoft","Gaming","162809","49370","113439"
"Barracuda Networks","Web","6747","1322","5425"
"RingCentral","Business Collaboration","180145","14710","165435"
"Google News","Web","317173","24761","292412"
"PlayerUnknown's BattleGrounds","Gaming","4491951","220262","4271689"
"Visual IQ","Web","711716","206434","505282"
"Google One","Web","111025","9024","102001"
"CyberGhost","Tunneling and VPN","43208","9664","33544"
"Mobile Legends","Gaming","84089394","34666584","49422810"
"ExpressVPN","Tunneling and VPN","889855","146564","743291"
"Redis","Business Application","5710","1891","3819"
"Future_plc","Web","16413926","645914","15768012"
"Inskin","Web","158712","21220","137492"
"Wish","Web","13337764","1328591","12009173"
"MAkeMyTrip","Web","177497","15239","162258"
"Minecraft","Gaming","33171","19757","13414"
"HBO","Web","93050","37079","55971"
"Opera VPN","Tunneling and VPN","1092248","519784","572464"
"iBooks","Web","34570","10338","24232"
"Fandom","Web","16866680","589358","16277322"
"Tesla","Web","94121","16734","77387"
"W3Schools","Web","8347","1903","6444"
"Codepen","Web","10380","1605","8775"
"Didi","Web","192812","57425","135387"
"Moodle","Social Networking","28796","3741","25055"
"DAZN","Real Time Audio/Video","28926008","1167400","27758608"
"PubNub","Web","956674","306142","650532"
"Unknown virtual protocol","Unclassified","2920091","34827","2885264"
"Gaana","Real Time Audio/Video","3346537","312103","3034434"
"Unknown virtual protocol","Unclassified","709714","39721","669993"
"Unknown virtual protocol","Unclassified","65648","13501","52147"
"Unknown virtual protocol","Unclassified","7966344","481513","7484831"
"NetEase","Web","1173111","222893","950218"
"Unknown virtual protocol","Unclassified","18268","5904","12364"
"Unknown virtual protocol","Unclassified","221532","14065","207467"
"Unknown virtual protocol","Unclassified","36044","5497","30547"
"Unknown virtual protocol","Unclassified","9514632","7215515","2299117"
"Unknown virtual protocol","Unclassified","833020","493654","339366"
"Unknown virtual protocol","Unclassified","7020894","252327","6768567"
"Eurosport","Web","288402","6362","282040"
"Bumble","Web","7215561","698423","6517138"
"National Public Radio","Web","12334808","351152","11983656"
"Acast","Real Time Audio/Video","209062643","1515710","207546933"
"Talkatone","Internet Instant Messaging","4616669","1588946","3027723"
"Wireguard","Tunneling and VPN","477737931","207682747","270055184"
"Apple TV Plus","Real Time Audio/Video","2123307924","16908234","2106399690"
"Engage Digital","Network Service","1246278","300694","945584"
"Toutiao","Web","33722","3592","30130"
"Tuchong","Web","1502253","1404653","97600"
"Airbnb","Web","25594197","1135205","24458992"
"Activision-Blizzard","Web","6380858","186119","6194739"
"MediaLab","Web","126243","14483","111760"
"Advanced Hosting","Web","3041971","56266","2985705"
"Workday","Business Application","14388821","554364","13834457"
"LocationIQ","Web","6462","1500","4962"
"StackPath","Web","93686432","1534637","92151795"
"Uber Eats","Web","4276438","651329","3625109"
"Fifa","Gaming","67558255","8240323","59317932"
"Houseparty","Real Time Audio/Video","105849","11884","93965"
"Shahid","Real Time Audio/Video","440993","10218","430775"
"Roblox","Gaming","212002821","16931186","195071635"
"BridTV","Real Time Audio/Video","9759246","617135","9142111"
"Acronis Cloud","Web","7412","1974","5438"
"Citrix","Web","1411981","156124","1255857"
"Microsoft Dynamics","Business Application","44755234","11603410","33151824"
"Digital Turbine","Web","21942025","355783","21586242"
"Pluto TV","Real Time Audio/Video","144791101","4261705","140529396"
"iFunny","Web","66619","3179","63440"
"Demandbase","Web","131229","12196","119033"
"ToTok Messenger","Internet Instant Messaging","59105","16440","42665"
"Hearthstone","Gaming","177766275","2097508","175668767"
"Yubo","Internet Instant Messaging","667468","36833","630635"
"Minute Media","Web","73618478","1821292","71797186"
" Revolut","Web","7250","1099","6151"
"Pendo","Web","7661306","1291711","6369595"
"Jitsi","Real Time Audio/Video","79377","5195","74182"
"Coursera","Web","102058","3492","98566"
"The Blaze","Web","6545798","143219","6402579"
"European Union","Web","6846","3094","3752"
"Indeed","Web","136896155","33332129","103564026"
"Official Major League Baseball","Web","239301","11871","227430"
"Rotten Tomattoes","Web","1364128","82308","1281820"
"SFGate","Web","1028554","49988","978566"
"The Telegraph","Web","203406","5601","197805"
"The Daily Beast","Web","499533","97218","402315"
"TIME","Web","156902","6772","150130"
"OnlyFans","Web","53563","9970","43593"
"Nvidia","Web","181629","3731","177898"
"Geforce Now","Gaming","364201","113712","250489"
"Call of Duty Mobile","Gaming","386647449","17552686","369094763"
"The Walt Disney Company","Web","10358781","996741","9362040"
"Wired","Web","46024400","404121","45620279"
"Kickstarter","Web","9546828525","154338063","9392490462"
"FedEx","Web","51547","22801","28746"
"Eventbrite","Web","9061048","331035","8730013"
"G-Core Labs","Web","9453","2856","6597"
"WarnerMedia","Web","131730364","10651465","121078899"
"Bilibili","Web","95213905","3158032","92055873"
"Wargaming","Web","6912","1511","5401"
"Etahub","Web","47708","15760","31948"
"Unknown virtual protocol","Unclassified","91505","8637","82868"
"Unknown virtual protocol","Unclassified","108875","62441","46434"
"ShoreTel","Business Collaboration","66161","18057","48104"
"ZoomCRC","Business Collaboration","900","432","468"
