"Application","Category","Total Bytes","Bytes Received","Bytes Sent"
"Domain Name Service","Network Service","1149032016","609996233","539035783"
"eBay.com","Web","24791250","1815676","22975574"
"Google Mail","Email","1456684664","220005122","1236679542"
"Google Search","Web","932371824","104963530","827408294"
"HyperText Transfer Protocol","Web","1831222743","103248409","1727974334"
"HyperText Transfer Protocol Secure","Web","16282739615","1003309753","15279429862"
"Internet Control Message Protocol","Network Service","4251556588","2557757996","1693798592"
"Internet Message Access Protocol version 4","Email","114130129","41075207","73054922"
"Internet Message Access Protocol Secure","Email","57270069","4198259","53071810"
"Internet Protocol","Network Service","0","0","0"
"XMPP Protocol (Jabber)","Business Collaboration","1040429","417279","623150"
"Network Time Protocol","Network Service","1216329","649854","566475"
"Skype and Teams","Business Collaboration","52589873","19095421","33494452"
"Simple Object Access Protocol","Network Service","1336785270","565985732","770799538"
"Secure Socket Layer","Tunneling and VPN","18069580598","1956677220","16112903378"
"Session Traversal Utilities for NAT","Business Collaboration","3554219","1512898","2041321"
"Transmission Control Protocol","Other TCP/UDP","2276012257","464628698","1811383559"
"User Datagram Protocol","Other TCP/UDP","105619991035","11338256331","94281734704"
"Wikipedia.com","Web","58764871","1677726","57087145"
"Yahoo Mail v.2.0","Email","179022334","13171227","165851107"
"Youtube.com","Media","8415739573","306473132","8109266441"
"Facebook","Social Networking","50806593213","2694113672","48112479541"
"Google Ads","Web","1784437663","122621991","1661815672"
"Windows Live Hotmail","Email","109691278","18158424","91532854"
"Expedia.fr","Web","726187","102297","623890"
"Travelocity.com","Web","10611","1075","9536"
"LinkedIn","Social Networking","311957388","30126010","281831378"
"Apple Generic Services","Web","17424169012","248497758","17175671254"
"Online Certificate Status Protocol","Business Application","11438647","4376798","7061849"
"Twitter","Social Networking","2063600479","82586491","1981013988"
"iTunes","Media","1660842264","84367257","1576475007"
"Spotify","Media","2130760320","124189511","2006570809"
"TeamViewer","Remote Desktop","267823409","147914860","119908549"
"Bing.com (formerly MSN Search)","Web","257747925","39423974","218323951"
"Windows Update","Web","6062756158","355744836","5707011322"
"Chrome Update","Web","583014478","22578670","560435808"
"BitDefender Update","Web","803168","251779","551389"
"Netflix.com","Media","34504984280","514420389","33990563891"
"Google Analytics,Google Marketing Platform","Web","175059239","45757796","129301443"
"Google GStatic","Web","1948687483","90378933","1858308550"
"Salesforce","Business Application","13182707","4797143","8385564"
"Google Generic","Web","1098897335","177393535","921503800"
"Adobe Acrobat DC (Document Cloud)","Web","15666763","843577","14823186"
"Amazon Generic Services","Web","3588348925","969340464","2619008461"
"Weather.com","Web","30576748","3341609","27235139"
"WhatsApp Messenger","Internet Instant Messaging","17374651991","5551574370","11823077621"
"Apple App Store","Web","8770041780","97563358","8672478422"
"Windows Marketplace","Web","850094402","41130240","808964162"
"Apple Push Notification Service","Web","188152492","123446970","64705522"
"iOS over-the-air (OTA) update","Web","5885734103","43419171","5842314932"
"Samsung Apps","Web","153808326","7168815","146639511"
"Google Play Store","Media","2595984075","233501408","2362482667"
"iCloud (Apple)","Storage and Backup","17369080846","12471286525","4897794321"
"Instagram","Web","86514508279","2010714911","84503793368"
"Amazon Web Services/Cloudfront CDN","Infrastructure","133125723977","113063078621","20062645356"
"Amazon Prime Video","Media","109915338","14775485","95139853"
"Akamai Technologies CDN","Web","5893884008","80077714","5813806294"
"Microsoft Azure (previously Windows Azure)","Infrastructure","59526185","3974732","55551453"
"Yahoo.com","Web","437411634","46831254","390580380"
"Rakuten.co.jp","Web","414530","63932","350598"
"CloudFlare CDN","Infrastructure","5810667411","508775879","5301891532"
"Microsoft Office 365","Business Collaboration","718624838","61956914","656667924"
"Zoho Corporation","Business Application","28061880","15940410","12121470"
"Speedtest","File Sharing","322245724441","25931337685","296314386756"
"Pinterest","Web","134988231","9841947","125146284"
"Microsoft Outlook (Office 365)","Business Application","545145283","149678015","395467268"
"Reddit.com","Web","5018067490","119715093","4898352397"
"Apple SIRI","Web","39203395","23631391","15572004"
"Google Documents (aka Google Drive)","Storage and Backup","49374422","18667401","30707021"
"Paypal.com","Web","5004419","677720","4326699"
"Google Accounts","Web","95802986","23193594","72609392"
"Amazon Ad System","Web","109447303","20159228","89288075"
"Snapchat","Social Networking","6408120245","292003837","6116116408"
"AddThis","Web","14593583","853134","13740449"
"Turn","Web","2247716","566412","1681304"
"ScorecardResearch","Web","32010550","4633306","27377244"
"Quantcast","Web","21878888","2396881","19482007"
"King Digital Entertainment","Gaming","1684595","91120","1593475"
"Bitstrips","Social Networking","83370415","3638731","79731684"
"Criteo","Web","102260974","18043416","84217558"
"Adobe","Business Application","1916096152","133608630","1782487522"
"Flurry","Business Application","25991276","6964156","19027120"
"Samsung","Web","137332077","68788551","68543526"
"Crashlytics","Web","32261225","3398497","28862728"
"BoldChat Live Chat","Internet Instant Messaging","498137","111961","386176"
"Facebook Messenger","Internet Instant Messaging","2885866380","1115624032","1770242348"
"AppsFlyer","Business Application","62245483","26665641","35579842"
"Xiaomi","Web","98878425","7284048","91594377"
"Google Cloud Storage","Web","4952855410","4339759466","613095944"
"Google Cloud Messaging","Web","73336389","13651960","59684429"
"Apple Location","Web","1567323405","141189742","1426133663"
"OpenX","Web","6511999","1945808","4566191"
"PubMatic","Web","72045031","40378567","31666464"
"Index Exchange (previously Casale Media)","Web","22986153","8971425","14014728"
"Rubicon Project","Web","93320813","41139041","52181772"
"AppNexus","Web","178612469","91498064","87114405"
"Rlcdn","Web","8807497","1767449","7040048"
"HyperText Transfer Protocol version 2","Web","1918931421","220221849","1698709572"
"GitHub","Web","89375011","2566847","86808164"
"Google Tag Manager","Web","152452601","7810164","144642437"
"BootstrapCDN","Web","2883671","186142","2697529"
"Apple Music","Media","4431866385","65233093","4366633292"
"Localytics","Web","3179328","575295","2604033"
"Applovin","Web","215032314","48684440","166347874"
"Android connectivity Manager","Network Service","8944922","4595792","4349130"
"Moat","Web","74172070","18866436","55305634"
"Krux","Web","7940421","1058341","6882080"
"Branch Metrics","Web","153745619","11706928","142038691"
"Optimizely","Web","87342891","24629383","62713508"
"Everest Technologies","Web","11225064","2666376","8558688"
"TubeMogul","Web","10129783","208805","9920978"
"SpotXchange","Web","3770995","1400546","2370449"
"Microsoft OneDrive","Web","404520557","54707084","349813473"
"Microsoft","Web","2665836392","468415339","2197421053"
"New Relic","Web","132538456","86094892","46443564"
"Uber (formerly UberCab)","Web","2890913686","1990974679","899939007"
"Clicktale","Web","7738329","3984795","3753534"
"hotjar","Web","43685004","14421416","29263588"
"GIPHY","Web","217296625","3973052","213323573"
"Firebase Cloud Messaging","Web","262323223","66961961","195361262"
"Bidswitch","Web","14185967","5096210","9089757"
"Bugsnag","Web","7651843","5939874","1711969"
"Tealium","Web","10720701","3551502","7169199"
"Flashtalking","Web","7414627","874539","6540088"
"Media Innovation Group","Web","772172","196711","575461"
"Avast","Web","2767142","528106","2239036"
"Amplitude","Web","376411580","345512485","30899095"
"Google Cloud Platform","Web","47843617","17280400","30563217"
"Data Saver","Web","17246214","511364","16734850"
"Cisco","Web","3718737","1616036","2102701"
"IronSource","Business Application","63432025","3593647","59838378"
"Disqus","Web","32077681","1971650","30106031"
"Grammarly","Web","72195841","34448772","37747069"
"ByteDance","Web","410666762","38771928","371894834"
"TikTok (Musical.ly)","Social Networking","63787564203","1747704145","62039860058"
"Google News","Web","2508795","169104","2339691"
"Apple News","Web","130154498","4118874","126035624"
"Vungle","Web","179090557","6327302","172763255"
"Google APIs","Web","1977155074","667464498","1309690576"
"TripAdvisor","Web","69724890","2306718","67418172"
"Amazon Cognito","Web","16401605","5335988","11065617"
"Unknown virtual protocol","Unclassified","131745667","25080281","106665386"
"Unknown virtual protocol","Unclassified","43629099","16190383","27438716"
"Google Pay","Web","6956921","1064213","5892708"
"Google Messages","Internet Instant Messaging","23523630","9289640","14233990"
"Shopify","Web","70053622","2385446","67668176"
"DoorDash","Web","564451352","311759962","252691390"
"Acronis Cloud","Web","18073","12349","5724"
"Acronis Backup","File Sharing","911646","96588","815058"
"Demandbase","Web","1548991","145013","1403978"
"Amazon Alexa Assistant","Business Collaboration","444646","84556","360090"
"Spotify Audio","Real Time Audio/Video","1906412617","26797126","1879615491"
"Contentful","Web","46790150","3235455","43554695"
"Hotels.com","Web","187094","91527","95567"
"NHL.com","Web","8666816","361003","8305813"
"Digicert","Web","44736822","2255364","42481458"
"Datadog","Web","1068613","927910","140703"
"Font Awesome","Web","12387317","715818","11671499"
"SD-WAN Control","SD-WAN","26038204171","13864219807","12173984364"
"SD-WAN Management","SD-WAN","1474297300","718244828","756052472"
"TencentMeeting","Business Collaboration","138848021","50259938","88588083"
"Dailymotion.com","Media","6584570","290376","6294194"
"Google Maps","Web","143409247","6407741","137001506"
"Internet Security Association and Key Management Protocol","Tunneling and VPN","58610484","6887788","51722696"
"Post Office Protocol (Version 3)","Email","312042","11677","300365"
"Real Time Protocol","Business Collaboration","461294834","154349538","306945296"
"Secure AIM","Internet Instant Messaging","388458","60990","327468"
"WordPress.com","Social Networking","105576620","2599040","102977580"
"Mail.ru Webmail","Email","164281","25185","139096"
"Vk.com (Vkontakte)","Social Networking","42154709","1094848","41059861"
"Yelp.com","Web","11387370","262374","11124996"
"Yandex.ru","Web","2215578","356012","1859566"
"Baidu.com","Web","140067872","13577214","126490658"
"Apple Update","Web","18132069","644443","17487626"
"Archive.org","Web","136912","3464","133448"
"Opera Update","Web","660677","178807","481870"
"Viber","Real Time Audio/Video","43536852","17682329","25854523"
"Dropbox","Storage and Backup","27648821","12060960","15587861"
"Google Translate","Web","2609253","685294","1923959"
"Portal.TidalTV.com","Web","729573","174638","554935"
"Tokbox.com","Web","3664761","1177839","2486922"
"AccuWeather","Web","2341924","342792","1999132"
"Blogger","Web","1964657","108604","1856053"
"Daily Mail","Web","33852149","1254243","32597906"
"Vimeo","Web","277596047","6537230","271058817"
"Sophos update","Business Application","452136","48300","403836"
"KakaoTalk","Internet Instant Messaging","8507933","5661784","2846149"
"WeChat","Internet Instant Messaging","3950344694","446795340","3503549354"
"Google Talk (incl. Hangouts and Allo and Duo)","Real Time Audio/Video","501465393","7165025","494300368"
"Microsoft SharePoint Online (Office 365)","Business Application","205406100","146154011","59252089"
"ESPN.go.com","Web","14700225","1439539","13260686"
"Apple Maps","Web","1800106","63722","1736384"
"BBC","Web","72804562","4239179","68565383"
"Seznam.cz","Web","194234","24992","169242"
"Conviva","Infrastructure","21205541","14805969","6399572"
"Aol","Web","2324181","280355","2043826"
"Yadro","Web","7916","2583","5333"
"Telegram","Internet Instant Messaging","341999209","54672747","287326462"
"Oracle","Web","5458257","1105827","4352430"
"TRUSTe","Web","11475230","1514700","9960530"
"Zendesk","Business Collaboration","6533460","254027","6279433"
"Google Safe Browsing","Web","12300567","1630666","10669901"
"Inneractive","Web","26796175","16692219","10103956"
"Brightcove","Media","132984887","2489568","130495319"
"InMobi","Web","13271724","5665598","7606126"
"Gravatar","Business Collaboration","2602038","363358","2238680"
"Nielsen","Web","8346419","3194923","5151496"
"Stickyads","Web","9391867","4043638","5348229"
"ASANA","Web","1938958","624388","1314570"
"Mixpanel","Web","25730445","22558588","3171857"
"Smart AdServer","Web","37059587","11865008","25194579"
"Cedexis","Web","4869423","1352831","3516592"
"Google Calendar","Web","21703893","6264016","15439877"
"LOTAME","Web","6080817","1106012","4974805"
"ADTECH","Web","541610","20566","521044"
"Sizmek (previously MediaMind)","Web","3103671","507167","2596504"
"AOL One","Web","813802","225045","588757"
"Advertising.com","Web","1893579","499627","1393952"
"Facebook Embedded Video","Media","3048559171","41015116","3007544055"
"Ad Safe Protected","Web","208995406","15888131","193107275"
"Helpshift","Web","540370","148067","392303"
"Adjust.com","Web","6159952","2232504","3927448"
"Scotiabank","Web","30363702","6518957","23844745"
"Urbanairship","Web","6738676","1924179","4814497"
"Outbrain","Web","101111841","14252801","86859040"
"Unruly","Web","5356006","2921758","2434248"
"Disney Channel","Web","4033892","137138","3896754"
"Rogers TV","Web","117506301","24274649","93231652"
"UpLynk","Web","305247","56515","248732"
"Microsoft Office OneNote (Office 365)","Business Application","847955","270173","577782"
"Liveperson","Web","12463024","867551","11595473"
"Taboola","Web","156230099","16407339","139822760"
"Zopim","Web","1301201","320034","981167"
"Mapbox","Web","4617835","212388","4405447"
"Rackspace","Web","1717464924","177685738","1539779186"
"Signal","Web","1211324","152506","1058818"
"Ensighten","Web","4452662","531269","3921393"
"Smaato","Web","4582508","1784004","2798504"
"Braintree","Web","383896","99290","284606"
"Verizon","Web","1854508","971437","883071"
"MediaMath","Web","4797309","1712516","3084793"
"jQuery","Web","13313335","494203","12819132"
"Revcontent","Web","5066222","926366","4139856"
"Google Photos (formerly Google Picasa)","Web","25150535","13349296","11801239"
"Slack","Web","188643275","11154669","177488606"
"Conversant","Web","7875874","1509318","6366556"
"Teads","Web","20020203","2902244","17117959"
"Adform","Web","8758214","1949123","6809091"
"Pokemon GO","Gaming","42222861","6693195","35529666"
"Weborama","Web","124603","22685","101918"
"HyperText Transfer Protocol proxy","Network Service","126247611","14359090","111888521"
"Ubuntu","Web","52186755","1054508","51132247"
"Signal Private Messenger (Open Whisper Systems)","Internet Instant Messaging","38403848","15366323","23037525"
"Apple Game Center","Gaming","3526456","862752","2663704"
"Sharethrough","Web","22657975","6075803","16582172"
"Yieldmo","Web","13680578","1737119","11943459"
"Huawei","Web","4325845","1494681","2831164"
"MGID","Web","7207031","304482","6902549"
"DoubleVerify","Web","49305299","7783993","41521306"
"Automatic Data Processing (ADP)","Web","11409271","685553","10723718"
"Okta","Web","32744733","4135040","28609693"
"PulsePoint","Web","3741228","1209738","2531490"
"eXelate","Web","1611359","378066","1233293"
"WeTransfer","Web","1878808","52678","1826130"
"Sonobi","Web","6898693","2705593","4193100"
"Google Secure User Plane Location","Web","1995387","274223","1721164"
"T-Mobile","Web","41214420","799195","40415225"
"Wall Street Journal","Web","2332205","188430","2143775"
"Niantic, Inc","Web","1196921","258352","938569"
"Canvas Student","Web","45262884","892166","44370718"
"Instructure","Web","137782161","8791096","128991065"
"Workplace By Facebook","Social Networking","488917","297104","191813"
"Microsoft teams","Internet Instant Messaging","3181820770","1530882081","1650938689"
"Adtelligent","Web","4571361","1088537","3482824"
"Akamai Video","Media","1617789","155117","1462672"
"Tenor","Web","21011409","3020922","17990487"
"Simpli.fi","Web","1768659","343079","1425580"
"Visual IQ","Web","330746","79580","251166"
"Discord","Internet Instant Messaging","6121297043","114298014","6006999029"
"ExpressVPN","Tunneling and VPN","1416503","313898","1102605"
"Google GSuite","Web","3018989","365550","2653439"
"Codepen","Web","293884","9648","284236"
"Moodle","Social Networking","29287254","3613665","25673589"
"DAZN","Real Time Audio/Video","3108055280","39124520","3068930760"
"Unknown virtual protocol","Unclassified","15482991812","269371887","15213619925"
"Unknown virtual protocol","Unclassified","22862851","20348299","2514552"
"Unknown virtual protocol","Unclassified","353718193","5422209","348295984"
"Wireguard","Tunneling and VPN","5205670773","266481817","4939188956"
"JWPLAYER","Web","253770011","6010859","247759152"
"BAMTech","Real Time Audio/Video","95348458","56816102","38532356"
"Disney Plus","Real Time Audio/Video","32242823412","537276745","31705546667"
"Quora","Social Networking","15853244","809012","15044232"
"Workday","Business Application","28928658","1106832","27821826"
"Uber Eats","Web","11863491","2130706","9732785"
"Microsoft Dynamics","Business Application","549160","55162","493998"
"Sift Science","Web","651933","200541","451392"
"Connatix","Real Time Audio/Video","89022363","4423396","84598967"
"UserReport","Web","4207262","89396","4117866"
"Pendo","Web","6016211","1055267","4960944"
"Go Daddy","Web","6592454","1122691","5469763"
"Indeed","Web","67193596","19632558","47561038"
"Priceline.com","Web","19195356","2814829","16380527"
"United Airlines","Web","53018089","29812620","23205469"
"Intercom","Web","5728371","1316309","4412062"
"Advance Message Queuing Protocol","Network Service","110425","17322","93103"
"BitTorrent","Peer to Peer","26106","1164","24942"
"File Transfer Protocol","File Sharing","8672","5132","3540"
"Google Earth","Web","37155190","2002272","35152918"
"Google Groups","Social Networking","7748","570","7178"
"IPsec (AH and ESP)","Tunneling and VPN","39100764","7936422","31164342"
"HP Printer Job Language","Business Application","88859","48130","40729"
"McAfee Client update","Business Application","40306054","1895931","38410123"
"Netbios Name Service","Network Service","39702","39702","0"
"Secure POP3","Email","19380","3393","15987"
"QQ","Internet Instant Messaging","4823103","1293824","3529279"
"Remote Desktop Protocol (Windows Terminal Server)","Remote Desktop","24219480","11845393","12374087"
"Real Time Control Protocol","Business Collaboration","40887","16336","24551"
"ShoutCast","Media","122017","1236","120781"
"Session Initiation Protocol","Business Application","465690","261626","204064"
"Simple Mail Transfer Protocol","Email","928073","600277","327796"
"Simple Mail Transfer Protocol Secure","Email","490519","451100","39419"
"SOCKet Secure v5","Tunneling and VPN","6712","3253","3459"
"Wireless Transaction Protocol","Network Service","19914","18234","1680"
"Yahoo Search","Web","977835","80544","897291"
"Simple Network Paging Protocol","Network Service","113974","43253","70721"
"Realtor.com","Web","5994","532","5462"
"Flickr","Social Networking","912192","15963","896229"
"Deezer","Web","276944","52402","224542"
"Steampowered.com","Gaming","9761531","451378","9310153"
"Xbox Live","Gaming","1448364","131518","1316846"
"Badoo.com","Internet Instant Messaging","5174189","190624","4983565"
"Flixster.com","Web","18141672","354065","17787607"
"Foursquare.com","Web","377556","98658","278898"
"LibraryThing.com","Web","12879","2398","10481"
"Meetup","Web","3054410","118589","2935821"
"Mixi.jp","Web","24423","2494","21929"
"Odnoklassniki.ru","Social Networking","32457","1461","30996"
"Tumblr","Social Networking","1472924","50116","1422808"
"Vox.com","Web","231109","60926","170183"
"Adobe Flash Plugin Update","Web","7520","1930","5590"
"Firefox Update","Web","25433415","511852","24921563"
"Debian/Ubuntu Update","Web","353115378","3649847","349465531"
"Symantec Norton AntiVirus Updates","Web","5876","2656","3220"
"BBC Player","Media","58839837","1623890","57215947"
"Garena","Web","55506","4785","50721"
"Microsoft SharePoint","Business Application","3234836","138557","3096279"
"Box","File Sharing","49897","12690","37207"
"iHeartRADIO","Media","379261","23857","355404"
"Psiphon","Web","361208","168170","193038"
"YouKu","Media","349416","328542","20874"
"Zoho CRM","Business Application","21124","2497","18627"
"GoToMeeting Online Meeting","Business Collaboration","108869879","8967678","99902201"
"WebEx","Business Collaboration","21437","1216","20221"
"Slingbox","Media","12172","1983","10189"
"Bloomberg.com","Web","402399","18544","383855"
"Tor","Anonymizers and Proxies","45952","23953","21999"
"RSS","Web","383599","13182","370417"
"BlackBerry.com","Web","989026","284144","704882"
"ABCNews","Web","300850","16585","284265"
"Alexa","Web","56514","6808","49706"
"AmericanExpress","Web","149647","30648","118999"
"ATT.com (AT&T)","Web","24959","4432","20527"
"Cnet.com","Web","188712","7480","181232"
"CNN (Cable News Network)","Web","129632322","19075128","110557194"
"Comcast","Web","11893408","4318117","7575291"
"Daum.net","Web","875190","154469","720721"
"Fox News","Web","90768375","3904181","86864194"
"Groupon","Web","14489916","1053043","13436873"
"Intuit.com","Business Application","7682943","3618235","4064708"
"Kaspersky.com","Web","3911448","1427729","2483719"
"Livedoor.com","Web","4482898","181856","4301042"
"Match.com","Web","16261","10461","5800"
"Monster.com","Web","98340","29100","69240"
"Mozilla.com - Mozilla.org","Web","41087743","2706428","38381315"
"Naver Corporation (formerly NHN Corporation)","Web","113241722","9319004","103922718"
"NBA.com","Web","502217","13327","488890"
"National Football League (NFL.com)","Web","331013","8182","322831"
"Nike.com","Web","13424","2683","10741"
"NYTimes.com","Web","42992249","1456621","41535628"
"Reuters.com","Web","4129605","91227","4038378"
"Sprint.com","Web","7434","1518","5916"
"SurveyMonkey.com","Web","63732","4343","59389"
"WashingtonPost.com","Web","1452909","41293","1411616"
"Sina.com.cn","Internet Instant Messaging","29985365","2429182","27556183"
"Sina Weibo","Web","39880212","909742","38970470"
"Taobao","Web","7043384","1374334","5669050"
"Google App Engine","Business Application","5477963","579643","4898320"
"Google Toolbar","Web","44707","6469","38238"
"GMX webmail","Email","1458579","180035","1278544"
"Apple FaceTime","Real Time Audio/Video","7666328850","3296532875","4369795975"
"Line","Internet Instant Messaging","23114467","2393755","20720712"
"Scribd.com","Web","56556","8406","48150"
"Shazam","Web","361761","36731","325030"
"SoundCloud","Media","631123382","12333345","618790037"
"TuneIn","Real Time Audio/Video","13242","1751","11491"
"Coupang","Web","99680","22834","76846"
"QQ.com","Web","223587335","5524078","218063257"
"163.com","Web","1393033","444841","948192"
"Sohu.com","Web","1023367","27452","995915"
"Ifeng.com","Web","223701","119256","104445"
"Tmall.com","Web","7073","1874","5199"
"Alipay","Web","1638092","214312","1423780"
"Sogou.com","Web","231937","175856","56081"
"360.cn","Web","28014","24843","3171"
"Alibaba.com","Web","441215","156383","284832"
"iQiyi","Web","34530","1718","32812"
"51.la","Web","32483","5343","27140"
"Zynga.com","Gaming","260192","108992","151200"
"Limelight Networks CDN","Web","3958747133","35945888","3922801245"
"Datagram Transport Layer Security","Tunneling and VPN","349590039","56750993","292839046"
"ISO Base Media File Format","Real Time Audio/Video","88215660","1656140","86559520"
"MiTalk Messenger (Miliao)","Internet Instant Messaging","2423032","124791","2298241"
"FC2.com","Social Networking","191170","6941","184229"
"Goo.ne.jp","Web","618660","28599","590061"
"Hatena.ne.jp","Social Networking","48631","8369","40262"
"Nifty.com","Web","5776784","159239","5617545"
"Pixiv.net","Web","1739","98","1641"
"Blogpark.jp","Web","6895168","256111","6639057"
"Sakura.ne.jp","Web","18523","1439","17084"
"9game.com","Gaming","141731","85611","56120"
"Ctrip.com","Web","5742512","219167","5523345"
"Duowan.com","Gaming","1567","697","870"
"Mail189.cn","Email","4850","2861","1989"
"QQ Games","Gaming","118628","72008","46620"
"QQ Mail","Email","72642","26637","46005"
"QQ News","Web","514185","196051","318134"
"Qunar.com","Web","1737734","776961","960773"
"Tencent.com","Internet Instant Messaging","320519","78283","242236"
"Nokia Here API","Web","52437","9298","43139"
"Nend.net","Web","1596047","57010","1539037"
"iperf","File Sharing","12179","5131","7048"
"BuzzFeed.com","Web","688257","270409","417848"
"Internet Movie Database","Web","360074623","7813788","352260835"
"Imgur.com","Storage and Backup","55782598","740504","55042094"
"JingDong","Web","217621","8680","208941"
"WebSocket","Network Service","105035","45544","59491"
"Bet365.com","Web","10705657","750874","9954783"
"Issuu.com","Web","64195","4172","60023"
"1337x.org","Peer to Peer","744","448","296"
"ElPais.com","Web","87799","3568","84231"
"T-Online.de","Web","956940","23291","933649"
"Marca.com","Web","556443","125897","430546"
"MercadoLibre (aka MercadoLivre)","Web","4114848","946374","3168474"
"ESPNCricinfo.com","Web","1701140","177686","1523454"
"Searchnu","Web","22118","9067","13051"
"Apple HTTP Live Streaming","Real Time Audio/Video","713523054","11545013","701978041"
"craigslist","Web","53341063","5024717","48316346"
"DBS Bank (dbs.com.sg)","Web","168639","50570","118069"
"Indiatimes","Web","93464","7590","85874"
"Kijiji.ca","Web","1132824","311352","821472"
"Internet Small Computer Systems Interface","Network Service","264","92","172"
"Background Intelligent Transfer Service","File Sharing","34222925","4988538","29234387"
"Walla.co.il","Web","2125152","83208","2041944"
"Hotspot Shield","Tunneling and VPN","1356964","346272","1010692"
"AliExpress.com","Web","661861","29132","632729"
"Coccoc.com","Web","5254","1237","4017"
"NationNews.com","Web","3565894","30154","3535740"
"NZHerald.co.nz","Web","3169693","82518","3087175"
"UOL.com.br","Web","16610153","1533705","15076448"
"Wp.pl","Web","37111","7773","29338"
"Ynet.co.il","Web","8694082","494243","8199839"
"Flipkart.com","Web","313582","48868","264714"
"Stuff.co.nz","Web","74146","3578","70568"
"Perfect Dark","Peer to Peer","70538","3652","66886"
"Fox Business Network","Web","18760","6631","12129"
"News","Web","377999","18878","359121"
"Gameloft Games","Gaming","27499","8373","19126"
"Naver","Web","5612","4412","1200"
"Candy Crush Saga","Gaming","2941127","1879969","1061158"
"Waze Social GPS Maps & Traffic","Web","226579","16790","209789"
"Huffington Post","Web","4594544","164075","4430469"
"Symantec","Web","4181863","765599","3416264"
"OpenStreetMap","Infrastructure","377253","16789","360464"
"Videoplaza","Web","57704","11569","46135"
"Toggle","Web","1955943","92983","1862960"
"Digital River","Web","257027","5595","251432"
"Wrike","Business Application","12635611","366022","12269589"
"Twitch","Media","901841489","15898328","885943161"
"Apsalar","Business Application","9078","1763","7315"
"FreeWheel","Web","2558476","616199","1942277"
"Turner","Web","7685278","349901","7335377"
"battlenet","Gaming","118078","50582","67496"
"Inquirer","Web","966348","159014","807334"
"Taobao Ad Network and Exchange","Web","146997","71854","75143"
"Amazon Cloud Drive","Web","3298254","3126970","171284"
"Lazada","Web","467397","12998","454399"
"Gettyimages","Web","1004684","82681","922003"
"Theladbible","Web","1940238","148964","1791274"
"Flipboard","Web","5238371","516626","4721745"
"quic","Network Service","10706466","1963418","8743048"
"CPMSTAR","Web","20647","4009","16638"
"Australian Broadcasting Corporation","Web","16478879","1420129","15058750"
"Realestate","Web","109921","21452","88469"
"Constant Contact","Web","442958","29720","413238"
"Bitbucket","Web","4310","1084","3226"
"Atlassian","Web","268715","180643","88072"
"Internet.org","Web","14109","7823","6286"
"Kakaocdn","Infrastructure","6087579","225495","5862084"
"Bizographics","Web","4869","1027","3842"
"Simperium","Web","2744","1122","1622"
"Splunk","Web","7382567","5884229","1498338"
"Atlas Solutions","Web","136434","36400","100034"
"Gmanetwork","Web","124776","6437","118339"
"CBS Video","Web","3122092","129570","2992522"
"LogMeIn","Remote Desktop","559687","20312","539375"
"Fastly","Web","2914965","232007","2682958"
"NBC","Web","11377256","591730","10785526"
"MoPub","Web","63170","12922","50248"
"Microsoft Translator (Bing Translator)","Web","6498","757","5741"
"Perform","Web","260698","4854","255844"
"Periscope","Media","9833471","306963","9526508"
"Microsoft Sway (Office 365)","Business Application","5599096","134386","5464710"
"Heap","Web","1095778","181690","914088"
"Olark","Web","1159082","38132","1120950"
"ABS-CBN Entertainment","Web","1330943","120530","1210413"
"Microsoft Excel Online (Office 365)","Web","9674715","2654218","7020497"
"LiveChat","Web","92360","7908","84452"
"Riffsy (Tenor.co)","Web","21531545","432742","21098803"
"Tune","Web","116883","69268","47615"
"QINIU","Web","664836","22723","642113"
"LKQD","Web","113804","35260","78544"
"Bleacher Report","Web","51718464","1431006","50287458"
"Umeng","Web","744719","353166","391553"
"Liftoff","Web","1277254","441536","835718"
"Baidu Maps","Web","357875","94684","263191"
"QQVideo","Web","3804748","147644","3657104"
"Younow","Web","444413","189379","255034"
"Bazaarvoice","Web","6448012","677003","5771009"
"MQ Telemetry Transport","Network Service","1259","681","578"
"nuomi.com","Web","14463","2099","12364"
"ZoomMeetings","Business Collaboration","1811745711","401885047","1409860664"
"CDNetworks","Infrastructure","17771570","397879","17373691"
"Highwinds","Web","1102868","43741","1059127"
"Innovid","Web","61027851","1468217","59559634"
"StackExchange","Web","1095711","43235","1052476"
"StackOverflow","Web","1165486","64915","1100571"
"Wix","Web","8792959","590819","8202140"
"Tinder","Web","294696971","15776982","278919989"
"Shutterstock","Web","1791388","393848","1397540"
"SolarWinds","Web","32538","12112","20426"
"Heroku","Web","3870956","145176","3725780"
"IMO Video Calling Application","Media","260994045","78053297","182940748"
"Clash of Clans","Gaming","9174470","329633","8844837"
"Supercell","Gaming","511735","94565","417170"
"Amazon Music","Media","807464","184219","623245"
"Cheetah Mobile","Web","2654878","43065","2611813"
"Radiumone","Web","51445","13713","37732"
"Microsoft Word Online (Office 365)","Business Collaboration","20546421","592017","19954404"
"Microsoft Powerpoint Online (Office 365)","Business Collaboration","10952351","1336250","9616101"
"Tidal","Media","340808710","10142675","330666035"
"StreamRail","Media","83933","20737","63196"
"Vidyard","Web","64107","3825","60282"
"Nintendo","Gaming","2082532","91348","1991184"
"OpenRTB","Web","703084","579585","123499"
"ADventori","Web","89167","19766","69401"
"Audible","Real Time Audio/Video","393188","215603","177585"
"Meituan","Web","9276","2027","7249"
"AdColony","Web","6939141","1877053","5062088"
"Google Classroom","Web","21322","7457","13865"
"Samsung Update","Web","5849639100","201978942","5647660158"
"ULP","Network Service","895738","31479","864259"
"Amazon Chime","Business Collaboration","10677","2018","8659"
"AnyDesk","Remote Desktop","381434","157082","224352"
"Livescore","Web","950993","66095","884898"
"MaxCDN","Web","36059","5205","30854"
"Zhihu","Web","16895398","5377356","11518042"
"Booking.com","Web","42036055","6124655","35911400"
"Walmart","Web","12577","2086","10491"
"Cloudinary","Web","70224304","1051318","69172986"
"Gfycat","Web","7760233","53826","7706407"
"Sportradar","Web","619779","49362","570417"
"ChinaNetCenter ","Web","265106","108016","157090"
"Meitu","Web","269931","111785","158146"
"Snow","Internet Instant Messaging","519371","40739","478632"
"Clash Royale","Gaming","9520106","188389","9331717"
"Origin","Web","115802","17388","98414"
"United Internet","Web","3032054","80685","2951369"
"shopee.tw","Web","201066","47921","153145"
"Electronic Arts","Web","95361","33341","62020"
"Facebook Lite","Social Networking","16776528","2107619","14668909"
"Kakao","Web","93157","17124","76033"
"Digioh","Web","1821401","67091","1754310"
"Apptimize","Web","45511","13256","32255"
"UC Browser","Web","11977","3382","8595"
"Mediascope","Web","94008","23596","70412"
"Domain Name Service Crypt","Network Service","1154813","507440","647373"
"Youtube Music","Media","579384","198371","381013"
"Appnext","Web","143468","14316","129152"
"Splunk Cloud","Storage and Backup","858198","540020","318178"
"Fox Networks","Web","352164","15826","336338"
"Unreal_engine","Gaming","33448","18000","15448"
"IBM","Web","736847","26195","710652"
"Microsoft AD Right Management Service","Business Application","28546","20976","7570"
"Barracuda Networks","Web","187922","46195","141727"
"RingCentral","Business Collaboration","3056609","2773515","283094"
"PlayerUnknown's BattleGrounds","Gaming","9180775","283358","8897417"
"Alibaba Group","Web","380333","101685","278648"
"Alibaba Cloud","Web","8864393","2540607","6323786"
"League of Legends","Gaming","69636","11914","57722"
"Redis","Business Application","2894","1433","1461"
"Future_plc","Web","10468762","883859","9584903"
"Inskin","Web","16372","2817","13555"
"Wish","Web","226202","22427","203775"
"Google Play Books","Web","92437","5345","87092"
"ProtonMail","Email","228479","25934","202545"
"MAkeMyTrip","Web","14319","3051","11268"
"Ted Conferences","Web","1962","969","993"
"Basecamp","Business Application","8166016","1255844","6910172"
"Google Takeout","Web","29173","5380","23793"
"Target","Web","2096193","68447","2027746"
"iBooks","Web","7177378","210206","6967172"
"Fandom","Web","19838104","853106","18984998"
"Tesla","Web","8286","1965","6321"
"W3Schools","Web","10296","1283","9013"
"Megaphone","Web","639822540","6703275","633119265"
"PubNub","Web","262143","57231","204912"
"Unknown virtual protocol","Unclassified","24185170","863953","23321217"
"Unknown virtual protocol","Unclassified","3330650","68162","3262488"
"Unknown virtual protocol","Unclassified","1871927","510326","1361601"
"NetEase","Web","1063290","82354","980936"
"Unknown virtual protocol","Unclassified","107419","46832","60587"
"Unknown virtual protocol","Unclassified","7175509","185433","6990076"
"Google Blog","Web","470365","9253","461112"
"Bumble","Web","67413985","5423137","61990848"
"National Public Radio","Web","68183249","1077667","67105582"
"Acast","Real Time Audio/Video","114805610","1882781","112922829"
"Firework","Internet Instant Messaging","207615","33602","174013"
"Bigo","Web","7344527","628395","6716132"
"Google Stadia","Web","199486","55313","144173"
"Toutiao","Web","648920","26102","622818"
"Xigua Video","Real Time Audio/Video","5535986","787141","4748845"
"Tuchong","Web","261855","242870","18985"
"Airbnb","Web","26408749","796082","25612667"
"Zhenai","Web","2220","1152","1068"
"MediaLab","Web","51841","39472","12369"
"Baidu Tieba","Social Networking","72396737","5777598","66619139"
"Wangwang","Internet Instant Messaging","1153314","445247","708067"
"Advanced Hosting","Web","4923","1129","3794"
"StackPath","Web","16386","4975","11411"
"Ximalaya","Real Time Audio/Video","620359","275000","345359"
"Houseparty","Real Time Audio/Video","161282","24866","136416"
"Roblox","Gaming","42875031","4652393","38222638"
"BridTV","Real Time Audio/Video","10150316","207206","9943110"
"Likee","Internet Instant Messaging","1109141","214135","895006"
"YY","Real Time Audio/Video","172668","57380","115288"
"Citrix","Web","93831","51841","41990"
"Digital Turbine","Web","8289","1286","7003"
"Hiido - Haidu Cloud","Web","1443078","979896","463182"
"KOCHAVA","Web","1394532","366096","1028436"
"Hearthstone","Gaming","12722598","595823","12126775"
"Minute Media","Web","13967915","313143","13654772"
" Revolut","Web","12064599","573667","11490932"
"Jitsi","Real Time Audio/Video","1029001079","76406240","952594839"
"Coursera","Web","45507052","991618","44515434"
"The Blaze","Web","776981","52062","724919"
"WordReference.com","Web","147953","6527","141426"
"European Union","Web","7753","1195","6558"
"Rotten Tomattoes","Web","11441356","551040","10890316"
"BambooHR","Web","606219","23711","582508"
"TIME","Web","376056","32184","343872"
"TMZ","Web","20550693","269971","20280722"
"Nvidia","Web","193665","23994","169671"
"Geforce Now","Gaming","362380","119444","242936"
"Call of Duty Mobile","Gaming","3494797","557336","2937461"
"The Walt Disney Company","Web","240885","68234","172651"
"Wired","Web","104700151","576862","104123289"
"Kickstarter","Web","23743507","241810","23501697"
"Indiegogo","Web","10387757","110064","10277693"
"FedEx","Web","13665631","960436","12705195"
"Kayak","Web","10209083","371207","9837876"
"Eventbrite","Web","972095","12204","959891"
"WarnerMedia","Web","95304907","1925322","93379585"
"Bilibili","Web","801661816","21745272","779916544"
"Wargaming","Web","28165","17265","10900"
"Unknown virtual protocol","Unclassified","3836","2481","1355"
"RingCentralApp","Business Collaboration","32938","8817","24121"
