"Application","Category","Total Bytes","Bytes Received","Bytes Sent"
"Domain Name Service","Network Service","967215265","445971724","521243541"
"Google Mail","Email","1980927447","275683067","1705244380"
"Google Search","Web","1329089846","186297307","1142792539"
"Google Maps","Web","277648615","71934559","205714056"
"HyperText Transfer Protocol","Web","3043518283","187977267","2855541016"
"HyperText Transfer Protocol Secure","Web","32204980485","5259694663","26945285822"
"Internet Control Message Protocol","Network Service","4600155394","2756913770","1843241624"
"Internet Message Access Protocol version 4","Email","113869143","40978940","72890203"
"Internet Protocol","Network Service","0","0","0"
"Internet Security Association and Key Management Protocol","Tunneling and VPN","1553937208","248772430","1305164778"
"XMPP Protocol (Jabber)","Business Collaboration","65141352","3161657","61979695"
"Network Time Protocol","Network Service","748806","370222","378584"
"Skype and Teams","Business Collaboration","55738477","11976848","43761629"
"Simple Object Access Protocol","Network Service","1635420818","738215243","897205575"
"Secure Socket Layer","Tunneling and VPN","37277691693","12590753365","24686938328"
"Session Traversal Utilities for NAT","Business Collaboration","90292111","35172808","55119303"
"Transmission Control Protocol","Other TCP/UDP","2619054100","522864816","2096189284"
"User Datagram Protocol","Other TCP/UDP","200885889611","18146387659","182739501952"
"Yahoo Mail v.2.0","Email","102928334","29041743","73886591"
"Youtube.com","Media","19120903223","1158084383","17962818840"
"Facebook","Social Networking","38976080193","2315024499","36661055694"
"Google Ads","Web","1661011426","264618610","1396392816"
"LinkedIn","Social Networking","423159063","38672618","384486445"
"Apple Generic Services","Web","11651305644","471511276","11179794368"
"Online Certificate Status Protocol","Business Application","19794080","7611172","12182908"
"Twitter","Social Networking","5347291940","236595063","5110696877"
"iTunes","Media","1370210737","136153482","1234057255"
"Spotify","Media","2236719358","218111765","2018607593"
"TeamViewer","Remote Desktop","326929640","200132306","126797334"
"Bing.com (formerly MSN Search)","Web","409108897","74062863","335046034"
"Baidu.com","Web","397836283","45172744","352663539"
"Windows Update","Web","4741549241","409147686","4332401555"
"Chrome Update","Web","403528130","35321297","368206833"
"Netflix.com","Media","28894059698","985777830","27908281868"
"Google Analytics,Google Marketing Platform","Web","486719216","189599199","297120017"
"Google GStatic","Web","2915992191","181290516","2734701675"
"Google Generic","Web","1514438904","340992888","1173446016"
"AccuWeather","Web","7125167","1067078","6058089"
"Amazon Generic Services","Web","4619669977","1172063047","3447606930"
"Blogger","Web","2693538","137614","2555924"
"Weather.com","Web","31923642","2014500","29909142"
"WhatsApp Messenger","Internet Instant Messaging","9922195689","2923741874","6998453815"
"Apple App Store","Web","13964967274","437339543","13527627731"
"Windows Marketplace","Web","521821148","40286057","481535091"
"Apple Push Notification Service","Web","376361889","256599648","119762241"
"iOS over-the-air (OTA) update","Web","6121598449","139088308","5982510141"
"Samsung Apps","Web","99526869","9519387","90007482"
"Google Play Store","Media","3956802800","492481935","3464320865"
"iCloud (Apple)","Storage and Backup","10196503635","2025041264","8171462371"
"Instagram","Web","83479660535","4077326160","79402334375"
"SoundCloud","Media","531870058","16661585","515208473"
"Amazon Web Services/Cloudfront CDN","Infrastructure","6591361311","657652135","5933709176"
"Datagram Transport Layer Security","Tunneling and VPN","65081981","24833595","40248386"
"Yahoo.com","Web","765260616","75471315","689789301"
"WeChat","Internet Instant Messaging","2718544215","310831365","2407712850"
"CloudFlare CDN","Infrastructure","8393313597","398541652","7994771945"
"Microsoft Office 365","Business Collaboration","653190260","112771392","540418868"
"Pinterest","Web","357078546","29747704","327330842"
"Microsoft Outlook (Office 365)","Business Application","854659418","197546855","657112563"
"Reddit.com","Web","7037598790","259611610","6777987180"
"Apple SIRI","Web","207234894","163825687","43409207"
"Google Accounts","Web","237158130","77282849","159875281"
"Amazon Ad System","Web","178690775","36982834","141707941"
"Snapchat","Social Networking","7775158079","419658696","7355499383"
"Turn","Web","3224516","747262","2477254"
"Quantcast","Web","13438596","2216245","11222351"
"Bitstrips","Social Networking","95429152","5104912","90324240"
"Adobe","Business Application","247099643","39899430","207200213"
"Zendesk","Business Collaboration","82006101","26390804","55615297"
"Inneractive","Web","73113437","48170668","24942769"
"Flurry","Business Application","29720563","8176760","21543803"
"Samsung","Web","168862456","42238179","126624277"
"Crashlytics","Web","35108467","4782768","30325699"
"Facebook Messenger","Internet Instant Messaging","2745801334","1006282657","1739518677"
"InMobi","Web","54230103","23891507","30338596"
"AppsFlyer","Business Application","69995554","25108717","44886837"
"Gravatar","Business Collaboration","2677131","383851","2293280"
"Google Cloud Storage","Web","15859070876","14721831587","1137239289"
"Google Cloud Messaging","Web","209899685","41271463","168628222"
"Apple Location","Web","4012201718","371395466","3640806252"
"OpenX","Web","8515363","2441213","6074150"
"AppNexus","Web","243067666","122696709","120370957"
"HyperText Transfer Protocol version 2","Web","9712273358","1104008312","8608265046"
"Google Tag Manager","Web","301448944","20927902","280521042"
"Adjust.com","Web","19737717","8097156","11640561"
"Scotiabank","Web","33546536","5724954","27821582"
"Applovin","Web","841679607","163957312","677722295"
"Android connectivity Manager","Network Service","14031330","7282782","6748548"
"Heap","Web","92607151","57936138","34671013"
"Branch Metrics","Web","143200899","23134334","120066565"
"Optimizely","Web","18183661","4637056","13546605"
"Microsoft Excel Online (Office 365)","Web","28663132","17396455","11266677"
"Braintree","Web","803787","197715","606072"
"Verizon","Web","18061670","10848990","7212680"
"jQuery","Web","13738367","743158","12995209"
"Lookout Mobile Security","Business Application","4593066","1577003","3016063"
"Everest Technologies","Web","12698493","3798868","8899625"
"Microsoft OneDrive","Web","394023903","83477950","310545953"
"Microsoft","Web","2690987538","513395878","2177591660"
"New Relic","Web","68783857","39939427","28844430"
"Uber (formerly UberCab)","Web","1069443142","382140087","687303055"
"Slack","Web","163287066","12914567","150372499"
"Conversant","Web","4693612","1270329","3423283"
"Adform","Web","9709013","1838317","7870696"
"hotjar","Web","37594274","18380448","19213826"
"ZoomMeetings","Business Collaboration","682204302","105117407","577086895"
"HyperText Transfer Protocol proxy","Network Service","778813","445402","333411"
"GIPHY","Web","281493156","8221446","273271710"
"Firebase Cloud Messaging","Web","468496234","163435677","305060557"
"Bidswitch","Web","15810503","5798191","10012312"
"Bugsnag","Web","3527931","1408443","2119488"
"Tealium","Web","11509650","2191715","9317935"
"Booking.com","Web","41628602","5045590","36583012"
"Avast","Web","52235285","6370495","45864790"
"Sonobi","Web","7011639","2521264","4490375"
"T-Mobile","Web","1664980","551500","1113480"
"Google Cloud Platform","Web","38540104","6902977","31637127"
"Microsoft teams","Internet Instant Messaging","544734233","123122174","421612059"
"Cisco","Web","9724075","4346369","5377706"
"IronSource","Business Application","323480293","25611345","297868948"
"ByteDance","Web","593936971","30686509","563250462"
"TikTok (Musical.ly)","Social Networking","50326793300","2291944949","48034848351"
"TechRadar","Web","336340","9979","326361"
"Future_plc","Web","9740174","521600","9218574"
"Wish","Web","4274608","1017628","3256980"
"Vungle","Web","213366326","13195387","200170939"
"Google APIs","Web","3999530570","1523057302","2476473268"
"Amazon Cognito","Web","33690514","12326620","21363894"
"Unknown virtual protocol","Unclassified","9656579851","350428016","9306151835"
"Unknown virtual protocol","Unclassified","30203859","4532206","25671653"
"Google Pay","Web","12391983","2580658","9811325"
"Google Messages","Internet Instant Messaging","20710833","7527526","13183307"
"DoorDash","Web","106180823","48618171","57562652"
"Pendo","Web","9774380","3013476","6760904"
"Contentful","Web","206778298","36768368","170009930"
"Digicert","Web","13755306","3652076","10103230"
"Font Awesome","Web","23943653","1588648","22355005"
"Intercom","Web","114942855","37107942","77834913"
"SD-WAN Control","SD-WAN","53492864553","30026822188","23466042365"
"SD-WAN Management","SD-WAN","4854753324","2070011234","2784742090"
"TencentMeeting","Business Collaboration","1922488059","227870175","1694617884"
"Dailymotion.com","Media","19173097","1382242","17790855"
"eBay.com","Web","57603872","4780925","52822947"
"Internet Message Access Protocol Secure","Email","26063640","7762539","18301101"
"Lighweight Directory Access Protocol","Authentication","21616","14548","7068"
"McAfee Client update","Business Application","62400461","5671234","56729227"
"Secure POP3","Email","94779","22075","72704"
"Point-to-Point Tunneling Protocol","Tunneling and VPN","2830","1546","1284"
"QQ","Internet Instant Messaging","16965822","5693794","11272028"
"Remote Desktop Protocol (Windows Terminal Server)","Remote Desktop","2512780","1078296","1434484"
"Session Initiation Protocol","Business Application","1272147","655401","616746"
"Server Message Block (Windows File Server)","File Sharing","34083","24036","10047"
"Simple Mail Transfer Protocol","Email","1857915","1724171","133744"
"SOCKet Secure v4","Tunneling and VPN","39315","25902","13413"
"Tabular Data Stream","Business Application","9923","6278","3645"
"Wikipedia.com","Web","121537993","5256500","116281493"
"X Window System","Business Application","12360","7710","4650"
"Yahoo Search","Web","7618558","1140824","6477734"
"Windows Live Hotmail","Email","129693684","15593797","114099887"
"Secure AIM","Internet Instant Messaging","465848","87062","378786"
"Ask.com","Web","375581","14783","360798"
"WordPress.com","Social Networking","23118126","1180561","21937565"
"Steampowered.com","Gaming","7940934","306878","7634056"
"World of Warcraft","Gaming","478776","33459","445317"
"Foursquare.com","Web","631231","154324","476907"
"Tumblr","Social Networking","25477098","909093","24568005"
"Yandex.ru","Web","29994697","6788521","23206176"
"Firefox Update","Web","7214967","252601","6962366"
"Java Update","Web","75638239","8682581","66955658"
"Apple Update","Web","32482022","1173988","31308034"
"Opera Update","Web","1308522","448305","860217"
"Viber","Real Time Audio/Video","7085092","1030394","6054698"
"Trendmicro Update protocol","Web","8557847","4301716","4256131"
"Dropbox","Storage and Backup","52563920","43461889","9102031"
"Google Translate","Web","19938881","12679820","7259061"
"Salesforce","Business Application","15810222","3060217","12750005"
"Portal.TidalTV.com","Web","852554","189930","662624"
"Bloomberg.com","Web","10762354","698797","10063557"
"BlackBerry.com","Web","6580952","198828","6382124"
"Netware Core Protocol","Management","7872","5004","2868"
"10086.cn","Web","185183434","4187291","180996143"
"CNN (Cable News Network)","Web","33687395","2830403","30856992"
"Daum.net","Web","27589831","1199852","26389979"
"Groupon","Web","128993","45116","83877"
"Mozilla.com - Mozilla.org","Web","391627417","27975824","363651593"
"Naver Corporation (formerly NHN Corporation)","Web","331995346","15402056","316593290"
"NBA.com","Web","7216228","447049","6769179"
"NYTimes.com","Web","55426493","2058045","53368448"
"Reverso.net","Web","67859","14628","53231"
"Vimeo","Web","120824147","3644137","117180010"
"WashingtonPost.com","Web","1720100","92451","1627649"
"Youdao.com","Web","31223223","18996667","12226556"
"Sina.com.cn","Internet Instant Messaging","453773643","17541569","436232074"
"Sina Weibo","Web","1638933009","95612632","1543320377"
"Taobao","Web","2335187","1035538","1299649"
"QQ WeiBo","Web","746201","59631","686570"
"Google App Engine","Business Application","26910089","637827","26272262"
"Apple FaceTime","Real Time Audio/Video","1680131537","486704965","1193426572"
"KakaoTalk","Internet Instant Messaging","30141816","6356724","23785092"
"Gmarket.co.kr","Web","6871667","419433","6452234"
"Amazon Prime Video","Media","432216306","21051556","411164750"
"QQ.com","Web","962919527","39115855","923803672"
"163.com","Web","21121180","9868041","11253139"
"Douban.com","Web","11804259","3497101","8307158"
"cnzz.com","Web","31677","17595","14082"
"360.cn","Web","15747","6827","8920"
"Akamai Technologies CDN","Web","4383863054","107810817","4276052237"
"Microsoft Azure (previously Windows Azure)","Infrastructure","92585237","6746690","85838547"
"KIK Messenger","Internet Instant Messaging","361291","119889","241402"
"Rakuten.co.jp","Web","3224376","245906","2978470"
"Tencent.com","Internet Instant Messaging","443770562","16211459","427559103"
"Google Talk (incl. Hangouts and Allo and Duo)","Real Time Audio/Video","88579366","11776226","76803140"
"Zoho Corporation","Business Application","18773135","11379315","7393820"
"Microsoft SharePoint Online (Office 365)","Business Application","230878803","28218178","202660625"
"Speedtest","File Sharing","623144","522848","100296"
"BuzzFeed.com","Web","4572210","522697","4049513"
"Internet Movie Database","Web","19564194","491663","19072531"
"Google Documents (aka Google Drive)","Storage and Backup","272447633","138052282","134395351"
"JingDong","Web","1826910","581662","1245248"
"WebSocket","Network Service","3811114","851946","2959168"
"LastPass.com","Web","3001831","1136825","1865006"
"Paypal.com","Web","108540540","12584300","95956240"
"BBC","Web","22554622","1155271","21399351"
"Kijiji.ca","Web","118673314","17355527","101317787"
"Conviva","Infrastructure","784433","398577","385856"
"Wp.pl","Web","55733","13603","42130"
"Aol","Web","2744710","361288","2383422"
"AddThis","Web","13090191","1020706","12069485"
"Yadro","Web","304792","144038","160754"
"ScorecardResearch","Web","24583034","7488517","17094517"
"Telegram","Internet Instant Messaging","1157160077","120659974","1036500103"
"Oracle","Web","13314108","2146443","11167665"
"TRUSTe","Web","16804968","1411398","15393570"
"Criteo","Web","100345202","20399772","79945430"
"Google Safe Browsing","Web","43345063","4511890","38833173"
"Wrike","Business Application","4908453","1041998","3866455"
"Brightcove","Media","36286572","1457315","34829257"
"Twitch","Media","5349942740","123519803","5226422937"
"BoldChat Live Chat","Internet Instant Messaging","1422168","481144","941024"
"FreeWheel","Web","2121091","458214","1662877"
"Xiaomi","Web","427484694","15666823","411817871"
"Turner","Web","10270463","430510","9839953"
"Nielsen","Web","4720117","1061299","3658818"
"Stickyads","Web","11223290","4910621","6312669"
"battlenet","Gaming","277118178","8850067","268268111"
"4CHAN","Web","17432","9536","7896"
"JAVA-RMI","Network Service","7795","5032","2763"
"Vine","Media","8303","1276","7027"
"Mixpanel","Web","10577407","7317003","3260404"
"Smart AdServer","Web","57170551","16307145","40863406"
"Cedexis","Web","6282771","1538322","4744449"
"Amazon Cloud Drive","Web","568780","15541","553239"
"Gettyimages","Web","4027682","173801","3853881"
"Google Calendar","Web","43479994","13608121","29871873"
"quic","Network Service","28747271","10901641","17845630"
"I2P Invisible Internet Project","Tunneling and VPN","26340","8380","17960"
"PubMatic","Web","87517737","44866226","42651511"
"Index Exchange (previously Casale Media)","Web","32251437","11987881","20263556"
"LOTAME","Web","9305394","1537715","7767679"
"Rubicon Project","Web","103123627","46030472","57093155"
"CPMSTAR","Web","496567","50772","445795"
"ADTECH","Web","1482990","100540","1382450"
"Sizmek (previously MediaMind)","Web","7554059","514460","7039599"
"AOL One","Web","2972435","237688","2734747"
"Rlcdn","Web","11199016","2114291","9084725"
"Realestate","Web","249105","44027","205078"
"Kakaocdn","Infrastructure","32972805","688596","32284209"
"Advertising.com","Web","3028333","900513","2127820"
"Facebook Embedded Video","Media","8062396517","209141771","7853254746"
"Ad Safe Protected","Web","76909671","11024105","65885566"
"Atlas Solutions","Web","381008","107080","273928"
"Urbanairship","Web","5690216","1848273","3841943"
"BootstrapCDN","Web","6712432","484955","6227477"
"Apple Music","Media","2211357113","72750033","2138607080"
"Outbrain","Web","105768458","18605750","87162708"
"Fastly","Web","5610958","542439","5068519"
"Unruly","Web","4565105","2013789","2551316"
"Rogers TV","Web","17596160","1896524","15699636"
"UpLynk","Web","82668420","1867687","80800733"
"Moat","Web","102010450","24404197","77606253"
"Krux","Web","20719741","3196054","17523687"
"Periscope","Media","61208191","1528871","59679320"
"Microsoft Office OneNote (Office 365)","Business Application","27527998","24025348","3502650"
"Liveperson","Web","11196597","920784","10275813"
"Taboola","Web","233408616","27198415","206210201"
"Zopim","Web","1655088","307804","1347284"
"Mapbox","Web","25729593","1822540","23907053"
"Rackspace","Web","1655628691","156823691","1498805000"
"Signal","Web","803187","85406","717781"
"Ensighten","Web","3361809","544694","2817115"
"Smaato","Web","7833933","3091438","4742495"
"MediaMath","Web","5344994","1820123","3524871"
"LKQD","Web","888971","257001","631970"
"TubeMogul","Web","962118","104594","857524"
"SpotXchange","Web","3152372","728044","2424328"
"Google Web Light","Web","70138","9629","60509"
"Umeng","Web","8223964","4122030","4101934"
"Revcontent","Web","3957584","641008","3316576"
"Hola Web Proxy","Web","37087","22557","14530"
"Google Photos (formerly Google Picasa)","Web","110316792","79456092","30860700"
"Liftoff","Web","2923211","1150951","1772260"
"QQVideo","Web","42966598","1312292","41654306"
"Bazaarvoice","Web","8690270","1226892","7463378"
"Teads","Web","16289340","2325405","13963935"
"Clicktale","Web","8507485","4694725","3812760"
"Highwinds","Web","228716498","5617736","223098762"
"Innovid","Web","145238688","4816177","140422511"
"Tinder","Web","253042523","10498773","242543750"
"Shutterstock","Web","515655","16895","498760"
"Heroku","Web","1989473","214599","1774874"
"IMO Video Calling Application","Media","34616345","17306249","17310096"
"Clash of Clans","Gaming","26441589","2230635","24210954"
"Supercell","Gaming","19575796","829924","18745872"
"Cheetah Mobile","Web","187184","44100","143084"
"Signal Private Messenger (Open Whisper Systems)","Internet Instant Messaging","30458360","12079390","18378970"
"Apple Game Center","Gaming","11652891","3132772","8520119"
"OpenRTB","Web","561409","444315","117094"
"Flashtalking","Web","10425751","958314","9467437"
"Sharethrough","Web","27872084","8444164","19427920"
"AdColony","Web","11551812","3405187","8146625"
"Yieldmo","Web","9615625","1595678","8019947"
"Huawei","Web","32043421","6997227","25046194"
"MGID","Web","2460956","255130","2205826"
"ULP","Network Service","3380616","149126","3231490"
"MaxCDN","Web","131247","17908","113339"
"DoubleVerify","Web","51473398","9225225","42248173"
"Media Innovation Group","Web","1682337","463642","1218695"
"Okta","Web","49304303","10610958","38693345"
"PulsePoint","Web","4702598","1577740","3124858"
"eXelate","Web","1886570","487547","1399023"
"Cloudinary","Web","140229618","4168856","136060762"
"Amplitude","Web","719451709","553167642","166284067"
"Clash Royale","Gaming","127613210","4514413","123098797"
"Canvas Student","Web","148214152","5188838","143025314"
"Instructure","Web","46009277","2442673","43566604"
"shopee.tw","Web","109491","6254","103237"
"Facebook Lite","Social Networking","66239047","8467085","57771962"
"Kakao","Web","279605","78657","200948"
"Apptimize","Web","252674","88365","164309"
"Data Saver","Web","44590085","1304714","43285371"
"Adtelligent","Web","3435730","1283785","2151945"
"Youtube Music","Media","55538958","1961560","53577398"
"Akamai Video","Media","801660","220477","581183"
"Appnext","Web","1028833","192772","836061"
"Tenor","Web","906303613","23615175","882688438"
"Splunk Cloud","Storage and Backup","109095","49270","59825"
"Text Me","Internet Instant Messaging","9663136","3729582","5933554"
"Disqus","Web","38842803","3712686","35130117"
"Grammarly","Web","78352215","27773741","50578474"
"Simpli.fi","Web","26813397","1138069","25675328"
"Google News","Web","4274356","231439","4042917"
"Alibaba Cloud","Web","866038675","322080366","543958309"
"Discord","Internet Instant Messaging","1034459693","52832180","981627513"
"ExpressVPN","Tunneling and VPN","1247115","556438","690677"
"Apple News","Web","190185554","9437750","180747804"
"Megaphone","Web","1615168926","43944680","1571224246"
"Moodle","Social Networking","2636269","278498","2357771"
"Unknown virtual protocol","Unclassified","23999627","1359329","22640298"
"NetEase","Web","98288426","4043119","94245307"
"Unknown virtual protocol","Unclassified","138899784","50017742","88882042"
"Unknown virtual protocol","Unclassified","9258940","6419638","2839302"
"Firework","Internet Instant Messaging","1422575","249296","1173279"
"JWPLAYER","Web","332813179","11959078","320854101"
"Apple TV Plus","Real Time Audio/Video","10664176","324243","10339933"
"Quora","Social Networking","8034758","773125","7261633"
"Toutiao","Web","125683","24355","101328"
"Airbnb","Web","26473338","2433775","24039563"
"Wangwang","Internet Instant Messaging","2614847","992778","1622069"
"Shopify","Web","105488561","3837852","101650709"
"Uber Eats","Web","17727654","5947167","11780487"
"Houseparty","Real Time Audio/Video","217997","34305","183692"
"Likee","Internet Instant Messaging","11066888","3372619","7694269"
"Citrix","Web","206613","43954","162659"
"KOCHAVA","Web","2083612","616899","1466713"
"Sift Science","Web","730175","196771","533404"
"Connatix","Real Time Audio/Video","33663046","3297019","30366027"
"Minute Media","Web","89294022","1936761","87357261"
"UserReport","Web","129477","24121","105356"
" Revolut","Web","6145548","576289","5569259"
"Go Daddy","Web","5725295","426805","5298490"
"Indeed","Web","151555410","42354203","109201207"
"Wired","Web","108855383","2747405","106107978"
"Datadog","Web","5570759","5096199","474560"
"Advance Message Queuing Protocol","Network Service","1829","1052","777"
"BitTorrent","Peer to Peer","74692","9705","64987"
"Connection Oriented Transfer Protocol","Network Service","3097","2104","993"
"Google Groups","Social Networking","1428","334","1094"
"GPRS Tunneling Protocol","Tunneling and VPN","36984545","3859337","33125208"
"Independant Computing Architecture (Citrix)","Remote Desktop","2974","1630","1344"
"Internet Printing Protocol","Business Application","875","542","333"
"IPsec (AH and ESP)","Tunneling and VPN","174630566","35576002","139054564"
"Kerberos","Authentication","86873","36536","50337"
"Netbios Name Service","Network Service","3978","3978","0"
"Network News Transport Protocol","Network Service","2808","1508","1300"
"Post Office Protocol (Version 3)","Email","2808","1508","1300"
"Port Mapper","Network Service","7984","5344","2640"
"Remote Authentication Dial-In User Service","Authentication","8906","1733","7173"
"Real Time Control Protocol","Business Collaboration","311355","43139","268216"
"Real Time Protocol","Business Collaboration","583033130","166816609","416216521"
"Real Time Streaming Protocol","Media","56937","19585","37352"
"ShoutCast","Media","145325","5264","140061"
"Simple Network Management Protocol","Management","39083","39083","0"
"SOCKet Secure v5","Tunneling and VPN","12916","8355","4561"
"Secure Shell","Tunneling and VPN","16022030","6974518","9047512"
"Transparent Network Service (Oracle)","Business Application","5495","3608","1887"
"MPEG-Transport Stream","Real Time Audio/Video","7227362039","176916263","7050445776"
"Simple Network Paging Protocol","Network Service","250367","12653","237714"
"Ares","Peer to Peer","4832","2048","2784"
"Tagged.com","Social Networking","258687","98473","160214"
"Expedia.fr","Web","24269775","12070974","12198801"
"Travelocity.com","Web","128601","18400","110201"
"Realtor.com","Web","10257","1168","9089"
"Flickr","Social Networking","1528775","57693","1471082"
"Deezer","Web","363234","11841","351393"
"Rambler.ru","Web","301237","27429","273808"
"Mail.ru Webmail","Email","587304","195239","392065"
"Real Time Messaging Protocol","Network Service","217674178","6025189","211648989"
"Xbox Live","Gaming","4750771","858741","3892030"
"Badoo.com","Internet Instant Messaging","1572290","212694","1359596"
"DeviantArt.com","Web","6587","804","5783"
"Goodreads.com","Web","442211","41670","400541"
"Last.fm","Media","7162","943","6219"
"LibraryThing.com","Web","248862","10538","238324"
"Meetup","Web","441471","137371","304100"
"MyAnimeList.net","Web","2612928","64104","2548824"
"Odnoklassniki.ru","Social Networking","897291","39377","857914"
"ResearchGATE.net","Web","1749359","104239","1645120"
"Vk.com (Vkontakte)","Social Networking","53363354","2143412","51219942"
"Vox.com","Web","4519","468","4051"
"Yelp.com","Web","31359455","980562","30378893"
"T.38","Network Service","69450","30038","39412"
"Yandex webmail","Email","9093","2105","6988"
"Adobe Flash Plugin Update","Web","60001","15247","44754"
"Archive.org","Web","24873424","292071","24581353"
"Sopcast.org","Media","522815","35422","487393"
"icecast","Media","803055","23084","779971"
"BitDefender Update","Web","922213","302563","619650"
"Symantec Norton AntiVirus Updates","Web","1019767","15972","1003795"
"BBC Player","Media","7095","1503","5592"
"iHeartRADIO","Media","94537","13296","81241"
"Libero.it","Media","3024","1857","1167"
"Pandora Radio","Media","5017","2371","2646"
"Psiphon","Web","101798","14742","87056"
"QQMusic","Peer to Peer","194","116","78"
"Tokbox.com","Web","2335954","835655","1500299"
"SiriusXm.com","Media","388391","45354","343037"
"YouKu","Media","246463","205058","41405"
"Zoho CRM","Business Application","12344","2016","10328"
"GoToMeeting Online Meeting","Business Collaboration","25570","15010","10560"
"WebEx","Business Collaboration","7567649","1603135","5964514"
"GoToMyPC Remote Access","Remote Desktop","3377","239","3138"
"Tor","Anonymizers and Proxies","757675","329187","428488"
"Internet Inter-ORB Protocol","Network Service","4325","2678","1647"
"RSS","Web","302530","5296","297234"
"01net.com","Web","146649","4960","141689"
"Acer","Web","48063","7020","41043"
"Adobe Acrobat DC (Document Cloud)","Web","494536","160685","333851"
"Alexa","Web","21810","2799","19011"
"AlJazeera.net","Web","356033","18089","337944"
"AmericanExpress","Web","3945838","2078182","1867656"
"ATT.com (AT&T)","Web","5642091","2610774","3031317"
"Capital One","Web","2961762","296945","2664817"
"Cnet.com","Web","1690729","54159","1636570"
"Comcast","Web","45375","9209","36166"
"Daily Mail","Web","85825084","3517670","82307414"
"DirecTV.com","Web","12146","1865","10281"
"Fox News","Web","174588","10374","164214"
"FoxSports.com","Web","1085984","42901","1043083"
"IKEA.com","Web","2865725","692206","2173519"
"Intuit.com","Business Application","3774499","2088698","1685801"
"Kaspersky.com","Web","862866","175859","687007"
"Monster.com","Web","63035","14165","48870"
"NASA.gov","Web","114840","3887","110953"
"National Football League (NFL.com)","Web","2953758","314441","2639317"
"Nike.com","Web","370054","30381","339673"
"PlayStation.com","Web","11930081","1128420","10801661"
"Reuters.com","Web","642632","32929","609703"
"Spiegel.de","Web","247881","6976","240905"
"Sports Illustrated","Web","1190141","60247","1129894"
"Univision.com","Web","169162","3142","166020"
"Xbox","Gaming","5925486","198196","5727290"
"XNXX","Web","10449","3313","7136"
"Xvideos.com","Media","583850","112777","471073"
"OICQ","Internet Instant Messaging","63995","35369","28626"
"GMX webmail","Email","1143415","200344","943071"
"Line","Internet Instant Messaging","105927544","65490633","40436911"
"Scribd.com","Web","1708175","306017","1402158"
"Shazam","Web","3429802","227938","3201864"
"TuneIn","Real Time Audio/Video","1932614","84722","1847892"
"Coupang","Web","1549128","357760","1191368"
"Tistory.com","Web","86093","24659","61434"
"Sohu.com","Web","15257203","506328","14750875"
"Ifeng.com","Web","1601826","1142616","459210"
"Alipay","Web","14460452","905089","13555363"
"Sogou.com","Web","245809","170307","75502"
"Alibaba.com","Web","970324","204429","765895"
"iQiyi","Web","703823","20276","683547"
"51.la","Web","56018","15788","40230"
"Zynga.com","Gaming","8157","2221","5936"
"Limelight Networks CDN","Web","1272589549","38220434","1234369115"
"ISO Base Media File Format","Real Time Audio/Video","1057013895","26275110","1030738785"
"MiTalk Messenger (Miliao)","Internet Instant Messaging","728679","128587","600092"
"Ameba.jp","Web","4675","276","4399"
"Hatena.ne.jp","Social Networking","423772","97454","326318"
"Sakura.ne.jp","Web","6761","749","6012"
"Ctrip.com","Web","20642","15366","5276"
"Eastmoney.com","Web","2941849","145874","2795975"
"Ettoday.net","Web","419167","28744","390423"
"Mail189.cn","Email","22340","5364","16976"
"Pixnet.net","Social Networking","220524","77124","143400"
"QQ Games","Gaming","548224","300007","248217"
"QQ Mail","Email","693687","294178","399509"
"QQ News","Web","6295739","357275","5938464"
"Suning.com","Web","88598","63339","25259"
"Udn.com","Web","130339","10156","120183"
"Pornhub","Web","6170","1984","4186"
"Nokia Here API","Web","2121702","203084","1918618"
"MeetMe.com","Social Networking","600041","57422","542619"
"Mobage games","Gaming","413368","69182","344186"
"SoftBank.com","Web","6175","1332","4843"
"Nend.net","Web","33530","4527","29003"
"Sina Video","Media","179907","147141","32766"
"ESPN.go.com","Web","32945837","3384812","29561025"
"Imgur.com","Storage and Backup","117402326","2650219","114752107"
"Evernote","Web","2466850","1513365","953485"
"Apple Maps","Web","1917118","123490","1793628"
"Bet365.com","Web","749632","79050","670582"
"Issuu.com","Web","873070","61361","811709"
"Mendeley.com","File Sharing","73466","16874","56592"
"Saavn Bollywood Music","Media","549420","230236","319184"
"touch","Internet Instant Messaging","6531","2368","4163"
"Bitcoin client","Peer to Peer","1829","1052","777"
"Orange.com","Web","5609","2779","2830"
"AVG.com","Web","22530","9873","12657"
"ElPais.com","Web","334526","27214","307312"
"T-Online.de","Web","2931782","95312","2836470"
"Marca.com","Web","319333","35621","283712"
"ESPNCricinfo.com","Web","372223","21275","350948"
"Goal.com","Web","10401","1917","8484"
"Apple HTTP Live Streaming","Real Time Audio/Video","413887876","14725727","399162149"
"Free","Web","1787","1052","735"
"24h.com.vn","Web","5835143","243508","5591635"
"craigslist","Web","1690498","117933","1572565"
"DBS Bank (dbs.com.sg)","Web","2220520","658159","1562361"
"Hurriyet.com.tr","Web","6547","2414","4133"
"Indiatimes","Web","1109996","66325","1043671"
"ING Bank","Web","39438","17111","22327"
"Internet Small Computer Systems Interface","Network Service","2500","1408","1092"
"System Center Configuration Manager","Management","2431","1775","656"
"Background Intelligent Transfer Service","File Sharing","112790537","11956894","100833643"
"Seznam.cz","Web","131826","6310","125516"
"Hotspot Shield","Tunneling and VPN","120929","72941","47988"
"AliExpress.com","Web","10027034","562217","9464817"
"Rt.com","Web","4230078","242719","3987359"
"Seneweb.com","Web","3681827","242488","3439339"
"UOL.com.br","Web","1354666","263423","1091243"
"Milliyet.com.tr","Web","527216","40449","486767"
"News24.com","Web","201176","9971","191205"
"Aib","Web","134466","21951","112515"
"News","Web","353263","18397","334866"
"Myjoyonline","Web","310048","40781","269267"
"Gameloft Games","Gaming","49000","11945","37055"
"Aastocks","Web","29563751","6017520","23546231"
"Candy Crush Saga","Gaming","4696063","1563542","3132521"
"King Digital Entertainment","Gaming","3199717","379386","2820331"
"Waze Social GPS Maps & Traffic","Web","38480544","2089336","36391208"
"Symantec","Web","2305806","379695","1926111"
"OpenStreetMap","Infrastructure","189227","12574","176653"
"World Series of Poker","Gaming","115954319","7682282","108272037"
"Traffic Factory","Business Application","33328","8394","24934"
"Plenty Of Fish","Web","7469611","3507405","3962206"
"Apsalar","Business Application","536002","24814","511188"
"zalo","Internet Instant Messaging","26407566","5522147","20885419"
"Mubi","Media","576736","92753","483983"
"Abs.cbnnews","Web","130795","22693","108102"
"Taobao Ad Network and Exchange","Web","343639","71335","272304"
"FileRIO","Storage and Backup","19274183","461452","18812731"
"Lazada","Web","3172313","95822","3076491"
"Theladbible","Web","18754","1666","17088"
"Flipboard","Web","42185654","1937338","40248316"
"Traffic Junky","Web","4860","1177","3683"
"Constant Contact","Web","1099936","39376","1060560"
"GitHub","Web","5453934","567216","4886718"
"Bitbucket","Web","46254","4710","41544"
"Atlassian","Web","20145","6671","13474"
"Web.DE","Web","530748","99513","431235"
"Internet.org","Web","23294","5453","17841"
"My.com","Web","43320","20078","23242"
"Bizographics","Web","34988","6529","28459"
"Aptoide","Web","6355","1216","5139"
"Helpshift","Web","439161","115821","323340"
"Splunk","Web","14166","6409","7757"
"Winamax","Web","12679","1190","11489"
"CBS Video","Web","1098810","151554","947256"
"LogMeIn","Remote Desktop","181055","77808","103247"
"Disney Channel","Web","2189834","173115","2016719"
"Heavy.com","Web","6251","656","5595"
"NBC","Web","2536263","143692","2392571"
"Localytics","Web","1360745","370721","990024"
"MoPub","Web","305122","134019","171103"
"Microsoft Translator (Bing Translator)","Web","73436","13852","59584"
"Perform","Web","130147","15881","114266"
"Microsoft Sway (Office 365)","Business Application","873137","55264","817873"
"Olark","Web","1967608","62739","1904869"
"Uptodown","Web","31442014","575119","30866895"
"Rollout","Web","448436","177742","270694"
"LiveChat","Web","2813633","294405","2519228"
"Riffsy (Tenor.co)","Web","3600244","179290","3420954"
"Tune","Web","73186","18375","54811"
"QINIU","Web","183463","23936","159527"
"MiaoPai","Web","40739","1761","38978"
"Commonwealth Bank of Australia","Web","1495076","416630","1078446"
"Bleacher Report","Web","9529078","248913","9280165"
"Rappler","Web","774599","40244","734355"
"funCaptcha","Web","6408","934","5474"
"MobFox","Web","31209","5042","26167"
"Baidu Maps","Web","2930453","300471","2629982"
"ICY (I Can Yell)","Media","8342325","230768","8111557"
"Younow","Web","152214646","51583419","100631227"
"MQ Telemetry Transport","Network Service","5493","2830","2663"
"nuomi.com","Web","9072","1385","7687"
"Adk2","Web","40669","4518","36151"
"Pokemon GO","Gaming","33108797","2400198","30708599"
"CDNetworks","Infrastructure","486574","45163","441411"
"Weborama","Web","267902","43427","224475"
"Constrained Application Protocol","Network Service","5370","3600","1770"
"Nieuwsblad","Web","162822","11360","151462"
"Uptobox","Web","1801744995","48926614","1752818381"
"Douyu","Gaming","1615632204","61489700","1554142504"
"StackExchange","Web","11421167","801225","10619942"
"StackOverflow","Web","346303","24364","321939"
"Wix","Web","18655288","1252268","17403020"
"Eskimi","Web","3559","428","3131"
"Qatarairways","Web","125000","27286","97714"
"Ubuntu","Web","13400","5595","7805"
"Amazon Music","Media","14991610","1537256","13454354"
"Microsoft Word Online (Office 365)","Business Collaboration","44476882","22199271","22277611"
"OPC Unified Architecture","Web","1829","1052","777"
"Tidal","Media","127447303","4078730","123368573"
"StreamRail","Media","17794","2633","15161"
"Vidyard","Web","5381871","125858","5256013"
"Nintendo","Gaming","3032966","614421","2418545"
"ADventori","Web","93665","18914","74751"
"Audible","Real Time Audio/Video","240126","115758","124368"
"OpenRice","Web","1646507","68318","1578189"
"HK Observatory","Web","184890","32548","152342"
"Oriental Daily News (on.cc)","Web","41033548","1129834","39903714"
"Aerserv","Web","6912","1160","5752"
"Google Classroom","Web","136341","38626","97715"
"Samsung Update","Web","426963069","12342544","414620525"
"AnyDesk","Remote Desktop","73831","30948","42883"
"Naij","Web","94073","14929","79144"
"Zhihu","Web","105291006","39453471","65837535"
"Walmart","Web","203987","164505","39482"
"Yandex Music","Real Time Audio/Video","935419","48300","887119"
"Automatic Data Processing (ADP)","Web","25086716","1867450","23219266"
"Zippyshare","Web","2465314","86834","2378480"
"Optus","Web","3962258","85088","3877170"
"Google Secure User Plane Location","Web","867324","123363","743961"
"Gfycat","Web","2603917","79944","2523973"
"Mongodb Protocol","Business Application","988","550","438"
"Chunghwa Telecom","Web","11374","1808","9566"
"Citrix Cloud","Web","6665","953","5712"
"Kahoot!","Web","243110","19114","223996"
"Sportradar","Web","2049423","102047","1947376"
"Wall Street Journal","Web","14046938","803090","13243848"
"ChinaNetCenter ","Web","12454724","429480","12025244"
"Niantic, Inc","Web","784636","82168","702468"
"Snow","Internet Instant Messaging","16715820","861368","15854452"
"Origin","Web","99358","21102","78256"
"Mail.com","Email","1279163","129754","1149409"
"United Internet","Web","1641850","149740","1492110"
"myTV SUPER","Web","81014","4297","76717"
"TVB","Web","7730","2421","5309"
"Workplace By Facebook","Social Networking","81283","22910","58373"
"Electronic Arts","Web","175311","52232","123079"
"Digioh","Web","1391147","79191","1311956"
"UC Browser","Web","1373852","763082","610770"
"Mediascope","Web","177692","52417","125275"
"YouTube Kids","Media","1823355","506912","1316443"
"Domain Name Service Crypt","Network Service","93331","37504","55827"
"Fox Networks","Web","359952","24364","335588"
"9GAG","File Sharing","158951584","4352471","154599113"
"AnchorFree","Tunneling and VPN","6581","882","5699"
"Epic_games","Gaming","34478834","1256446","33222388"
"Unreal_engine","Gaming","12869543","4705052","8164491"
"EtiSalat C'Me","Internet Instant Messaging","6955","2183","4772"
"Vonage Mobile","Media","1274570","84382","1190188"
"IBM","Web","13229","1926","11303"
"Spring Tech VPN","Tunneling and VPN","32124085","6796409","25327676"
"RingCentral","Business Collaboration","247288","12026","235262"
"PlayerUnknown's BattleGrounds","Gaming","6831239","492420","6338819"
"Visual IQ","Web","284597","80048","204549"
"Alibaba Group","Web","5058852","227609","4831243"
"League of Legends","Gaming","74276","5923","68353"
"Dragon Ball","Gaming","20473962","896240","19577722"
"Redis","Business Application","16129","8230","7899"
"Google Play Books","Web","136912","14729","122183"
"ProtonMail","Email","106664","17586","89078"
"Bluehost","Web","222974","54823","168151"
"Warner Bros. Interactive Entertainment","Gaming","2863999","76735","2787264"
"Ted Conferences","Web","74346","24351","49995"
"Singapore Government","Web","120138","26665","93473"
"Litres read,Litres listen","Web","12545","4087","8458"
"WorkspaceOne","Web","112863","19238","93625"
"iBooks","Web","2249700","336260","1913440"
"Fandom","Web","10418070","421522","9996548"
"Tesla","Web","12847","3807","9040"
"Google GSuite","Web","2606056","578096","2027960"
"W3Schools","Web","592433","26264","566169"
"Codepen","Web","1590743","1108410","482333"
"Didi","Web","1524644","599918","924726"
"OpenSignal","Web","195688","186000","9688"
"TripAdvisor","Web","49583611","1989711","47593900"
"Mynt","Web","10243","4731","5512"
"DAZN","Real Time Audio/Video","12541","5443","7098"
"PubNub","Web","507266","165688","341578"
"Unknown virtual protocol","Unclassified","554259","20031","534228"
"Unknown virtual protocol","Unclassified","2107285","54209","2053076"
"Unknown virtual protocol","Unclassified","322007","184763","137244"
"Unknown virtual protocol","Unclassified","854953","45441","809512"
"Unknown virtual protocol","Unclassified","80578635","1666958","78911677"
"Unknown virtual protocol","Unclassified","386510812","12677709","373833103"
"Discovery Inc","Real Time Audio/Video","10867","3453","7414"
"Eurosport","Web","5010474","201973","4808501"
"Eurosport Player","Real Time Audio/Video","8870","3584","5286"
"Bumble","Web","53144318","4253269","48891049"
"Qwant","Web","694232","23623","670609"
"National Public Radio","Web","3725759","120767","3604992"
"Acast","Real Time Audio/Video","1312887482","37569821","1275317661"
"Raknet","Gaming","11394961","7005501","4389460"
"Wireguard","Tunneling and VPN","157854923","19394963","138459960"
"China International Broadcasting Network (CIBN)","Web","61066","13614","47452"
"Bigo","Web","24327042","1349748","22977294"
"Google Stadia","Web","802789","153656","649133"
"BAMTech","Real Time Audio/Video","8700749","2746184","5954565"
"Disney Plus","Real Time Audio/Video","445133719","10454588","434679131"
"Agora","Network Service","263738","106942","156796"
"Tuchong","Web","2895056","2703568","191488"
"Zhenai","Web","420105","242123","177982"
"MediaLab","Web","1766240","1127931","638309"
"Baidu Tieba","Social Networking","34263170","6056539","28206631"
"Browsec VPN","Tunneling and VPN","4647","3315","1332"
"Workday","Business Application","17909142","1501886","16407256"
"Service Now","Web","280803","126491","154312"
"StackPath","Web","106540","17408","89132"
"Ximalaya","Real Time Audio/Video","9902","2588","7314"
"Roblox","Gaming","6220","1485","4735"
"BridTV","Real Time Audio/Video","420512","24063","396449"
"YY","Real Time Audio/Video","33469","15148","18321"
"Microsoft Dynamics","Business Application","321630","36559","285071"
"Digital Turbine","Web","44673021","1430338","43242683"
"Pluto TV","Real Time Audio/Video","4549630","165905","4383725"
"Amber Weather","Web","5440","1355","4085"
"adRise","Real Time Audio/Video","108772","13202","95570"
"Tubi TV","Real Time Audio/Video","12469056","877294","11591762"
"Demandbase","Web","865456","41909","823547"
"ToTok Messenger","Internet Instant Messaging","143056","59544","83512"
"Amazon Alexa Assistant","Business Collaboration","1154324","334894","819430"
"Spotify Audio","Real Time Audio/Video","2350553115","58530093","2292023022"
"Hearthstone","Gaming","6784022","314444","6469578"
"Arena of Valor","Gaming","1593810","412302","1181508"
"Zerotier","Tunneling and VPN","1055813","568365","487448"
"Xbox Cloud Gaming","Gaming","43772","13918","29854"
"Coursera","Web","21878","3187","18691"
"The Blaze","Web","2101551","76204","2025347"
"WordReference.com","Web","1201773","40410","1161363"
"E! Online","Web","414999","28999","386000"
"Hotels.com","Web","2271682","503799","1767883"
"NHL.com","Web","1805605","101424","1704181"
"Priceline.com","Web","1201929","175787","1026142"
"RetailMeNot","Web","731789","186665","545124"
"SFGate","Web","2265871","253659","2012212"
"BambooHR","Web","11882619","525038","11357581"
"The Daily Beast","Web","249322","10518","238804"
"The Free Dictionary","Web","21360","1333","20027"
"TIME","Web","2156251","307219","1849032"
"TMZ","Web","2141310","168479","1972831"
"United Airlines","Web","25143701","2048031","23095670"
"Nvidia","Web","107793","21252","86541"
"Geforce Now","Gaming","240720","81738","158982"
"Call of Duty Mobile","Gaming","167466009","12531187","154934822"
"The Walt Disney Company","Web","1235070","116941","1118129"
"Kickstarter","Web","30031722","698864","29332858"
"Indiegogo","Web","1039675","37140","1002535"
"FedEx","Web","2539309","203115","2336194"
"Kayak","Web","13574225","568309","13005916"
"Eventbrite","Web","41158843","2725908","38432935"
"WarnerMedia","Web","73417929","3405587","70012342"
"Bilibili","Web","3959787138","106245189","3853541949"
"Unknown virtual protocol","Unclassified","1522231","766208","756023"
"ShoreTel","Business Collaboration","72882","28220","44662"
"ZoomCRC","Business Collaboration","1314","648","666"
