"Application","Category","Total Bytes","Bytes Received","Bytes Sent"
"Domain Name Service","Network Service","1438547550","746912237","691635313"
"Google Mail","Email","737465312","67433044","670032268"
"Google Search","Web","437160492","74269431","362891061"
"HyperText Transfer Protocol","Web","2963138299","248824532","2714313767"
"HyperText Transfer Protocol Secure","Web","13843074301","1368777588","12474296713"
"Internet Control Message Protocol","Network Service","3860956532","2317486314","1543470218"
"Internet Message Access Protocol version 4","Email","104456680","37692756","66763924"
"Internet Protocol","Network Service","0","0","0"
"Network Time Protocol","Network Service","560245","331492","228753"
"Skype and Teams","Business Collaboration","163444711","8488172","154956539"
"Simple Object Access Protocol","Network Service","1463354717","698362452","764992265"
"Secure Shell","Tunneling and VPN","34582559","17793986","16788573"
"Secure Socket Layer","Tunneling and VPN","16976460028","2319970242","14656489786"
"Session Traversal Utilities for NAT","Business Collaboration","2570624","1418928","1151696"
"Transmission Control Protocol","Other TCP/UDP","7823943487","418684103","7405259384"
"User Datagram Protocol","Other TCP/UDP","77185483058","10329625072","66855857986"
"Youtube.com","Media","9310304653","376642468","8933662185"
"Facebook","Social Networking","51591092547","1472529529","50118563018"
"Google Ads","Web","734915410","132893565","602021845"
"LinkedIn","Social Networking","121553667","5865672","115687995"
"Apple Generic Services","Web","10099870409","305005174","9794865235"
"Online Certificate Status Protocol","Business Application","9469594","3693714","5775880"
"iTunes","Media","4843814010","163277863","4680536147"
"Spotify","Media","566295434","82076698","484218736"
"TeamViewer","Remote Desktop","298462629","183918042","114544587"
"Bing.com (formerly MSN Search)","Web","185226435","34360226","150866209"
"Windows Update","Web","3985347400","332869683","3652477717"
"Chrome Update","Web","177326180","11860907","165465273"
"Google Analytics,Google Marketing Platform","Web","172198715","42256151","129942564"
"Google GStatic","Web","1243954048","62255558","1181698490"
"Dropbox","Storage and Backup","83459594","64042882","19416712"
"Google Generic","Web","467929782","65882224","402047558"
"Amazon Generic Services","Web","4649335792","917892282","3731443510"
"Weather.com","Web","38172987","4341156","33831831"
"WhatsApp Messenger","Internet Instant Messaging","2001875764","522026111","1479849653"
"Apple App Store","Web","9427356156","177561926","9249794230"
"Windows Marketplace","Web","319122644","29547218","289575426"
"Apple Push Notification Service","Web","257209342","160634816","96574526"
"iOS over-the-air (OTA) update","Web","1896243589","31046903","1865196686"
"Samsung Apps","Web","29613641","5459312","24154329"
"Google Play Store","Media","1091980240","165251583","926728657"
"iCloud (Apple)","Storage and Backup","4022627611","1223615028","2799012583"
"Instagram","Web","30408207137","1050888687","29357318450"
"Amazon Web Services/Cloudfront CDN","Infrastructure","5128278517","1322414434","3805864083"
"Akamai Technologies CDN","Web","631591303","16322879","615268424"
"Microsoft Azure (previously Windows Azure)","Infrastructure","31415086","4344274","27070812"
"Yahoo.com","Web","406911277","43158065","363753212"
"Google Talk (incl. Hangouts and Allo and Duo)","Real Time Audio/Video","632534126","196668462","435865664"
"CloudFlare CDN","Infrastructure","3602872766","121190429","3481682337"
"Microsoft Office 365","Business Collaboration","485979198","68838172","417141026"
"Microsoft SharePoint Online (Office 365)","Business Application","167745446","47283926","120461520"
"Microsoft Outlook (Office 365)","Business Application","815531547","296727967","518803580"
"Apple SIRI","Web","54482210","36862760","17619450"
"Google Documents (aka Google Drive)","Storage and Backup","12086959","5057675","7029284"
"Google Accounts","Web","45159500","10111038","35048462"
"Amazon Ad System","Web","82161741","17217011","64944730"
"Snapchat","Social Networking","7278896269","753278412","6525617857"
"Bitstrips","Social Networking","146843500","6119370","140724130"
"Adobe","Business Application","791186786","31416929","759769857"
"Zendesk","Business Collaboration","12558944","765071","11793873"
"Google Safe Browsing","Web","4070488","965310","3105178"
"Inneractive","Web","87023027","59708970","27314057"
"Samsung","Web","133981044","47891498","86089546"
"Facebook Messenger","Internet Instant Messaging","2317434469","941906161","1375528308"
"InMobi","Web","88798683","32841257","55957426"
"Google Cloud Storage","Web","2165677630","2022286214","143391416"
"Google Cloud Messaging","Web","113489546","29041588","84447958"
"Google Calendar","Web","19427106","5327804","14099302"
"Apple Location","Web","1050702182","121779223","928922959"
"HyperText Transfer Protocol version 2","Web","17149719688","889205081","16260514607"
"GitHub","Web","337244342","3751674","333492668"
"Google Tag Manager","Web","148099949","14550652","133549297"
"Urbanairship","Web","5126982","1394111","3732871"
"Applovin","Web","698917593","132588172","566329421"
"Android connectivity Manager","Network Service","10024781","5016365","5008416"
"Heap","Web","75033856","44947658","30086198"
"Microsoft OneDrive","Web","505483951","160608073","344875878"
"Microsoft","Web","2602801399","414391044","2188410355"
"New Relic","Web","50364514","26348444","24016070"
"HyperText Transfer Protocol proxy","Network Service","165336321","49359732","115976589"
"StackExchange","Web","479473","239833","239640"
"Firebase Cloud Messaging","Web","307364546","167571671","139792875"
"Huawei","Web","3087077","1039656","2047421"
"AnyDesk","Remote Desktop","555489","243750","311739"
"Okta","Web","56725842","18350222","38375620"
"Google Cloud Platform","Web","18510839","6034107","12476732"
"Cisco","Web","3944643","1690359","2254284"
"Grammarly","Web","40582380","2814025","37768355"
"TikTok (Musical.ly)","Social Networking","57227407091","2256284076","54971123015"
"Discord","Internet Instant Messaging","458695144","18330992","440364152"
"Apple News","Web","119415383","5509296","113906087"
"Google APIs","Web","1487422624","442854458","1044568166"
"Amazon Cognito","Web","17714046","5606099","12107947"
"Google Messages","Internet Instant Messaging","33682577","10052909","23629668"
"Pendo","Web","9483408","3369621","6113787"
"Contentful","Web","157538562","14688035","142850527"
"Digicert","Web","14636180","1726872","12909308"
"Intercom","Web","119109909","50522186","68587723"
"SD-WAN Control","SD-WAN","28571356664","15345221311","13226135353"
"SD-WAN Management","SD-WAN","192381242","94454242","97927000"
"TencentMeeting","Business Collaboration","90601473","18292839","72308634"
"BitTorrent","Peer to Peer","3586","2628","958"
"Dailymotion.com","Media","6591173","165340","6425833"
"eBay.com","Web","5628908","1115203","4513705"
"File Transfer Protocol","File Sharing","9931","5132","4799"
"Google Earth","Web","71112420","4755830","66356590"
"Google Maps","Web","28791445","5269647","23521798"
"GPRS Tunneling Protocol","Tunneling and VPN","1112521","310758","801763"
"Internet Message Access Protocol Secure","Email","18160849","3039705","15121144"
"IPsec (AH and ESP)","Tunneling and VPN","83068396","45200168","37868228"
"Internet Security Association and Key Management Protocol","Tunneling and VPN","18251084","9155864","9095220"
"XMPP Protocol (Jabber)","Business Collaboration","582982","291555","291427"
"Lighweight Directory Access Protocol","Authentication","137501","6959","130542"
"McAfee Client update","Business Application","45369817","2043249","43326568"
"Netbios Name Service","Network Service","6240","6240","0"
"QQ","Internet Instant Messaging","4502","4502","0"
"Real Time Control Protocol","Business Collaboration","116764","50365","66399"
"Real Time Protocol","Business Collaboration","333708643","32950693","300757950"
"Session Initiation Protocol","Business Application","132317","55794","76523"
"Simple Mail Transfer Protocol","Email","1554829","1467355","87474"
"Simple Mail Transfer Protocol Secure","Email","3833","638","3195"
"Simple Network Management Protocol","Management","219314","219314","0"
"VMWare","Remote Desktop","12081","4640","7441"
"Wikipedia.com","Web","80021990","6527465","73494525"
"Yahoo Search","Web","620524","45130","575394"
"Yahoo Mail v.2.0","Email","65871209","10708786","55162423"
"MPEG-Transport Stream","Real Time Audio/Video","1696077","33372","1662705"
"Windows Live Hotmail","Email","35305552","7589026","27716526"
"Secure AIM","Internet Instant Messaging","730299","63370","666929"
"Yahoo Maps","Web","9512","3596","5916"
"Realtor.com","Web","9931","1492","8439"
"WordPress.com","Social Networking","4579379","211981","4367398"
"Flickr","Social Networking","362839","8340","354499"
"Deezer","Web","18573766","437800","18135966"
"Mail.ru Webmail","Email","1091","456","635"
"Steampowered.com","Gaming","27424718","1003984","26420734"
"Xbox Live","Gaming","413124","78964","334160"
"Foursquare.com","Web","3268771","1156532","2112239"
"Goodreads.com","Web","204238","42011","162227"
"Last.fm","Media","87057","5577","81480"
"Meetup","Web","39962","4040","35922"
"MocoSpace.com","Web","207247","15871","191376"
"Tumblr","Social Networking","36032","3099","32933"
"Twitter","Social Networking","1058677888","48520103","1010157785"
"Vk.com (Vkontakte)","Social Networking","81229","3825","77404"
"Yelp.com","Web","1137364","38267","1099097"
"Yandex.ru","Web","1452444","334846","1117598"
"Baidu.com","Web","269642484","8770016","260872468"
"Adobe Flash Plugin Update","Web","52563","11077","41486"
"Firefox Update","Web","2147189","64300","2082889"
"Java Update","Web","73865139","5453984","68411155"
"Apple Update","Web","4587329","105241","4482088"
"Opera Update","Web","263906","78934","184972"
"BitDefender Update","Web","1092652","404556","688096"
"Viber","Real Time Audio/Video","5512296","1027009","4485287"
"Tango Video Calls","Real Time Audio/Video","2161356","73970","2087386"
"Netflix.com","Media","50189892412","820947274","49368945138"
"BBC Player","Media","10228056","120076","10107980"
"Box","File Sharing","34307","2143","32164"
"Channel 4 (Channel Four Television)","Web","8091","891","7200"
"Google Translate","Web","1450890","447442","1003448"
"iHeartRADIO","Media","1301788","131747","1170041"
"Napster.com","Web","66778","1829","64949"
"Pandora Radio","Media","37701","1591","36110"
"Salesforce","Business Application","1205772","353332","852440"
"Shutterfly.com","Web","5073","787","4286"
"Portal.TidalTV.com","Web","427392","107939","319453"
"SiriusXm.com","Media","12018169","342415","11675754"
"YouKu","Media","144826","131024","13802"
"GoToMeeting Online Meeting","Business Collaboration","5586","1111","4475"
"WebEx","Business Collaboration","250563951","58573480","191990471"
"BlackBerry.com","Web","282544","108146","174398"
"Flash Media Playback","Media","186782","13100","173682"
"AccuWeather","Web","6273597","720695","5552902"
"Adobe Acrobat DC (Document Cloud)","Web","52657","13826","38831"
"AlJazeera.net","Web","1739","677","1062"
"AmericanExpress","Web","8613","1151","7462"
"ATT.com (AT&T)","Web","10803","4592","6211"
"Blogger","Web","4449370","137584","4311786"
"Capital One","Web","192870","15502","177368"
"Cnet.com","Web","3074676","120014","2954662"
"CNN (Cable News Network)","Web","64499715","6269935","58229780"
"Comcast","Web","6730311","1125614","5604697"
"Daily Mail","Web","3965540","392815","3572725"
"Daum.net","Web","410650","21328","389322"
"Fox News","Web","462435","9576","452859"
"Groupon","Web","2019100","149300","1869800"
"IKEA.com","Web","50664","2233","48431"
"Intuit.com","Business Application","1866190","818477","1047713"
"Kaspersky.com","Web","1052260","459532","592728"
"Mozilla.com - Mozilla.org","Web","291430868","136671410","154759458"
"Naver Corporation (formerly NHN Corporation)","Web","844720","33417","811303"
"NBA.com","Web","21227","2034","19193"
"National Football League (NFL.com)","Web","3124375","144774","2979601"
"Nike.com","Web","13415000","2057045","11357955"
"NYTimes.com","Web","27443881","1125685","26318196"
"PlayStation.com","Web","635086","194607","440479"
"Reuters.com","Web","271773","12453","259320"
"RTL Group","Web","1064849","22429","1042420"
"Sports Illustrated","Web","92565","19151","73414"
"Sprint.com","Web","28043","4750","23293"
"TF1.fr","Web","1563457","119848","1443609"
"Vimeo","Web","1155254786","20215213","1135039573"
"Xbox","Gaming","447059","75816","371243"
"Xvideos.com","Media","71775","20456","51319"
"Taobao","Web","801250","291018","510232"
"Google App Engine","Business Application","1590060","346431","1243629"
"GMX webmail","Email","109789","28047","81742"
"Apple FaceTime","Real Time Audio/Video","2612135089","1153524614","1458610475"
"Line","Internet Instant Messaging","1057989","117503","940486"
"Google Plus","Web","45558","4119","41439"
"Scribd.com","Web","6521071","676395","5844676"
"Shazam","Web","1163156","146946","1016210"
"SoundCloud","Media","174938760","4628188","170310572"
"KakaoTalk","Internet Instant Messaging","20868114","9394349","11473765"
"Rhapsody","Media","7758","1855","5903"
"Amazon Prime Video","Media","836067472","16620754","819446718"
"QQ.com","Web","8186038","1575380","6610658"
"Sohu.com","Web","57050","20934","36116"
"Chinaz.com","Web","4027","718","3309"
"Alipay","Web","14857","7379","7478"
"Alibaba.com","Web","243784","65253","178531"
"Zynga.com","Gaming","269106220","24975707","244130513"
"Limelight Networks CDN","Web","1018917212","24059100","994858112"
"Datagram Transport Layer Security","Tunneling and VPN","327107176","101772171","225335005"
"ISO Base Media File Format","Real Time Audio/Video","74339813","1994423","72345390"
"KIK Messenger","Internet Instant Messaging","1208808","107238","1101570"
"WeChat","Internet Instant Messaging","12314180","1706201","10607979"
"Rakuten.co.jp","Web","94746","12669","82077"
"Ctrip.com","Web","4566198","104374","4461824"
"QQ Games","Gaming","371007","298616","72391"
"Tencent.com","Internet Instant Messaging","348511","9040","339471"
"Zoho Corporation","Business Application","944547","476433","468114"
"Nokia Here API","Web","467322","19091","448231"
"Microsoft Skype for Business (formerly Microsoft Lync Online) (Office 365)","Business Collaboration","5548","2864","2684"
"Speedtest","File Sharing","226379169","49235878","177143291"
"ESPN.go.com","Web","17479920201","312590788","17167329413"
"Pinterest","Web","274137482","12303830","261833652"
"BuzzFeed.com","Web","2911123","351585","2559538"
"Reddit.com","Web","296631972","11779306","284852666"
"Internet Movie Database","Web","1971757","93612","1878145"
"Imgur.com","Storage and Backup","1709317","25236","1684081"
"ImageShack","File Sharing","7444983","163701","7281282"
"Apple Maps","Web","1271156","42233","1228923"
"WebSocket","Network Service","8638","5721","2917"
"Bet365.com","Web","18867","4738","14129"
"LastPass.com","Web","2722861","168244","2554617"
"touch","Internet Instant Messaging","1338","282","1056"
"Vsee","Real Time Audio/Video","14289793","175500","14114293"
"Paypal.com","Web","376119966","19178411","356941555"
"BBC","Web","11427786","529948","10897838"
"AVG.com","Web","18713","3329","15384"
"ElPais.com","Web","221174","20154","201020"
"Kooora.com","Web","1785866","434647","1351219"
"Apple HTTP Live Streaming","Real Time Audio/Video","28808626","354209","28454417"
"AlManar.com","Web","1096967","31528","1065439"
"craigslist","Web","1580164","305561","1274603"
"Kijiji.ca","Web","100934986","3053499","97881487"
"Internet Small Computer Systems Interface","Network Service","832","230","602"
"System Center Configuration Manager","Management","13920","7458","6462"
"Background Intelligent Transfer Service","File Sharing","40976216","4850201","36126015"
"Conviva","Infrastructure","14136617","11647255","2489362"
"AliExpress.com","Web","4144149","140056","4004093"
"Wp.pl","Web","40222","11420","28802"
"Elnashra.com","Web","5189","4157","1032"
"Zing.vn","Web","35477","7668","27809"
"Fox Business Network","Web","28520","2099","26421"
"News","Web","264669","7402","257267"
"Aol","Web","2225881","176393","2049488"
"AddThis","Web","4160632","298470","3862162"
"Turn","Web","1391926","364795","1027131"
"ScorecardResearch","Web","20459280","5291998","15167282"
"Quantcast","Web","5141236","982871","4158365"
"Telegram","Internet Instant Messaging","46597630","2043794","44553836"
"Candy Crush Saga","Gaming","440597","103165","337432"
"King Digital Entertainment","Gaming","1065379","88857","976522"
"Waze Social GPS Maps & Traffic","Web","2514932","158252","2356680"
"Huffington Post","Web","208509","5476","203033"
"Symantec","Web","10302257","377716","9924541"
"Oracle","Web","2229357","566094","1663263"
"Plants vs Zombies","Gaming","6596234","264329","6331905"
"TRUSTe","Web","6389386","567661","5821725"
"OpenStreetMap","Infrastructure","570547","30885","539662"
"Criteo","Web","54295847","20525002","33770845"
"Flurry","Business Application","7058162","3651041","3407121"
"Crashlytics","Web","11921914","2431219","9490695"
"Brightcove","Media","1429053413","26535739","1402517674"
"Plenty Of Fish","Web","6141249","3184193","2957056"
"Twitch","Media","182497329","3664460","178832869"
"BoldChat Live Chat","Internet Instant Messaging","197365","49831","147534"
"AppsFlyer","Business Application","35715897","13133789","22582108"
"Gravatar","Business Collaboration","401054","46823","354231"
"FreeWheel","Web","1383151","254644","1128507"
"Xiaomi","Web","2201702","376208","1825494"
"Turner","Web","9325897","254898","9070999"
"Nielsen","Web","3271034","699109","2571925"
"Stickyads","Web","5197654","1502365","3695289"
"battlenet","Gaming","117125","20051","97074"
"Mixpanel","Web","5156339","3364601","1791738"
"Smart AdServer","Web","33705891","16513057","17192834"
"Cedexis","Web","1875876","562648","1313228"
"Amazon Cloud Drive","Web","321348924","309344642","12004282"
"Flipboard","Web","6514084","583218","5930866"
"Traffic Junky","Web","9861","1643","8218"
"quic","Network Service","682051","8282","673769"
"OpenX","Web","3158460","960791","2197669"
"PubMatic","Web","58777233","41236833","17540400"
"Index Exchange (previously Casale Media)","Web","14723169","4260293","10462876"
"LOTAME","Web","5943623","1219340","4724283"
"Rubicon Project","Web","42082903","11748012","30334891"
"CPMSTAR","Web","591029","120775","470254"
"ADTECH","Web","110006","18199","91807"
"Sizmek (previously MediaMind)","Web","5323896","358607","4965289"
"AppNexus","Web","137200222","83080543","54119679"
"AOL One","Web","922737","94152","828585"
"Rlcdn","Web","4335131","737815","3597316"
"Realestate","Web","99806","16441","83365"
"Constant Contact","Web","18971089","214257","18756832"
"Bitbucket","Web","5677","1438","4239"
"Bongacams","Web","99074","4866","94208"
"Sabah","Web","142271","4677","137594"
"Atlassian","Web","24028","8357","15671"
"Internet.org","Web","31556","8637","22919"
"Kakaocdn","Infrastructure","8442","799","7643"
"Advertising.com","Web","1036269","311267","725002"
"Facebook Embedded Video","Media","2669037105","26220268","2642816837"
"My.com","Web","33858","20623","13235"
"Ad Safe Protected","Web","46878260","6996149","39882111"
"Aptoide","Web","225782","99583","126199"
"Helpshift","Web","6728343","1753189","4975154"
"Adjust.com","Web","12511896","4958841","7553055"
"Scotiabank","Web","6739655","1474164","5265491"
"Atlas Solutions","Web","118880","33680","85200"
"BootstrapCDN","Web","2527258","182402","2344856"
"Apple Music","Media","700514342","18203938","682310404"
"Outbrain","Web","20422107","3417005","17005102"
"CBS Video","Web","383129","21956","361173"
"Fastly","Web","351785","32514","319271"
"Unruly","Web","1116578","424417","692161"
"Disney Channel","Web","3172344","126246","3046098"
"Rogers TV","Web","698562978","11659201","686903777"
"UpLynk","Web","178524","39564","138960"
"NBC","Web","6321450","528117","5793333"
"Localytics","Web","1269805","451734","818071"
"MoPub","Web","444323","159698","284625"
"Moat","Web","61742386","19525580","42216806"
"Krux","Web","4600642","507973","4092669"
"Perform","Web","1124907","11133","1113774"
"Periscope","Media","135307846","6589649","128718197"
"Microsoft Office OneNote (Office 365)","Business Application","252922","37743","215179"
"Olark","Web","4050758","173477","3877281"
"Branch Metrics","Web","26199598","7491080","18708518"
"Optimizely","Web","9929919","1190995","8738924"
"Liveperson","Web","7104199","371584","6732615"
"Taboola","Web","77541975","9875927","67666048"
"Zopim","Web","1246813","429995","816818"
"Mapbox","Web","3668132","201036","3467096"
"Microsoft Excel Online (Office 365)","Web","15718223","6388241","9329982"
"Rackspace","Web","1257097726","98770847","1158326879"
"Signal","Web","79159","14714","64445"
"LiveChat","Web","473673","28912","444761"
"Riffsy (Tenor.co)","Web","14705652","689800","14015852"
"Ensighten","Web","5868087","1076136","4791951"
"Tune","Web","193976","62298","131678"
"Smaato","Web","7033255","2955894","4077361"
"Braintree","Web","466030","125441","340589"
"Verizon","Web","19147351","13312458","5834893"
"MediaMath","Web","2421503","966055","1455448"
"LKQD","Web","108377","32810","75567"
"jQuery","Web","7309273","378701","6930572"
"Lookout Mobile Security","Business Application","51441","5066","46375"
"Commonwealth Bank of Australia","Web","522759","210513","312246"
"Everest Technologies","Web","8774781","2711686","6063095"
"TubeMogul","Web","1237072","59004","1178068"
"SpotXchange","Web","1260313","442523","817790"
"Umeng","Web","114615","46861","67754"
"Revcontent","Web","2335520","367333","1968187"
"MobFox","Web","46320","9946","36374"
"Google Photos (formerly Google Picasa)","Web","44380333","40686660","3693673"
"Liftoff","Web","2373890","837006","1536884"
"Baidu Maps","Web","7366","3263","4103"
"Uber (formerly UberCab)","Web","76629133","25692462","50936671"
"Slack","Web","44828498","883296","43945202"
"ICY (I Can Yell)","Media","298349","8092","290257"
"Younow","Web","68108467","25767448","42341019"
"Conversant","Web","2387449","756825","1630624"
"Bazaarvoice","Web","4543899","369669","4174230"
"Teads","Web","7882874","1141724","6741150"
"Clicktale","Web","385554","60946","324608"
"Adform","Web","4843682","976819","3866863"
"hotjar","Web","78867141","13547003","65320138"
"ZoomMeetings","Business Collaboration","1253774917","789520028","464254889"
"Pokemon GO","Gaming","193274135","49075320","144198815"
"CDNetworks","Infrastructure","24631948","267613","24364335"
"Weborama","Web","46201","9592","36609"
"Highwinds","Web","19318728","139544","19179184"
"Innovid","Web","82060011","1972938","80087073"
"Wix","Web","27296928","955404","26341524"
"Tinder","Web","113053648","4085092","108968556"
"GIPHY","Web","85069811","2286199","82783612"
"Heroku","Web","4009563","86802","3922761"
"IMO Video Calling Application","Media","1530469","599476","930993"
"Bidswitch","Web","6980969","2784113","4196856"
"Clash of Clans","Gaming","61986145","4273345","57712800"
"Supercell","Gaming","2523547","635336","1888211"
"Amazon Music","Media","4107461","232171","3875290"
"Facebook Live","Media","2722673","2678327","44346"
"Cheetah Mobile","Web","276378","102484","173894"
"Microsoft Word Online (Office 365)","Business Collaboration","12394626","726660","11667966"
"Microsoft Powerpoint Online (Office 365)","Business Collaboration","2688339","60013","2628326"
"Signal Private Messenger (Open Whisper Systems)","Internet Instant Messaging","5339924","970445","4369479"
"Tidal","Media","24221","7570","16651"
"StreamRail","Media","51868","11909","39959"
"Bugsnag","Web","2280039","1290270","989769"
"Vidyard","Web","144105","6251","137854"
"Apple Game Center","Gaming","15125829","3815384","11310445"
"OpenRTB","Web","113821","96881","16940"
"ADventori","Web","80929","17017","63912"
"Tealium","Web","2897511","671221","2226290"
"Audible","Real Time Audio/Video","322133","118753","203380"
"Flashtalking","Web","86264665","1750636","84514029"
"Sharethrough","Web","16834847","4818050","12016797"
"AdColony","Web","17621486","5161209","12460277"
"Yieldmo","Web","6468761","893830","5574931"
"Google Classroom","Web","396129","75214","320915"
"Samsung Update","Web","4642689586","87595386","4555094200"
"MGID","Web","1825923","146112","1679811"
"ULP","Network Service","1209923","50780","1159143"
"Amazon Chime","Business Collaboration","10635","1943","8692"
"Savefrom","Web","776844","38623","738221"
"MaxCDN","Web","957521","200787","756734"
"DoubleVerify","Web","33704731","6647548","27057183"
"Media Innovation Group","Web","664964","187623","477341"
"Zhihu","Web","341074","58911","282163"
"Booking.com","Web","81219","18653","62566"
"Walmart","Web","779953","251919","528034"
"Avast","Web","2240948","354611","1886337"
"DocuSign","Web","5631","988","4643"
"PulsePoint","Web","2194335","654574","1539761"
"eXelate","Web","723955","206350","517605"
"Autodesk Fusion 360","Tunneling and VPN","1700914","98771","1602143"
"Sonobi","Web","2988847","1162712","1826135"
"Cloudinary","Web","109354956","2050567","107304389"
"Google Secure User Plane Location","Web","738176","106640","631536"
"Gfycat","Web","6601384","238242","6363142"
"Amplitude","Web","53777677","47613581","6164096"
"T-Mobile","Web","3483081","124965","3358116"
"Sportradar","Web","154222","10380","143842"
"Wall Street Journal","Web","753995","50535","703460"
"Niantic, Inc","Web","2834425","613604","2220821"
"Clash Royale","Gaming","44413816","4795378","39618438"
"Origin","Web","2240175","325287","1914888"
"Microsoft teams","Internet Instant Messaging","2453573567","1518215889","935357678"
"Electronic Arts","Web","159325464","3752424","155573040"
"Facebook Lite","Social Networking","58763","3819","54944"
"streamRoot","Web","3088","496","2592"
"Kakao","Web","8623","3734","4889"
"Digioh","Web","174003","4986","169017"
"UC Browser","Web","385419","189480","195939"
"x_vpn","Tunneling and VPN","305636037","16183772","289452265"
"Data Saver","Web","1084104","83168","1000936"
"Adtelligent","Web","508728","237607","271121"
"Youtube Music","Media","1354184","422650","931534"
"Akamai Video","Media","270762","69869","200893"
"Tenor","Web","38131952","1421011","36710941"
"IronSource","Business Application","250253014","24202111","226050903"
"Splunk Cloud","Storage and Backup","505558","316954","188604"
"Fortnite","Gaming","5735567","1453059","4282508"
"Text Me","Internet Instant Messaging","20859008","1672241","19186767"
"AnchorFree","Tunneling and VPN","187360","44549","142811"
"textPlus","Internet Instant Messaging","3900754","1019596","2881158"
"Epic_games","Gaming","513969","296796","217173"
"Unreal_engine","Gaming","13462362","4842384","8619978"
"Disqus","Web","14007359","1147322","12860037"
"IBM","Web","387357","41454","345903"
"TunnelBear VPN","Tunneling and VPN","8434","965","7469"
"Microsoft AD Right Management Service","Business Application","64808","37843","26965"
"Simpli.fi","Web","600018","157477","442541"
"ByteDance","Web","536240671","114991006","421249665"
"RingCentral","Business Collaboration","16966","3186","13780"
"Google News","Web","2003391","73505","1929886"
"PlayerUnknown's BattleGrounds","Gaming","15011152","898981","14112171"
"Visual IQ","Web","57727","18499","39228"
"Alibaba Group","Web","121847","15335","106512"
"Alibaba Cloud","Web","1837650","937018","900632"
"CyberGhost","Tunneling and VPN","20901","2710","18191"
"CarbonBlack website","Web","1106303","1066401","39902"
"Mobile Legends","Gaming","227948888","88734047","139214841"
"ExpressVPN","Tunneling and VPN","185611","94192","91419"
"Future_plc","Web","3415630","128292","3287338"
"Wish","Web","187144","13899","173245"
"ProtonMail","Email","21899","3913","17986"
"Warner Bros. Interactive Entertainment","Gaming","113682746","95582997","18099749"
"iBooks","Web","1253859","50615","1203244"
"Fandom","Web","4660848","199333","4461515"
"Tesla","Web","8138","2449","5689"
"Google GSuite","Web","19857277","4305036","15552241"
"AnonyTun","Tunneling and VPN","30188","11904","18284"
"Vungle","Web","202724221","11846631","190877590"
"Codepen","Web","7515","1655","5860"
"Megaphone","Web","441238786","3455330","437783456"
"PubNub","Web","495865","145361","350504"
"Unknown virtual protocol","Unclassified","1502511","35050","1467461"
"Unknown virtual protocol","Unclassified","762554222","13148836","749405386"
"Unknown virtual protocol","Unclassified","114739","17824","96915"
"Unknown virtual protocol","Unclassified","4221276","291505","3929771"
"Unknown virtual protocol","Unclassified","1658245","241896","1416349"
"Unknown virtual protocol","Unclassified","13601518","1690550","11910968"
"NetEase","Web","52438","15433","37005"
"Unknown virtual protocol","Unclassified","35687","28645","7042"
"Unknown virtual protocol","Unclassified","521335","127372","393963"
"Unknown virtual protocol","Unclassified","212445460","132824353","79621107"
"Unknown virtual protocol","Unclassified","5437685","3857198","1580487"
"Unknown virtual protocol","Unclassified","692110115","6454212","685655903"
"Google Pay","Web","6246377","1387237","4859140"
"Bumble","Web","5025045","679952","4345093"
"Acast","Real Time Audio/Video","32877","3196","29681"
"Talkatone","Internet Instant Messaging","635944","224184","411760"
"Wireguard","Tunneling and VPN","319671845","18027599","301644246"
"Firework","Internet Instant Messaging","265429","45667","219762"
"Banggood","Web","1740126","83985","1656141"
"JWPLAYER","Web","145060941","2274600","142786341"
"Bigo","Web","93353","13849","79504"
"BAMTech","Real Time Audio/Video","57292934","35935782","21357152"
"Disney Plus","Real Time Audio/Video","10818388451","242498902","10575889549"
"Apple TV Plus","Real Time Audio/Video","25165207","125161","25040046"
"Quora","Social Networking","14240072","2269315","11970757"
"Toutiao","Web","17572","2196","15376"
"Airbnb","Web","2679056","253978","2425078"
"MediaLab","Web","253011","104058","148953"
"Baidu Tieba","Social Networking","292238393","26883381","265355012"
"Wangwang","Internet Instant Messaging","52477","18277","34200"
"Workday","Business Application","5187744","328226","4859518"
"Shopify","Web","51674917","1458728","50216189"
"Uber Eats","Web","2046591","367978","1678613"
"DoorDash","Web","74908","16267","58641"
"Houseparty","Real Time Audio/Video","46903","7211","39692"
"Roblox","Gaming","1260271370","105938613","1154332757"
"Likee","Internet Instant Messaging","1161177","304164","857013"
"Citrix","Web","75106","26340","48766"
"Microsoft Dynamics","Business Application","18192","3242","14950"
"Digital Turbine","Web","30773589","549404","30224185"
"Pluto TV","Real Time Audio/Video","8674","1211","7463"
"iFunny","Web","103207","1989","101218"
"Demandbase","Web","120384","6675","113709"
"KOCHAVA","Web","1218989","289282","929707"
"Sift Science","Web","151862","32283","119579"
"Amazon Alexa Assistant","Business Collaboration","98715","17507","81208"
"Spotify Audio","Real Time Audio/Video","1698666140","22441521","1676224619"
"Connatix","Real Time Audio/Video","13392909","742068","12650841"
"Minute Media","Web","29012475","1240486","27771989"
"UserReport","Web","84226","19809","64417"
"Go Daddy","Web","3454225","200957","3253268"
"Indeed","Web","34700510","6042245","28658265"
"NHL.com","Web","17674430","367283","17307147"
"Priceline.com","Web","49967","11485","38482"
"Slate Magazine","Web","2962377","61459","2900918"
"TIME","Web","36912","2180","34732"
"TMZ","Web","60019","5514","54505"
"United Airlines","Web","2264","780","1484"
"Nvidia","Web","6079","987","5092"
"Geforce Now","Gaming","47536","9600","37936"
"Call of Duty Mobile","Gaming","21142237","626240","20515997"
"The Walt Disney Company","Web","61493","24717","36776"
"Wired","Web","19239718","143660","19096058"
"Kickstarter","Web","6488","770","5718"
"Indiegogo","Web","8850","1121","7729"
"WarnerMedia","Web","181112478","2492918","178619560"
"Bilibili","Web","552102145","11049284","541052861"
"Datadog","Web","87561","68696","18865"
"Font Awesome","Web","12602920","1097405","11505515"
"Unknown virtual protocol","Unclassified","21645","14372","7273"
"ShoreTel","Business Collaboration","1044","408","636"
"ZoomPhone","Business Collaboration","104900","55017","49883"
"ZoomCRC","Business Collaboration","1022","504","518"
"SAP","Business Application","23082","6207","16875"
"Psiphon","Web","30475","14471","16004"
"Clarin.com","Web","46658","7768","38890"
"Australian Broadcasting Corporation","Web","24570","4433","20137"
"Chunghwa Telecom","Web","53325","18470","34855"
