"Application","Category","Total Bytes","Bytes Received","Bytes Sent"
"Domain Name Service","Network Service","1176281941","613792215","562489726"
"Google Mail","Email","1845724124","391517108","1454207016"
"Google Search","Web","628484075","110266866","518217209"
"HyperText Transfer Protocol","Web","3291349368","650392932","2640956436"
"HyperText Transfer Protocol Secure","Web","22885967341","1451511944","21434455397"
"Internet Control Message Protocol","Network Service","4237080103","2525468371","1711611732"
"Internet Message Access Protocol version 4","Email","114094133","41087932","73006201"
"Internet Message Access Protocol Secure","Email","62745611","15896984","46848627"
"Internet Protocol","Network Service","0","0","0"
"Network Time Protocol","Network Service","1847668","1078052","769616"
"Simple Object Access Protocol","Network Service","300046963","203628824","96418139"
"Secure Shell","Tunneling and VPN","48103351","24939223","23164128"
"Secure Socket Layer","Tunneling and VPN","33080463397","3132870194","29947593203"
"Transmission Control Protocol","Other TCP/UDP","1513173637","253229051","1259944586"
"User Datagram Protocol","Other TCP/UDP","102027797475","12888031645","89139765830"
"Youtube.com","Media","7205311964","594715420","6610596544"
"Facebook","Social Networking","42314287562","1981883845","40332403717"
"Google Ads","Web","837790775","152312670","685478105"
"Windows Live Hotmail","Email","104087735","16582358","87505377"
"LinkedIn","Social Networking","512727909","56565212","456162697"
"Apple Generic Services","Web","10309552997","638988218","9670564779"
"Online Certificate Status Protocol","Business Application","26774795","11223725","15551070"
"Mail.ru Webmail","Email","1736153","412072","1324081"
"Twitter","Social Networking","571806365","45511986","526294379"
"iTunes","Media","1729676114","216708994","1512967120"
"Bing.com (formerly MSN Search)","Web","321359856","51564222","269795634"
"Teredo protocol","Tunneling and VPN","61512811","59189147","2323664"
"Windows Update","Web","6412042571","467874578","5944167993"
"Chrome Update","Web","552116308","24584272","527532036"
"Google Analytics,Google Marketing Platform","Web","320327717","113584240","206743477"
"Google GStatic","Web","1730030831","129758844","1600271987"
"Google Generic","Web","1101924247","194849045","907075202"
"Amazon Generic Services","Web","5378723959","1767593032","3611130927"
"Daily Mail","Web","15481091","1988280","13492811"
"WhatsApp Messenger","Internet Instant Messaging","23423931434","7112169699","16311761735"
"Apple App Store","Web","7392457395","481093157","6911364238"
"Apple Push Notification Service","Web","503832298","322094337","181737961"
"iOS over-the-air (OTA) update","Web","4267001346","220614555","4046386791"
"Google Play Store","Media","3433761642","299634620","3134127022"
"iCloud (Apple)","Storage and Backup","3908698430","881315670","3027382760"
"Instagram","Web","64797447502","2856057123","61941390379"
"Amazon Web Services/Cloudfront CDN","Infrastructure","19478365108","7060915139","12417449969"
"Akamai Technologies CDN","Web","1404678832","42397246","1362281586"
"Microsoft Azure (previously Windows Azure)","Infrastructure","1224789315","66202515","1158586800"
"Yahoo.com","Web","250518997","40534588","209984409"
"CloudFlare CDN","Infrastructure","8057857057","564065261","7493791796"
"Microsoft Office 365","Business Collaboration","1614139788","156293478","1457846310"
"Zoho Corporation","Business Application","34133555","16703480","17430075"
"Microsoft Outlook (Office 365)","Business Application","881720455","286031284","595689171"
"Reddit.com","Web","1314848717","78061461","1236787256"
"Apple SIRI","Web","143819203","95748427","48070776"
"BBC","Web","49834470","4926618","44907852"
"Google Accounts","Web","264963949","62132941","202831008"
"Amazon Ad System","Web","83617521","22557187","61060334"
"Snapchat","Social Networking","15927136756","1433598734","14493538022"
"ScorecardResearch","Web","16404840","4620131","11784709"
"Quantcast","Web","8458597","1921795","6536802"
"Oracle","Web","5747790","1980184","3767606"
"Bitstrips","Social Networking","198022783","18675142","179347641"
"TRUSTe","Web","4862619","686167","4176452"
"Criteo","Web","71273582","14200954","57072628"
"Adobe","Business Application","299877565","45489138","254388427"
"Samsung","Web","174455582","59653283","114802299"
"Facebook Messenger","Internet Instant Messaging","7186540532","2192409921","4994130611"
"InMobi","Web","35006706","17971067","17035639"
"Nielsen","Web","6963266","2574232","4389034"
"Stickyads","Web","6269074","2226519","4042555"
"Smart AdServer","Web","75873904","11719762","64154142"
"Google Cloud Storage","Web","2874551337","2350865224","523686113"
"Google Cloud Messaging","Web","67649885","18933377","48716508"
"Google Calendar","Web","55106348","21214378","33891970"
"Apple Location","Web","3159210507","427072864","2732137643"
"OpenX","Web","4085980","1421968","2664012"
"PubMatic","Web","43087432","23321562","19765870"
"Index Exchange (previously Casale Media)","Web","18360541","6149651","12210890"
"LOTAME","Web","4682125","1117237","3564888"
"Rubicon Project","Web","65894181","26927240","38966941"
"Sizmek (previously MediaMind)","Web","4023767","505258","3518509"
"AppNexus","Web","126413595","71258152","55155443"
"Rlcdn","Web","4401277","1208790","3192487"
"HyperText Transfer Protocol version 2","Web","3520870573","844894689","2675975884"
"Google Tag Manager","Web","178772166","17269812","161502354"
"My.com","Web","297049","155188","141861"
"Ad Safe Protected","Web","52806056","11546931","41259125"
"Apple Music","Media","6850941797","434232930","6416708867"
"Outbrain","Web","35715000","7735590","27979410"
"Android connectivity Manager","Network Service","10201314","5443783","4757531"
"Moat","Web","48944092","14224987","34719105"
"Optimizely","Web","14155737","4672966","9482771"
"Taboola","Web","87708919","23468835","64240084"
"MediaMath","Web","3205797","1264786","1941011"
"Everest Technologies","Web","13881661","4668680","9212981"
"SpotXchange","Web","1791649","622738","1168911"
"Microsoft","Web","3867886460","614012468","3253873992"
"New Relic","Web","113507809","75304088","38203721"
"Uber (formerly UberCab)","Web","329335615","161709404","167626211"
"Conversant","Web","2633964","1085231","1548733"
"Teads","Web","11079613","2729461","8350152"
"Adform","Web","7154142","1715378","5438764"
"Firebase Cloud Messaging","Web","378261650","72839962","305421688"
"Bidswitch","Web","12725163","4894665","7830498"
"Apple Game Center","Gaming","5170702","1363710","3806992"
"Flashtalking","Web","3631127","565647","3065480"
"Sharethrough","Web","17085416","5692448","11392968"
"DoubleVerify","Web","30030468","7657163","22373305"
"PulsePoint","Web","3084284","1020310","2063974"
"Sonobi","Web","3404448","1339878","2064570"
"Google Cloud Platform","Web","17782499","5592427","12190072"
"Domain Name Service Crypt","Network Service","648752677","415764532","232988145"
"Disqus","Web","2005994","395946","1610048"
"TikTok (Musical.ly)","Social Networking","49337693041","3085154021","46252539020"
"Apple News","Web","258686497","21215160","237471337"
"Google APIs","Web","3538052188","1692311033","1845741155"
"Amazon Cognito","Web","21457309","7414768","14042541"
"Quora","Social Networking","16518499","2435962","14082537"
"Contentful","Web","329339440","13421090","315918350"
"Indeed","Web","77952924","21949108","56003816"
"The Telegraph","Web","23621998","3186030","20435968"
"Digicert","Web","10957438","4382882","6574556"
"Intercom","Web","90231054","38244427","51986627"
"SD-WAN Control","SD-WAN","44860147785","26680315504","18179832281"
"SD-WAN Management","SD-WAN","6219127463","2589536128","3629591335"
"TencentMeeting","Business Collaboration","344563435","38711023","305852412"
"Dailymotion.com","Media","3034773917","81619050","2953154867"
"Google Maps","Web","46657140","6505305","40151835"
"Internet Security Association and Key Management Protocol","Tunneling and VPN","3487264140","184744934","3302519206"
"XMPP Protocol (Jabber)","Business Collaboration","2806578","1219824","1586754"
"McAfee Client update","Business Application","109007574","9932653","99074921"
"Post Office Protocol (Version 3)","Email","377717","34109","343608"
"Secure POP3","Email","238878","52940","185938"
"Real Time Protocol","Business Collaboration","8445901441","1424681423","7021220018"
"Session Initiation Protocol","Business Application","128667","56266","72401"
"Skype and Teams","Business Collaboration","36141088","7941615","28199473"
"Simple Mail Transfer Protocol","Email","4722722","4415300","307422"
"Session Traversal Utilities for NAT","Business Collaboration","297868016","107021056","190846960"
"Yahoo Mail v.2.0","Email","49264604","13351835","35912769"
"Secure AIM","Internet Instant Messaging","461543","93369","368174"
"WordPress.com","Social Networking","3863536","274162","3589374"
"Xbox Live","Gaming","20937607","1962096","18975511"
"Foursquare.com","Web","1291866","443117","848749"
"Yelp.com","Web","10195565","693341","9502224"
"Yandex.ru","Web","25858330","3902040","21956290"
"Spotify","Media","725363032","64017204","661345828"
"TeamViewer","Remote Desktop","580788","272665","308123"
"Java Update","Web","526566","45176","481390"
"Opera Update","Web","4309029","412544","3896485"
"Viber","Real Time Audio/Video","52387757","7018370","45369387"
"Kaspersky Update","Web","60853","26780","34073"
"Netflix.com","Media","8271542805","331497546","7940045259"
"Dropbox","Storage and Backup","27077731","14259945","12817786"
"Google Translate","Web","2510072","1089728","1420344"
"IMVU.com (Instant Message Virtual Universe)","Gaming","296497774","14772467","281725307"
"Psiphon","Web","121337","12969","108368"
"Salesforce","Business Application","36703078","9653994","27049084"
"Portal.TidalTV.com","Web","521503","154465","367038"
"ATT.com (AT&T)","Web","83017289","49416781","33600508"
"Blogger","Web","248796","41476","207320"
"Daum.net","Web","19069","5510","13559"
"Kaspersky.com","Web","8115308","3137311","4977997"
"Mozilla.com - Mozilla.org","Web","23698257","4057830","19640427"
"NYTimes.com","Web","1137542","447926","689616"
"PlayStation.com","Web","1316398","53689","1262709"
"Weather.com","Web","20005700","3545809","16459891"
"Windows Marketplace","Web","1083232692","75330646","1007902046"
"Apple FaceTime","Real Time Audio/Video","3715045710","1472514565","2242531145"
"Samsung Apps","Web","166186109","13294013","152892096"
"SoundCloud","Media","497148235","36178835","460969400"
"Amazon Prime Video","Media","915185213","59187780","855997433"
"QQ.com","Web","9075260","780073","8295187"
"Rakuten.co.jp","Web","601547","117907","483640"
"Google Talk (incl. Hangouts and Allo and Duo)","Real Time Audio/Video","20741330","7084476","13656854"
"Nokia Here API","Web","2518296","370390","2147906"
"Speedtest","File Sharing","8765822","1115446","7650376"
"Pinterest","Web","157472695","21750535","135722160"
"Paypal.com","Web","71802295","8464054","63338241"
"Kijiji.ca","Web","202940114","17474047","185466067"
"Wp.pl","Web","40724","11493","29231"
"Aol","Web","1265527","269479","996048"
"AddThis","Web","8389755","1009981","7379774"
"Turn","Web","2400681","703519","1697162"
"Telegram","Internet Instant Messaging","207609620","14811566","192798054"
"Google Safe Browsing","Web","7004110","1997376","5006734"
"Inneractive","Web","45031697","28942554","16089143"
"Flurry","Business Application","5477467","1914325","3563142"
"Crashlytics","Web","17301820","3044689","14257131"
"AppsFlyer","Business Application","29389265","12538217","16851048"
"Gravatar","Business Collaboration","734224","168964","565260"
"FreeWheel","Web","729038","221980","507058"
"Xiaomi","Web","442383035","43454575","398928460"
"Mixpanel","Web","12662282","9149375","3512907"
"CPMSTAR","Web","650360","179239","471121"
"ADTECH","Web","336555","28500","308055"
"AOL One","Web","592671","96915","495756"
"Realestate","Web","158461","38016","120445"
"Bongacams","Web","95727","30330","65397"
"Advertising.com","Web","1707367","524320","1183047"
"Facebook Embedded Video","Media","2139925991","40961589","2098964402"
"Adjust.com","Web","24977815","10581966","14395849"
"Scotiabank","Web","39019906","9826915","29192991"
"Atlas Solutions","Web","167224","56135","111089"
"Urbanairship","Web","1743754","648019","1095735"
"Gmanetwork","Web","889021","52426","836595"
"BootstrapCDN","Web","3915880","447318","3468562"
"LogMeIn","Remote Desktop","186621","18030","168591"
"Fastly","Web","1246438","186580","1059858"
"Unruly","Web","1131952","437912","694040"
"Rogers TV","Web","304168280","20390496","283777784"
"UpLynk","Web","6326214","243297","6082917"
"Microsoft Translator (Bing Translator)","Web","284673","45047","239626"
"Applovin","Web","498172070","115314318","382857752"
"Krux","Web","4298403","1124525","3173878"
"Perform","Web","94194","4687","89507"
"Heap","Web","351814302","282548244","69266058"
"Branch Metrics","Web","63754713","10055799","53698914"
"Mapbox","Web","12858188","1253724","11604464"
"Rackspace","Web","1679511684","126914582","1552597102"
"Signal","Web","1877850","202830","1675020"
"LiveChat","Web","4555326","851437","3703889"
"Ensighten","Web","4979028","778806","4200222"
"Smaato","Web","8248737","1101074","7147663"
"Verizon","Web","3483186","2223601","1259585"
"LKQD","Web","185358","57097","128261"
"jQuery","Web","9680848","846432","8834416"
"Lookout Mobile Security","Business Application","2004072","102587","1901485"
"Microsoft OneDrive","Web","1164156553","343980048","820176505"
"Revcontent","Web","2439577","356675","2082902"
"BitComet Peer Exchange (PEX)","Peer to Peer","711911913","459076373","252835540"
"Google Photos (formerly Google Picasa)","Web","19996425","7629421","12367004"
"Liftoff","Web","754678","272197","482481"
"hotjar","Web","26561927","13634666","12927261"
"ZoomMeetings","Business Collaboration","1289047810","268459651","1020588159"
"Weborama","Web","230081","56737","173344"
"HyperText Transfer Protocol proxy","Network Service","15917439","8823123","7094316"
"GIPHY","Web","212223801","9524738","202699063"
"IMO Video Calling Application","Media","12497243","5684129","6813114"
"Bugsnag","Web","14710130","12966513","1743617"
"ADventori","Web","100657","26472","74185"
"Tealium","Web","3198932","907265","2291667"
"AdColony","Web","7770439","3116289","4654150"
"Yieldmo","Web","4056472","799473","3256999"
"Huawei","Web","3751940","782953","2968987"
"MGID","Web","3366304","345361","3020943"
"MaxCDN","Web","12023","3235","8788"
"Media Innovation Group","Web","1245155","401479","843676"
"Avast","Web","21995567","2124654","19870913"
"Okta","Web","141950259","43398916","98551343"
"eXelate","Web","7692054","2088598","5603456"
"Cloudinary","Web","291177","33767","257410"
"Google Secure User Plane Location","Web","544628","117418","427210"
"Amplitude","Web","211322657","196989045","14333612"
"Mail.com","Email","1664920","252814","1412106"
"United Internet","Web","2155030","123573","2031457"
"Microsoft teams","Internet Instant Messaging","460123874","67220483","392903391"
"Mediascope","Web","302367","106434","195933"
"Adtelligent","Web","577047","238777","338270"
"Akamai Video","Media","6989929","818172","6171757"
"Tenor","Web","57736425","3259192","54477233"
"Cisco","Web","168566320","18684026","149882294"
"IronSource","Business Application","147392154","15127572","132264582"
"Simpli.fi","Web","1406031","438392","967639"
"ByteDance","Web","205627793","58074516","147553277"
"Google News","Web","246590","57824","188766"
"Visual IQ","Web","219151","78913","140238"
"Discord","Internet Instant Messaging","440255314","20502254","419753060"
"ProtonMail","Email","392279","93952","298327"
"Tesla","Web","471991","35227","436764"
"Vungle","Web","174364945","13161588","161203357"
"TripAdvisor","Web","11203789","1013238","10190551"
"Unknown virtual protocol","Unclassified","1526805971","67983392","1458822579"
"Unknown virtual protocol","Unclassified","107301369","10958469","96342900"
"Unknown virtual protocol","Unclassified","94062478","43265508","50796970"
"Unknown virtual protocol","Unclassified","25526699","19745997","5780702"
"Unknown virtual protocol","Unclassified","59882642","3055767","56826875"
"Google Pay","Web","11694868","3063571","8631297"
"Google Messages","Internet Instant Messaging","10327462","3828276","6499186"
"Shopify","Web","52630485","3067007","49563478"
"Likee","Internet Instant Messaging","14203643","4148462","10055181"
"KOCHAVA","Web","849018","259940","589078"
"Sift Science","Web","731988","231644","500344"
"Amazon Alexa Assistant","Business Collaboration","456381","195493","260888"
"Spotify Audio","Real Time Audio/Video","488208726","17290358","470918368"
"Minute Media","Web","101880","6123","95757"
"UserReport","Web","2370537","317873","2052664"
"Pendo","Web","18488081","7145996","11342085"
"Go Daddy","Web","4046744","1235361","2811383"
"Geforce Now","Gaming","1414860","120891","1293969"
"Font Awesome","Web","7653544","1083961","6569583"
"BitTorrent","Peer to Peer","68957","10135","58822"
"eBay.com","Web","43171735","7070631","36101104"
"IPsec (AH and ESP)","Tunneling and VPN","143981639","25696685","118284954"
"Lighweight Directory Access Protocol","Authentication","46001","2883","43118"
"Netbios Name Service","Network Service","425223","425223","0"
"QQ","Internet Instant Messaging","196545","23425","173120"
"Real Time Control Protocol","Business Collaboration","59472767","4475806","54996961"
"Real Time Streaming Protocol","Media","58372026","1398619","56973407"
"ShoutCast","Media","23293","3074","20219"
"Simple Mail Transfer Protocol Secure","Email","560576","533655","26921"
"Simple Network Management Protocol","Management","896794","896794","0"
"Wikipedia.com","Web","12295764","858901","11436863"
"Wireless Session Protocol","Network Service","95012","57138","37874"
"Yahoo Search","Web","997958","141739","856219"
"SecondLife.com","Web","86658","5819","80839"
"Ask.com","Web","48277","7785","40492"
"Expedia.fr","Web","28180","9217","18963"
"Flickr","Social Networking","2366","682","1684"
"Pogo.com","Web","60806640","2334213","58472427"
"Deezer","Web","70494","19829","50665"
"Rambler.ru","Web","3180565","775986","2404579"
"Real Time Messaging Protocol","Network Service","88103385","13009034","75094351"
"Steampowered.com","Gaming","18834","2206","16628"
"Badoo.com","Internet Instant Messaging","2644601","307427","2337174"
"Meetup","Web","27936","3966","23970"
"Odnoklassniki.ru","Social Networking","261297","26061","235236"
"ResearchGATE.net","Web","159852","9503","150349"
"Tumblr","Social Networking","26016","3862","22154"
"Vk.com (Vkontakte)","Social Networking","6179447","414810","5764637"
"Baidu.com","Web","2263055","246942","2016113"
"Adobe Flash Plugin Update","Web","58966","16820","42146"
"Apple Update","Web","35199441","2368612","32830829"
"Archive.org","Web","82566","10434","72132"
"icecast","Media","191071","16565","174506"
"BitDefender Update","Web","1406953","574162","832791"
"BBC Player","Media","14281","2964","11317"
"Box","File Sharing","3909","1854","2055"
"Web-ICQ","Internet Instant Messaging","21300","7018","14282"
"iHeartRADIO","Media","4035582","655271","3380311"
"Livestream (formerly Mogulus)","Media","817105","63838","753267"
"SiriusXm.com","Media","364696","55506","309190"
"YouKu","Media","925592","847074","78518"
"Zoho CRM","Business Application","10147","1970","8177"
"WebEx","Business Collaboration","45239996","1721067","43518929"
"Bloomberg.com","Web","9606425","1099235","8507190"
"Adobe Connect","Real Time Audio/Video","322558941","32762260","289796681"
"Flash Media Playback","Media","38568567","4101046","34467521"
"AccuWeather","Web","1581287","293033","1288254"
"Adobe Acrobat DC (Document Cloud)","Web","425368","128905","296463"
"AmericanExpress","Web","312435","93180","219255"
"Capital One","Web","1122920","176605","946315"
"Cnet.com","Web","290424","25985","264439"
"CNN (Cable News Network)","Web","16081410","2847895","13233515"
"Comcast","Web","3378264","1024632","2353632"
"Fox News","Web","12954148","1447591","11506557"
"Groupon","Web","439995","71562","368433"
"IKEA.com","Web","7306941","850572","6456369"
"Intuit.com","Business Application","480105","154298","325807"
"Monster.com","Web","5954","621","5333"
"NBA.com","Web","25105747","2445084","22660663"
"Nike.com","Web","63299612","11063740","52235872"
"SlideShare","Web","97908","8542","89366"
"SurveyMonkey.com","Web","266728","47761","218967"
"Vimeo","Web","24561120","1245504","23315616"
"Xbox","Gaming","21951","4847","17104"
"XNXX","Web","5479","1849","3630"
"Xvideos.com","Media","5953","1368","4585"
"Sophos update","Business Application","79680","10899","68781"
"Sina Weibo","Web","19217","7693","11524"
"Taobao","Web","12214133","2331274","9882859"
"QQ WeiBo","Web","3927","1893","2034"
"Google App Engine","Business Application","420125","106326","313799"
"Scribd.com","Web","5706715","1762708","3944007"
"Shazam","Web","685841","113666","572175"
"TuneIn","Real Time Audio/Video","29869170","1003356","28865814"
"Sohu.com","Web","12238","3684","8554"
"Ifeng.com","Web","56132","44632","11500"
"Alipay","Web","57697","24315","33382"
"Alibaba.com","Web","22005874","1241363","20764511"
"Limelight Networks CDN","Web","1157082345","53736521","1103345824"
"Datagram Transport Layer Security","Tunneling and VPN","301856335","39805173","262051162"
"ISO Base Media File Format","Real Time Audio/Video","10223486","358915","9864571"
"WeChat","Internet Instant Messaging","2446577810","611112429","1835465381"
"MiTalk Messenger (Miliao)","Internet Instant Messaging","354091","87649","266442"
"QQ Games","Gaming","40478","20862","19616"
"QQ News","Web","17353","3172","14181"
"Qunar.com","Web","21710","3977","17733"
"Tencent.com","Internet Instant Messaging","20051","10159","9892"
"Pornhub","Web","30684","12201","18483"
"MeetMe.com","Social Networking","12760","2358","10402"
"Microsoft SharePoint Online (Office 365)","Business Application","44283192","5942180","38341012"
"Microsoft Skype for Business (formerly Microsoft Lync Online) (Office 365)","Business Collaboration","3990","1998","1992"
"ESPN.go.com","Web","178982238","31410508","147571730"
"Internet Movie Database","Web","8034212","506189","7528023"
"Imgur.com","Storage and Backup","98436010","4024600","94411410"
"ThePirateBay.se","Web","12762","5192","7570"
"Google Documents (aka Google Drive)","Storage and Backup","44366300","6326251","38040049"
"Apple Maps","Web","1214138","177671","1036467"
"WebSocket","Network Service","2258035","790872","1467163"
"Bet365.com","Web","2220213","158792","2061421"
"LastPass.com","Web","10173203","591287","9581916"
"Saavn Bollywood Music","Media","19981793","3064825","16916968"
"Rutracker Bittorrent tracker","Peer to Peer","500","250","250"
"Orange.com","Web","392043","95470","296573"
"Softonic.com","Web","320629","32468","288161"
"Marca.com","Web","28530","9477","19053"
"MercadoLibre (aka MercadoLivre)","Web","22043","8050","13993"
"ESPNCricinfo.com","Web","13723842","738389","12985453"
"Free","Web","468736","64302","404434"
"craigslist","Web","15019","3054","11965"
"Indiatimes","Web","204229","29506","174723"
"System Center Configuration Manager","Management","31163","16421","14742"
"Background Intelligent Transfer Service","File Sharing","119967313","8731050","111236263"
"Seznam.cz","Web","102430","10985","91445"
"Varzesh3.com","Web","11498","2727","8771"
"Conviva","Infrastructure","1325093","830312","494781"
"AliExpress.com","Web","2773047","211377","2561670"
"Fox Business Network","Web","25940","7310","18630"
"News","Web","6450396","575749","5874647"
"Yadro","Web","668309","442405","225904"
"uTorrent","Peer to Peer","10859451","232232","10627219"
"Candy Crush Saga","Gaming","558810","212185","346625"
"King Digital Entertainment","Gaming","402813","51981","350832"
"Waze Social GPS Maps & Traffic","Web","73804097","5475144","68328953"
"Symantec","Web","2703570","596541","2107029"
"OpenStreetMap","Infrastructure","327693","29202","298491"
"Videoplaza","Web","138555","47955","90600"
"Zendesk","Business Collaboration","6565428","497950","6067478"
"magicJack","Business Application","343155","177890","165265"
"Brightcove","Media","11341105","990743","10350362"
"Plenty Of Fish","Web","2135135","1281600","853535"
"Twitch","Media","20579557","801140","19778417"
"BoldChat Live Chat","Internet Instant Messaging","2030335","666891","1363444"
"OkCupid","Web","482890","144383","338507"
"Turner","Web","4556152","303661","4252491"
"battlenet","Gaming","873474","152853","720621"
"AAJTAK","Web","17516","2834","14682"
"Taobao Ad Network and Exchange","Web","213380","164039","49341"
"Cedexis","Web","6069659","1915767","4153892"
"Amazon Cloud Drive","Web","2151495","1994389","157106"
"Lazada","Web","26984","5456","21528"
"Gettyimages","Web","459771741","22698903","437072838"
"Flipboard","Web","353994","52948","301046"
"quic","Network Service","10720007","4002801","6717206"
"Constant Contact","Web","2407456","153855","2253601"
"GitHub","Web","813991","145319","668672"
"Bitbucket","Web","11902","3234","8668"
"Atlassian","Web","89980","64135","25845"
"Internet.org","Web","70805","24960","45845"
"Bizographics","Web","33533","11804","21729"
"Helpshift","Web","151411","42257","109154"
"CBS Video","Web","2388423","66966","2321457"
"Disney Channel","Web","9566257","991508","8574749"
"Heavy.com","Web","24002","5942","18060"
"NBC","Web","1473923","100576","1373347"
"Localytics","Web","5655618","1007671","4647947"
"MoPub","Web","93155","26891","66264"
"Periscope","Media","147907321","20863500","127043821"
"Microsoft Office OneNote (Office 365)","Business Application","442928","60699","382229"
"Liveperson","Web","9075555","1060332","8015223"
"Zopim","Web","375666","114120","261546"
"Rollout","Web","205783","91325","114458"
"Riffsy (Tenor.co)","Web","1157726","120606","1037120"
"Tune","Web","105838","23856","81982"
"Bitmedianetwork","Web","219356","24062","195294"
"Braintree","Web","303576","95571","208005"
"NeuLion","Web","55279","7064","48215"
"TubeMogul","Web","389243","95558","293685"
"Bleacher Report","Web","15114886","803218","14311668"
"Umeng","Web","235233","110976","124257"
"Hola Web Proxy","Web","6173107","2946299","3226808"
"MobFox","Web","10316","1636","8680"
"Bank of America","Web","5112486","674886","4437600"
"QQVideo","Web","233064","19826","213238"
"Slack","Web","69919069","10435487","59483582"
"Younow","Web","130215468","6285638","123929830"
"Bazaarvoice","Web","8502737","1105743","7396994"
"MQ Telemetry Transport","Network Service","6374","3801","2573"
"Clicktale","Web","7244431","4614007","2630424"
"Pokemon GO","Gaming","275992","176949","99043"
"Uptobox","Web","17070","4649","12421"
"Highwinds","Web","90430393","3152454","87277939"
"Innovid","Web","65975583","3313211","62662372"
"Wix","Web","2796513","547290","2249223"
"Tinder","Web","164195697","10370548","153825149"
"Shutterstock","Web","1921725","527547","1394178"
"Heroku","Web","269575","86372","183203"
"Clash of Clans","Gaming","1906378","264947","1641431"
"Supercell","Gaming","186840","61893","124947"
"Amazon Music","Media","2103745","513774","1589971"
"Microsoft Word Online (Office 365)","Business Collaboration","32687808","8282499","24405309"
"Microsoft Powerpoint Online (Office 365)","Business Collaboration","3545980","638018","2907962"
"Signal Private Messenger (Open Whisper Systems)","Internet Instant Messaging","2085711","902140","1183571"
"StreamRail","Media","59428","13416","46012"
"Vidyard","Web","14502161","536949","13965212"
"Audible","Real Time Audio/Video","242222","30932","211290"
"Samsung Update","Web","2016947150","130322327","1886624823"
"ULP","Network Service","214600","29028","185572"
"Amazon Chime","Business Collaboration","12992","3232","9760"
"AnyDesk","Remote Desktop","688805","337774","351031"
"Lynda.com","Web","414618","36967","377651"
"Booking.com","Web","660684","55131","605553"
"Walmart","Web","147432","102443","44989"
"Yandex Music","Real Time Audio/Video","1844759","154219","1690540"
"DocuSign","Web","21904","3375","18529"
"Automatic Data Processing (ADP)","Web","2782146","457061","2325085"
"Duodecad IT Services","Web","2343501","57502","2285999"
"Autodesk Fusion 360","Tunneling and VPN","169900","93040","76860"
"Optus","Web","3521867","203635","3318232"
"World Of Tanks","Gaming","76118","10033","66085"
"Sportradar","Web","473228","127189","346039"
"Wall Street Journal","Web","716324","64124","652200"
"Meitu","Web","917441","63473","853968"
"Clash Royale","Gaming","648466","348765","299701"
"Cabify","Web","139977","22726","117251"
"Instructure","Web","119151","4624","114527"
"Workplace By Facebook","Social Networking","174351","100788","73563"
"Electronic Arts","Web","84418926","4013959","80404967"
"Digioh","Web","757610","33404","724206"
"Apptimize","Web","66791","26050","40741"
"UC Browser","Web","388883","278231","110652"
"x_vpn","Tunneling and VPN","135187","41493","93694"
"Data Saver","Web","741000","96259","644741"
"Appnext","Web","184633","33299","151334"
"Fox Networks","Web","279796","37328","242468"
"9GAG","File Sharing","10598071","764164","9833907"
"Text Me","Internet Instant Messaging","2276233","998080","1278153"
"Grammarly","Web","52010008","19027188","32982820"
"TunnelBear VPN","Tunneling and VPN","5347","619","4728"
"Microsoft AD Right Management Service","Business Application","31347","22732","8615"
"Kodi","Management","36571","20380","16191"
"RingCentral","Business Collaboration","244559","61454","183105"
"PlayerUnknown's BattleGrounds","Gaming","606111","78798","527313"
"Alibaba Group","Web","91972","25310","66662"
"Alibaba Cloud","Web","22190286","1627867","20562419"
"ExpressVPN","Tunneling and VPN","752611","293377","459234"
"Future_plc","Web","2697432","173609","2523823"
"Wish","Web","2382213","264068","2118145"
"MAkeMyTrip","Web","4402486","880619","3521867"
"WorkspaceOne","Web","14357","7342","7015"
"Target","Web","126616","19369","107247"
"iBooks","Web","55000","19922","35078"
"Fandom","Web","298468","24586","273882"
"Google GSuite","Web","395121","69762","325359"
"AnonyTun","Tunneling and VPN","1061","652","409"
"OpenSignal","Web","49052","42508","6544"
"Moodle","Social Networking","95252335","3230442","92021893"
"PubNub","Web","22204","6860","15344"
"Gaana","Real Time Audio/Video","61813","14415","47398"
"Unknown virtual protocol","Unclassified","71529604","2788181","68741423"
"Unknown virtual protocol","Unclassified","2939272","257224","2682048"
"Unknown virtual protocol","Unclassified","403649","121777","281872"
"Unknown virtual protocol","Unclassified","178109","65109","113000"
"Discovery Inc","Real Time Audio/Video","37847","10575","27272"
"Eurosport","Web","20695","5423","15272"
"Bumble","Web","17992981","1679242","16313739"
"National Public Radio","Web","1701499","215986","1485513"
"Acast","Real Time Audio/Video","563709","34788","528921"
"Wireguard","Tunneling and VPN","48900871","6966116","41934755"
"Firework","Internet Instant Messaging","12244","3511","8733"
"JWPLAYER","Web","20367276","1625444","18741832"
"Bigo","Web","327083","34714","292369"
"BAMTech","Real Time Audio/Video","10801555","4928956","5872599"
"Disney Plus","Real Time Audio/Video","871168628","16244039","854924589"
"Apple TV Plus","Real Time Audio/Video","634882","83725","551157"
"Grand Theft Auto 5","Gaming","6464180","3388373","3075807"
"Airbnb","Web","1642355","138566","1503789"
"Wangwang","Internet Instant Messaging","210787","138426","72361"
"Advanced Hosting","Web","1006067","27220","978847"
"Workday","Business Application","25694237","1985599","23708638"
"StackPath","Web","1047240","183416","863824"
"Ximalaya","Real Time Audio/Video","437646","231986","205660"
"Uber Eats","Web","435782","88709","347073"
"DoorDash","Web","6336252","633567","5702685"
"Houseparty","Real Time Audio/Video","134516","23802","110714"
"Roblox","Gaming","3403338","828377","2574961"
"Acronis Cloud","Web","3425129","2315559","1109570"
"Acronis Backup","File Sharing","74476472","1284170","73192302"
"Citrix","Web","283430","102446","180984"
"Microsoft Dynamics","Business Application","8066","1264","6802"
"Digital Turbine","Web","46344120","2643077","43701043"
"Amber Weather","Web","1667","1028","639"
"adRise","Real Time Audio/Video","2095467","126117","1969350"
"Tubi TV","Real Time Audio/Video","273053985","4958908","268095077"
"Demandbase","Web","204748","24864","179884"
"Connatix","Real Time Audio/Video","13006799","1479902","11526897"
"Hotels.com","Web","285758","107235","178523"
"NHL.com","Web","9703340","333478","9369862"
"Official Major League Baseball","Web","16442494","545613","15896881"
"BambooHR","Web","290782","37052","253730"
"TIME","Web","340168","26693","313475"
"United Airlines","Web","1845774","560440","1285334"
"Nvidia","Web","64125","3564","60561"
"Call of Duty Mobile","Gaming","7849484","892632","6956852"
"The Walt Disney Company","Web","6121941","1808323","4313618"
"Indiegogo","Web","9772","1523","8249"
"FedEx","Web","4130691","756453","3374238"
"Kayak","Web","7099444","750313","6349131"
"G-Core Labs","Web","411477","175670","235807"
"WarnerMedia","Web","35080855","2470406","32610449"
"Wargaming","Web","52747","14592","38155"
"Etahub","Web","15391","4569","10822"
"Datadog","Web","119154","74952","44202"
"RingCentralApp","Business Collaboration","66941","23183","43758"
"ZoomPhone","Business Collaboration","930200","399663","530537"
