"Application","Category","Total Bytes","Bytes Received","Bytes Sent"
"Domain Name Service","Network Service","1087380276","552987012","534393264"
"Google Mail","Email","977386199","153495992","823890207"
"Google Search","Web","1077119344","414951686","662167658"
"Google Maps","Web","253609548","11317155","242292393"
"HyperText Transfer Protocol","Web","908022548","78909138","829113410"
"HyperText Transfer Protocol Secure","Web","28553540454","1253648458","27299891996"
"Internet Control Message Protocol","Network Service","4479111062","2707428092","1771682970"
"Internet Message Access Protocol version 4","Email","114243844","41089435","73154409"
"Internet Message Access Protocol Secure","Email","13798430","5519068","8279362"
"Internet Protocol","Network Service","0","0","0"
"McAfee Client update","Business Application","55598770","2058074","53540696"
"Network Time Protocol","Network Service","838471","483456","355015"
"Skype and Teams","Business Collaboration","25298920","5611251","19687669"
"Simple Object Access Protocol","Network Service","1218314540","606032174","612282366"
"Secure Socket Layer","Tunneling and VPN","29528544276","2841848948","26686695328"
"Session Traversal Utilities for NAT","Business Collaboration","1840742","379947","1460795"
"Transmission Control Protocol","Other TCP/UDP","5942508564","1336814429","4605694135"
"User Datagram Protocol","Other TCP/UDP","85560888937","11080849724","74480039213"
"Yahoo Mail v.2.0","Email","76344299","6853632","69490667"
"Youtube.com","Media","10017290054","412245274","9605044780"
"Facebook","Social Networking","39435425178","2094106223","37341318955"
"Google Ads","Web","938405883","154090915","784314968"
"Windows Live Hotmail","Email","71762165","3242933","68519232"
"Secure AIM","Internet Instant Messaging","502211","44711","457500"
"LinkedIn","Social Networking","117446607","7473473","109973134"
"Apple Generic Services","Web","11213624318","606791120","10606833198"
"Online Certificate Status Protocol","Business Application","12340660","5237798","7102862"
"Twitter","Social Networking","3148975497","120984513","3027990984"
"Yandex.ru","Web","5215195","1126406","4088789"
"iTunes","Media","1221479812","76959584","1144520228"
"Spotify","Media","1518216181","90026685","1428189496"
"TeamViewer","Remote Desktop","282943004","160033916","122909088"
"Bing.com (formerly MSN Search)","Web","739009474","65020186","673989288"
"Windows Update","Web","5319980235","480656430","4839323805"
"Chrome Update","Web","180820045","15488040","165332005"
"Netflix.com","Media","15296841907","273412371","15023429536"
"Google Analytics,Google Marketing Platform","Web","177481456","42770330","134711126"
"Google GStatic","Web","2091279131","119774677","1971504454"
"Google Generic","Web","993290202","101086164","892204038"
"Amazon Generic Services","Web","2024708854","821812009","1202896845"
"Mozilla.com - Mozilla.org","Web","10056396","1379975","8676421"
"WhatsApp Messenger","Internet Instant Messaging","5989158432","2821168233","3167990199"
"Apple App Store","Web","8268731518","392354337","7876377181"
"Windows Marketplace","Web","543844519","54466477","489378042"
"Apple Push Notification Service","Web","267976276","179235792","88740484"
"iOS over-the-air (OTA) update","Web","3019610937","164186160","2855424777"
"Google Play Store","Media","1061761604","109921839","951839765"
"iCloud (Apple)","Storage and Backup","8612513608","5896362510","2716151098"
"Instagram","Web","47187279970","2065600052","45121679918"
"Amazon Web Services/Cloudfront CDN","Infrastructure","1391453292","163352568","1228100724"
"Microsoft Azure (previously Windows Azure)","Infrastructure","93374074","15321035","78053039"
"Yahoo.com","Web","367181135","65304749","301876386"
"Google Talk (incl. Hangouts and Allo and Duo)","Real Time Audio/Video","8384422","2304432","6079990"
"CloudFlare CDN","Infrastructure","9912474589","330591994","9581882595"
"Microsoft Office 365","Business Collaboration","854652736","89307851","765344885"
"Pinterest","Web","603500211","22264069","581236142"
"Microsoft Outlook (Office 365)","Business Application","349980198","76910482","273069716"
"Apple SIRI","Web","43801381","25062319","18739062"
"Google Accounts","Web","130154172","19123217","111030955"
"Amazon Ad System","Web","103418291","25875251","77543040"
"Aol","Web","3819679","192129","3627550"
"Snapchat","Social Networking","2198275003","160480657","2037794346"
"ScorecardResearch","Web","78419308","8464105","69955203"
"Quantcast","Web","11946619","1669598","10277021"
"Oracle","Web","3511890","948080","2563810"
"Bitstrips","Social Networking","125880159","4102195","121777964"
"Criteo","Web","165465679","19265019","146200660"
"Adobe","Business Application","235063160","23873853","211189307"
"Google Safe Browsing","Web","5665455","757036","4908419"
"Crashlytics","Web","26111248","2756336","23354912"
"Facebook Messenger","Internet Instant Messaging","9620056602","4323028693","5297027909"
"InMobi","Web","72120743","31623933","40496810"
"AppsFlyer","Business Application","55883717","10283372","45600345"
"Xiaomi","Web","248474921","9722976","238751945"
"Google Cloud Storage","Web","3237565531","632847215","2604718316"
"Google Cloud Messaging","Web","103184876","32360019","70824857"
"Apple Location","Web","963934840","108004970","855929870"
"OpenX","Web","7120296","2711988","4408308"
"PubMatic","Web","63253657","34562471","28691186"
"LOTAME","Web","5864607","1050459","4814148"
"Rubicon Project","Web","91383964","37270596","54113368"
"ADTECH","Web","436415","23073","413342"
"AppNexus","Web","158980803","86493140","72487663"
"Rlcdn","Web","7723189","1468324","6254865"
"HyperText Transfer Protocol version 2","Web","6679955958","343782363","6336173595"
"Advertising.com","Web","1287365","338425","948940"
"Google Tag Manager","Web","143667569","8499207","135168362"
"Facebook Embedded Video","Media","4640706339","88653614","4552052725"
"Adjust.com","Web","12353138","5104433","7248705"
"Apple Music","Media","516034918","30918600","485116318"
"Outbrain","Web","104347134","17015873","87331261"
"Applovin","Web","596347606","142322620","454024986"
"Android connectivity Manager","Network Service","7053769","3694487","3359282"
"Moat","Web","68614095","16850244","51763851"
"Krux","Web","16324002","1720656","14603346"
"Heap","Web","112473184","81515989","30957195"
"Branch Metrics","Web","28215613","8870793","19344820"
"Taboola","Web","123503098","16880982","106622116"
"Ensighten","Web","1163961","166675","997286"
"Smaato","Web","25662823","10870020","14792803"
"MediaMath","Web","4430494","1752197","2678297"
"Everest Technologies","Web","5277265","1684565","3592700"
"Microsoft OneDrive","Web","178327672","32024762","146302910"
"Microsoft","Web","3085987424","586031036","2499956388"
"New Relic","Web","58992992","32232364","26760628"
"Slack","Web","133180752","17685211","115495541"
"Conversant","Web","2841652","1029123","1812529"
"ZoomMeetings","Business Collaboration","1443654616","476058776","967595840"
"HyperText Transfer Protocol proxy","Network Service","619618","311341","308277"
"Firebase Cloud Messaging","Web","149478909","34922331","114556578"
"Bidswitch","Web","14233839","6116296","8117543"
"Sharethrough","Web","25641104","8993968","16647136"
"Yieldmo","Web","22302976","2957953","19345023"
"Huawei","Web","47991660","12242922","35748738"
"MGID","Web","5016590","293239","4723351"
"DoubleVerify","Web","30417085","5690782","24726303"
"Avast","Web","6415237","1635350","4779887"
"Okta","Web","112934503","22713371","90221132"
"PulsePoint","Web","3909107","1500569","2408538"
"Sonobi","Web","4281613","1776759","2504854"
"Cloudinary","Web","99585536","1698562","97886974"
"Google Cloud Platform","Web","26163009","10393548","15769461"
"Microsoft teams","Internet Instant Messaging","1921167166","1019429235","901737931"
"Cisco","Web","24967521","15075615","9891906"
"Grammarly","Web","7461478","3258160","4203318"
"Simpli.fi","Web","2375048","353525","2021523"
"TikTok (Musical.ly)","Social Networking","21930560445","851567906","21078992539"
"Discord","Internet Instant Messaging","362521694","11355632","351166062"
"Apple News","Web","268636387","13789210","254847177"
"Google APIs","Web","1973321995","790089325","1183232670"
"Moodle","Social Networking","5386374","317347","5069027"
"Amazon Cognito","Web","18402280","5960524","12441756"
"Unknown virtual protocol","Unclassified","1031932798","19929491","1012003307"
"Unknown virtual protocol","Unclassified","154044080","79312688","74731392"
"Spotify Audio","Real Time Audio/Video","3431235531","73226194","3358009337"
"Pendo","Web","18579525","3814042","14765483"
"Go Daddy","Web","623721","71169","552552"
"Contentful","Web","48240936","8191530","40049406"
"Digicert","Web","3720288","1361087","2359201"
"Intercom","Web","40749231","18783036","21966195"
"SD-WAN Control","SD-WAN","35872058765","19067997677","16804061088"
"SD-WAN Management","SD-WAN","256676116","124614436","132061680"
"TencentMeeting","Business Collaboration","51226138","21133592","30092546"
"Dailymotion.com","Media","5317043","315806","5001237"
"eBay.com","Web","27979792","3635373","24344419"
"Google Earth","Web","77834796","5540374","72294422"
"Internet Security Association and Key Management Protocol","Tunneling and VPN","1198504318","50382336","1148121982"
"XMPP Protocol (Jabber)","Business Collaboration","13037779","643033","12394746"
"Remote Desktop Protocol (Windows Terminal Server)","Remote Desktop","236646","133902","102744"
"Wikipedia.com","Web","39018145","2435578","36582567"
"Baidu.com","Web","11617748","611208","11006540"
"Opera Update","Web","1233568","356955","876613"
"Viber","Real Time Audio/Video","525638","110093","415545"
"Portal.TidalTV.com","Web","489977","119607","370370"
"GoToMyPC Remote Access","Remote Desktop","100594","51697","48897"
"AccuWeather","Web","26514108","2570599","23943509"
"Capital One","Web","4003135","616630","3386505"
"CNN (Cable News Network)","Web","200397834","26645795","173752039"
"Daum.net","Web","9084792","696688","8388104"
"NYTimes.com","Web","72146223","2121359","70024864"
"Weather.com","Web","8990769","669709","8321060"
"Youdao.com","Web","1090957","432923","658034"
"Google App Engine","Business Application","3862281","735220","3127061"
"Samsung Apps","Web","537278101","20657698","516620403"
"KakaoTalk","Internet Instant Messaging","14983290","5007112","9976178"
"QQ.com","Web","165137028","3958835","161178193"
"Akamai Technologies CDN","Web","4777212633","70016277","4707196356"
"Zynga.com","Gaming","116368086","23843862","92524224"
"Limelight Networks CDN","Web","916362504","30427468","885935036"
"WeChat","Internet Instant Messaging","167925588","5663866","162261722"
"Rakuten.co.jp","Web","470247","19890","450357"
"Zoho Corporation","Business Application","8389981","4136397","4253584"
"Microsoft SharePoint Online (Office 365)","Business Application","154319127","2171769","152147358"
"ESPN.go.com","Web","37932163","2817272","35114891"
"Reddit.com","Web","1893985699","52085766","1841899933"
"Apple Maps","Web","1848115","103443","1744672"
"Issuu.com","Web","2621134","74184","2546950"
"Conviva","Infrastructure","6014644","3299685","2714959"
"EdgeCast Networks CDN","Infrastructure","919215","86989","832226"
"Wp.pl","Web","112958","39983","72975"
"AddThis","Web","5419643","454412","4965231"
"Turn","Web","1988327","478968","1509359"
"Telegram","Internet Instant Messaging","2536209957","71370965","2464838992"
"TRUSTe","Web","31169342","1865460","29303882"
"Inneractive","Web","116510332","83631865","32878467"
"Samsung","Web","84221983","19791691","64430292"
"Gravatar","Business Collaboration","2523790","370009","2153781"
"FreeWheel","Web","5004386","2075958","2928428"
"Turner","Web","2087694544","54134972","2033559572"
"Nielsen","Web","3054914","774631","2280283"
"Stickyads","Web","11637632","6152607","5485025"
"Mixpanel","Web","10228584","8672436","1556148"
"Smart AdServer","Web","33977829","13030190","20947639"
"Google Calendar","Web","76443338","48157171","28286167"
"Flipboard","Web","1623300","117137","1506163"
"Index Exchange (previously Casale Media)","Web","21495412","6241101","15254311"
"CPMSTAR","Web","118301","16730","101571"
"Sizmek (previously MediaMind)","Web","46527011","1265163","45261848"
"AOL One","Web","1750195","335137","1415058"
"Kakaocdn","Infrastructure","7597737","184367","7413370"
"Ad Safe Protected","Web","69528387","10477502","59050885"
"Helpshift","Web","1040927","257044","783883"
"Scotiabank","Web","15245054","2185662","13059392"
"Atlas Solutions","Web","77355","25558","51797"
"Urbanairship","Web","4771821","1739702","3032119"
"BootstrapCDN","Web","2354459","185549","2168910"
"Unruly","Web","6906032","4085362","2820670"
"Rogers TV","Web","7975127","962663","7012464"
"UpLynk","Web","107643401","1708566","105934835"
"Periscope","Media","35893977","6794200","29099777"
"Optimizely","Web","11338338","2281307","9057031"
"Rackspace","Web","1824511328","205582887","1618928441"
"Signal","Web","349920","52815","297105"
"Verizon","Web","63657272","46138591","17518681"
"jQuery","Web","6836972","359778","6477194"
"TubeMogul","Web","975037","68642","906395"
"Bleacher Report","Web","2420890","77623","2343267"
"SpotXchange","Web","4497701","1463724","3033977"
"Revcontent","Web","6045359","1199013","4846346"
"Liftoff","Web","2460877","904403","1556474"
"Teads","Web","12923294","2434241","10489053"
"Adform","Web","17626156","1886747","15739409"
"hotjar","Web","13673401","3081181","10592220"
"Innovid","Web","94890336","2489249","92401087"
"GIPHY","Web","255358791","5795641","249563150"
"StreamRail","Media","253436","43503","209933"
"Bugsnag","Web","7026386","5542508","1483878"
"Apple Game Center","Gaming","5145709","1346600","3799109"
"ADventori","Web","102506","21300","81206"
"Tealium","Web","4348453","485796","3862657"
"Flashtalking","Web","22818726","1354564","21464162"
"AdColony","Web","5118791","1569396","3549395"
"Yandex Disk","Web","295265","30088","265177"
"ULP","Network Service","7591759","927113","6664646"
"Media Innovation Group","Web","844618","231127","613491"
"eXelate","Web","1226634","330358","896276"
"Google Secure User Plane Location","Web","65624588","7917140","57707448"
"Amplitude","Web","26353938","22791742","3562196"
"Kakao","Web","583048","168300","414748"
"Apptimize","Web","134424","38924","95500"
"Data Saver","Web","829461748","14298220","815163528"
"Adtelligent","Web","3325216","859773","2465443"
"Tenor","Web","73028468","5200283","67828185"
"IronSource","Business Application","94890478","10708122","84182356"
"Disqus","Web","13961450","1160707","12800743"
"ByteDance","Web","228974706","46548404","182426302"
"Visual IQ","Web","229167","77023","152144"
"Redis","Business Application","89807","46130","43677"
"Future_plc","Web","7620272","324560","7295712"
"Vungle","Web","113295332","8820517","104474815"
"Didi","Web","195547","55281","140266"
"TripAdvisor","Web","11731291","711559","11019732"
"Unknown virtual protocol","Unclassified","81874014","3438523","78435491"
"Unknown virtual protocol","Unclassified","229439085","44173896","185265189"
"NetEase","Web","7348370","214263","7134107"
"Unknown virtual protocol","Unclassified","4547637","2840488","1707149"
"Google Pay","Web","7926245","1156025","6770220"
"Firework","Internet Instant Messaging","182756","25531","157225"
"Google Messages","Internet Instant Messaging","11912434","3384732","8527702"
"JWPLAYER","Web","294488147","8223984","286264163"
"Shopify","Web","42564274","1646075","40918199"
"DoorDash","Web","32601","16247","16354"
"Microsoft Dynamics","Business Application","334406","55521","278885"
"Amber Weather","Web","161725","35247","126478"
"Sift Science","Web","381901","50800","331101"
"UserReport","Web","151483","27746","123737"
"Wired","Web","46246269","1355181","44891088"
"WarnerMedia","Web","2738983988","60208702","2678775286"
"Font Awesome","Web","5924252","552215","5372037"
"BitTorrent","Peer to Peer","266384","3840","262544"
"File Transfer Protocol","File Sharing","8687","5252","3435"
"GPRS Tunneling Protocol","Tunneling and VPN","193986326","8058283","185928043"
"IPsec (AH and ESP)","Tunneling and VPN","19068","18320","748"
"Kerberos","Authentication","3231","2286","945"
"Post Office Protocol (Version 3)","Email","70959295","2088538","68870757"
"Secure POP3","Email","15227922","640264","14587658"
"Port Mapper","Network Service","3773","2618","1155"
"QQ","Internet Instant Messaging","588066","81759","506307"
"Real Time Control Protocol","Business Collaboration","286537827","113981979","172555848"
"Real Time Protocol","Business Collaboration","35313018","15893903","19419115"
"SAP","Business Application","27536","6206","21330"
"Session Initiation Protocol","Business Application","71914","43274","28640"
"Server Message Block (Windows File Server)","File Sharing","8580","6270","2310"
"Simple Mail Transfer Protocol","Email","8201733","7593809","607924"
"Simple Network Management Protocol","Management","10122","10122","0"
"Wireless Session Protocol","Network Service","100490","60233","40257"
"X Window System","Business Application","3231","2286","945"
"Yahoo Search","Web","3502085","188487","3313598"
"Ask.com","Web","412768","109766","303002"
"Expedia.fr","Web","663946","182587","481359"
"Travelocity.com","Web","7652","968","6684"
"Realtor.com","Web","11475336","226003","11249333"
"WordPress.com","Social Networking","26899305","1128075","25771230"
"Flickr","Social Networking","4104170","173775","3930395"
"Deezer","Web","18788","1902","16886"
"SendSpace","File Sharing","296097","42810","253287"
"Mail.ru Webmail","Email","28184","4947","23237"
"Steampowered.com","Gaming","10064441","1217957","8846484"
"World of Warcraft","Gaming","5374","522","4852"
"Xbox Live","Gaming","20138241","2358054","17780187"
"Badoo.com","Internet Instant Messaging","116988","59636","57352"
"CouchSurfing","Web","5435","556","4879"
"FetLife.com","Web","100825","22574","78251"
"Foursquare.com","Web","1281681","217401","1064280"
"Goodreads.com","Web","197273","28671","168602"
"Italki.com","Web","1656831","40723","1616108"
"Last.fm","Media","39613","4586","35027"
"LibraryThing.com","Web","622186","24134","598052"
"Meetup","Web","4180502","336208","3844294"
"MyAnimeList.net","Web","849189","13084","836105"
"ResearchGATE.net","Web","190021","12039","177982"
"Tumblr","Social Networking","32091406","884218","31207188"
"Vk.com (Vkontakte)","Social Networking","39642","2864","36778"
"Vox.com","Web","341001","18456","322545"
"Yelp.com","Web","4041964","98433","3943531"
"Yandex webmail","Email","12314","2662","9652"
"Adobe Flash Plugin Update","Web","15305","2305","13000"
"Firefox Update","Web","979675","83754","895921"
"Java Update","Web","1039633","105172","934461"
"Apple Update","Web","698506","42046","656460"
"Archive.org","Web","9595449","327178","9268271"
"Debian/Ubuntu Update","Web","22713904","483833","22230071"
"BitDefender Update","Web","196881","42724","154157"
"Symantec Norton AntiVirus Updates","Web","171692","7105","164587"
"Tango Video Calls","Real Time Audio/Video","652035","40486","611549"
"Playstation Network","Gaming","18414","1674","16740"
"Trendmicro Update protocol","Web","265955","159101","106854"
"BBC Player","Media","18327","2237","16090"
"Garena","Web","48445","3730","44715"
"Dropbox","Storage and Backup","75085986","60471248","14614738"
"Evony.com","Web","205900","86340","119560"
"Google Translate","Web","71758214","67914103","3844111"
"iHeartRADIO","Media","677627","51234","626393"
"MediaFire.com","File Sharing","17131004","350091","16780913"
"Napster.com","Web","2297332","38271","2259061"
"Nicovideo.jp (aka Nico Nico Douga)","Media","459903","79288","380615"
"Photobucket.com","Web","534229","14140","520089"
"Psiphon","Web","31618495","3763158","27855337"
"Salesforce","Business Application","1659383","438284","1221099"
"UStream","Media","386122761","7591673","378531088"
"YouKu","Media","25586","14519","11067"
"WebEx","Business Collaboration","29671","1533","28138"
"Bloomberg.com","Web","9075558","475219","8600339"
"RSS","Web","181811","4612","177199"
"Adobe Acrobat DC (Document Cloud)","Web","426965","145759","281206"
"Alexa","Web","35126","3747","31379"
"AmericanExpress","Web","181589","34487","147102"
"Blogger","Web","6874861","280233","6594628"
"Cnet.com","Web","102040","7179","94861"
"Comcast","Web","1212651","495793","716858"
"Daily Mail","Web","28501831","1363347","27138484"
"Fox News","Web","33913257","5095225","28818032"
"FoxSports.com","Web","1281735","59572","1222163"
"Groupon","Web","89861","2530","87331"
"HowStuffWorks.com","Web","2976","156","2820"
"Livedoor.com","Web","6182","825","5357"
"Mashable.com","Web","416780","14738","402042"
"Monster.com","Web","113555","23634","89921"
"NASA.gov","Web","12238962","276925","11962037"
"Naver Corporation (formerly NHN Corporation)","Web","597561185","16459965","581101220"
"National Football League (NFL.com)","Web","57177216","6921921","50255295"
"Nike.com","Web","5952704","1298527","4654177"
"PlayStation.com","Web","12609156","1011911","11597245"
"Reuters.com","Web","2908039","96526","2811513"
"Reverso.net","Web","99739","21000","78739"
"SlideShare","Web","546085","20716","525369"
"SurveyMonkey.com","Web","262343","12884","249459"
"Vimeo","Web","45775711","1168507","44607204"
"WashingtonPost.com","Web","2337502","113611","2223891"
"Xbox","Gaming","6260901","1121960","5138941"
"XNXX","Web","11301","2250","9051"
"Xvideos.com","Media","359007","91313","267694"
"Sina.com.cn","Internet Instant Messaging","2832968","58734","2774234"
"Sina Weibo","Web","1969517","153620","1815897"
"Taobao","Web","143944","81107","62837"
"GMX webmail","Email","873770","178105","695665"
"Apple FaceTime","Real Time Audio/Video","161535650","70625922","90909728"
"Line","Internet Instant Messaging","46790891","5545722","41245169"
"Scribd.com","Web","84125","8539","75586"
"Shazam","Web","1819981","512994","1306987"
"SoundCloud","Media","311792528","9024464","302768064"
"TuneIn","Real Time Audio/Video","7026","1463","5563"
"Nate.com","Web","418795","42265","376530"
"Amazon Prime Video","Media","420358179","9026784","411331395"
"163.com","Web","772460","379447","393013"
"Sohu.com","Web","10088","1522","8566"
"Ifeng.com","Web","18531","17041","1490"
"Alipay","Web","14048","5159","8889"
"360.cn","Web","80977","27006","53971"
"Alibaba.com","Web","16812892","647643","16165249"
"Datagram Transport Layer Security","Tunneling and VPN","119486589","18682138","100804451"
"ISO Base Media File Format","Real Time Audio/Video","37334822","486667","36848155"
"KIK Messenger","Internet Instant Messaging","148000","49093","98907"
"MiTalk Messenger (Miliao)","Internet Instant Messaging","68570","8440","60130"
"Ameba.jp","Web","4633","1403","3230"
"Hatena.ne.jp","Social Networking","23308","4014","19294"
"QQ Games","Gaming","4718","2058","2660"
"QQ Mail","Email","281081","112627","168454"
"Tencent.com","Internet Instant Messaging","91602","62609","28993"
"Pornhub","Web","2511","319","2192"
"Nokia Here API","Web","2534666","300506","2234160"
"MeetMe.com","Social Networking","146574","12345","134229"
"Microsoft Skype for Business (formerly Microsoft Lync Online) (Office 365)","Business Collaboration","2239","637","1602"
"Nend.net","Web","5112","1599","3513"
"Speedtest","File Sharing","4026929","104663","3922266"
"MapQuest.com","Web","259536","13742","245794"
"BuzzFeed.com","Web","200614","29888","170726"
"Internet Movie Database","Web","213859904","3898851","209961053"
"Imgur.com","Storage and Backup","14299276","335368","13963908"
"xHamster.com","Web","70631","13187","57444"
"Google Documents (aka Google Drive)","Storage and Backup","153123889","33954995","119168894"
"Evernote","Web","2537786","495062","2042724"
"JingDong","Web","782552","62788","719764"
"WebSocket","Network Service","274546","65548","208998"
"Bet365.com","Web","866159","58041","808118"
"DCinside.com","Web","716497","82305","634192"
"Saavn Bollywood Music","Media","237502","12951","224551"
"touch","Internet Instant Messaging","125095","48399","76696"
"Paypal.com","Web","9557812","1288443","8269369"
"Orange.com","Web","8381","3146","5235"
"BBC","Web","107796754","4620733","103176021"
"AVG.com","Web","3831","590","3241"
"T-Online.de","Web","186706","9107","177599"
"Marca.com","Web","305963","84098","221865"
"Goal.com","Web","5980","1397","4583"
"craigslist","Web","3122217","215435","2906782"
"Indiatimes","Web","132129","15643","116486"
"Kijiji.ca","Web","8740612","591428","8149184"
"Internet Small Computer Systems Interface","Network Service","264","92","172"
"Background Intelligent Transfer Service","File Sharing","115511058","12511584","102999474"
"AliExpress.com","Web","3260991","163340","3097651"
"NZHerald.co.nz","Web","5543009","165013","5377996"
"Pantip.com","Web","111723","12659","99064"
"Rt.com","Web","1574285","81460","1492825"
"Onet.pl","Web","425747","131226","294521"
"Fox Business Network","Web","45330","12811","32519"
"News","Web","583925","29840","554085"
"Gameloft Games","Gaming","2309866865","54869097","2254997768"
"Naver","Web","2430","1356","1074"
"Yadro","Web","41820","15823","25997"
"Rovio Entertainment","Gaming","4109241","1285858","2823383"
"Candy Crush Saga","Gaming","6281134","2462489","3818645"
"King Digital Entertainment","Gaming","1186271","123688","1062583"
"Waze Social GPS Maps & Traffic","Web","5280536","318229","4962307"
"Symantec","Web","2791641","737615","2054026"
"OpenStreetMap","Infrastructure","172499","9605","162894"
"Videoplaza","Web","47369","11617","35752"
"Zendesk","Business Collaboration","6040755","351150","5689605"
"Flurry","Business Application","11348584","3912261","7436323"
"Traffic Factory","Business Application","37483","3765","33718"
"Brightcove","Media","296034764","32646990","263387774"
"Plenty Of Fish","Web","9249975","1765763","7484212"
"Twitch","Media","486674","171928","314746"
"BoldChat Live Chat","Internet Instant Messaging","437458","140441","297017"
"OkCupid","Web","1497779","303505","1194274"
"battlenet","Gaming","1115795","152478","963317"
"4CHAN","Web","663050","157310","505740"
"Cedexis","Web","1551050","390780","1160270"
"Lazada","Web","979258","21978","957280"
"Gettyimages","Web","1415501","168458","1247043"
"Oxu","Web","520361","19109","501252"
"Theladbible","Web","13645","2000","11645"
"Clien","Web","618343","35024","583319"
"Traffic Junky","Web","59227","23535","35692"
"quic","Network Service","5621852","1884927","3736925"
"Domain","Web","6542","895","5647"
"Realestate","Web","894376","322967","571409"
"Smh","Web","884481","35641","848840"
"Constant Contact","Web","9293","3392","5901"
"GitHub","Web","434116743","6891937","427224806"
"Web.DE","Web","314200","42131","272069"
"SourceForge","Web","476984","23351","453633"
"My.com","Web","40749","15485","25264"
"Bizographics","Web","4946","1304","3642"
"CBS Video","Web","454210","45954","408256"
"Fastly","Web","1977915","205627","1772288"
"Disney Channel","Web","1982306","124703","1857603"
"NBC","Web","10976866","579844","10397022"
"Localytics","Web","2045412","404978","1640434"
"MoPub","Web","2002440","1270607","731833"
"Microsoft Translator (Bing Translator)","Web","217783","101440","116343"
"Perform","Web","663698","16532","647166"
"Microsoft Office OneNote (Office 365)","Business Application","267967","114806","153161"
"Olark","Web","76333","7287","69046"
"Liveperson","Web","4681716","215286","4466430"
"Zopim","Web","816456","199840","616616"
"Mapbox","Web","14277447","896859","13380588"
"Debian","Web","85877","18918","66959"
"Rollout","Web","247866","58761","189105"
"Microsoft Excel Online (Office 365)","Web","28404158","6415312","21988846"
"LiveChat","Web","472289","40736","431553"
"Riffsy (Tenor.co)","Web","16831236","392469","16438767"
"Braintree","Web","268619","100505","168114"
"LKQD","Web","167223","41336","125887"
"Google Web Light","Web","62522","6039","56483"
"Umeng","Web","506724","261669","245055"
"China Daily","Web","8759","2001","6758"
"Hola Web Proxy","Web","113419","18789","94630"
"MobFox","Web","27536","5988","21548"
"Google Photos (formerly Google Picasa)","Web","335585469","292068289","43517180"
"Baidu Maps","Web","92009","17200","74809"
"Uber (formerly UberCab)","Web","4786484","1628505","3157979"
"QQVideo","Web","1780178","69341","1710837"
"Ethernet/IP","Network Service","1991722","1940872","50850"
"Younow","Web","26795347","11647811","15147536"
"Bazaarvoice","Web","23340444","925666","22414778"
"MQ Telemetry Transport","Network Service","3562","1450","2112"
"Clicktale","Web","5364392","3503894","1860498"
"Adk2","Web","1324783","40731","1284052"
"Pokemon GO","Gaming","15932943","1314488","14618455"
"CDNetworks","Infrastructure","2246433","100675","2145758"
"Weborama","Web","123887","27064","96823"
"Highwinds","Web","865399","34648","830751"
"Wix","Web","32557669","2108401","30449268"
"Tinder","Web","89875468","3643926","86231542"
"Eskimi","Web","20459","4464","15995"
"Shutterstock","Web","77996","17440","60556"
"Heroku","Web","300491","65700","234791"
"IMO Video Calling Application","Media","122108512","61327973","60780539"
"Hola","Web","211445","68860","142585"
"Clash of Clans","Gaming","1094188","134354","959834"
"Supercell","Gaming","18034800","717524","17317276"
"Amazon Music","Media","64647","26002","38645"
"Cheetah Mobile","Web","3446","2024","1422"
"Microsoft Word Online (Office 365)","Business Collaboration","12732373","1774787","10957586"
"Signal Private Messenger (Open Whisper Systems)","Internet Instant Messaging","3355244","1769200","1586044"
"Tidal","Media","8169","1359","6810"
"Nintendo","Gaming","193788","54325","139463"
"OpenRTB","Web","4399602","3805849","593753"
"Audible","Real Time Audio/Video","1838113","321882","1516231"
"BancoEstado","Web","1530745","54319","1476426"
"Google Classroom","Web","958167","239590","718577"
"Samsung Update","Web","11648581247","239417327","11409163920"
"Amazon Chime","Business Collaboration","19675","4657","15018"
"MaxCDN","Web","35540","6678","28862"
"Booking.com","Web","41162118","2831200","38330918"
"Walmart","Web","2418491","1444968","973523"
"DocuSign","Web","12307792","359544","11948248"
"Autodesk Fusion 360","Tunneling and VPN","50373480","29473534","20899946"
"Optus","Web","341012","17457","323555"
"Gfycat","Web","8762021","152418","8609603"
"T-Mobile","Web","6532","1868","4664"
"Sportradar","Web","160267","32270","127997"
"Pornhub NETWORK","Web","2507","319","2188"
"Wall Street Journal","Web","162360877","3197269","159163608"
"Niantic, Inc","Web","335632","42885","292747"
"Snow","Internet Instant Messaging","356818","67287","289531"
"Clash Royale","Gaming","243448195","6856304","236591891"
"Instructure","Web","829882","49667","780215"
"Mail.com","Email","2583843","175553","2408290"
"United Internet","Web","1277059","147249","1129810"
"Workplace By Facebook","Social Networking","9157","7510","1647"
"shopee.tw","Web","468254","65066","403188"
"Facebook Lite","Social Networking","19467734","3031763","16435971"
"Digioh","Web","1061688","43849","1017839"
"UC Browser","Web","29491","11256","18235"
"Mediascope","Web","15873","1724","14149"
"Youtube Music","Media","449042","170280","278762"
"Akamai Video","Media","361075","103235","257840"
"Fortnite","Gaming","11408461","527646","10880815"
"Fox Networks","Web","587472","24684","562788"
"9GAG","File Sharing","2083773","49813","2033960"
"Text Me","Internet Instant Messaging","8822048","535183","8286865"
"AnchorFree","Tunneling and VPN","880952","845870","35082"
"textPlus","Internet Instant Messaging","2890289","398996","2491293"
"Epic_games","Gaming","7993090","1148159","6844931"
"Unreal_engine","Gaming","685443","30394","655049"
"IBM","Web","398177","106809","291368"
"Microsoft AD Right Management Service","Business Application","32106","22836","9270"
"RingCentral","Business Collaboration","45748","4981","40767"
"Google News","Web","486314","45309","441005"
"Alibaba Group","Web","771291","33718","737573"
"Alibaba Cloud","Web","8052412","1043067","7009345"
"League of Legends","Gaming","739299","163863","575436"
"ExpressVPN","Tunneling and VPN","357428","41705","315723"
"Account Kit","Web","54345","10308","44037"
"Wish","Web","86642452","6931806","79710646"
"Google Play Books","Web","119589","5392","114197"
"ProtonMail","Email","3424050","445065","2978985"
"Fandom","Web","8398550","400669","7997881"
"Tesla","Web","107583","44382","63201"
"Google GSuite","Web","861592","129513","732079"
"OpenSignal","Web","86001","74768","11233"
"Megaphone","Web","151060","7424","143636"
"PubNub","Web","16730","3584","13146"
"Unknown virtual protocol","Unclassified","266732473","30212269","236520204"
"Unknown virtual protocol","Unclassified","111774852","821709","110953143"
"Unknown virtual protocol","Unclassified","106582","77613","28969"
"Unknown virtual protocol","Unclassified","136311","42658","93653"
"Unknown virtual protocol","Unclassified","161679","89699","71980"
"Unknown virtual protocol","Unclassified","45307452","1059516","44247936"
"Google Blog","Web","21260","2831","18429"
"Bumble","Web","23973362","1921781","22051581"
"National Public Radio","Web","211961","115474","96487"
"Acast","Real Time Audio/Video","16418721","321164","16097557"
"Wireguard","Tunneling and VPN","814776344","53719668","761056676"
"Mario Kart Tour","Gaming","1644815","115074","1529741"
"Bigo","Web","234421","105613","128808"
"BAMTech","Real Time Audio/Video","21923047","11238396","10684651"
"Disney Plus","Real Time Audio/Video","4829794736","110193142","4719601594"
"Apple TV Plus","Real Time Audio/Video","10788","2027","8761"
"Kuwo","Real Time Audio/Video","502992","78255","424737"
"Quora","Social Networking","4018014","309633","3708381"
"Toutiao","Web","7873","1355","6518"
"Airbnb","Web","12940742","1060390","11880352"
"MediaLab","Web","110363","10767","99596"
"Netease Games","Gaming","18310","5357","12953"
"Wangwang","Internet Instant Messaging","68327","25648","42679"
"Code42","Web","47987","27467","20520"
"Workday","Business Application","4760485","899318","3861167"
"StackPath","Web","472015","23351","448664"
"Uber Eats","Web","1015376","199018","816358"
"Houseparty","Real Time Audio/Video","180162","27024","153138"
"Roblox","Gaming","8323491","423512","7899979"
"BridTV","Real Time Audio/Video","128654","8172","120482"
"Likee","Internet Instant Messaging","456345","103182","353163"
"Citrix","Web","51902","17716","34186"
"Digital Turbine","Web","51538506","985019","50553487"
"Pluto TV","Real Time Audio/Video","2464444","40334","2424110"
"adRise","Real Time Audio/Video","581416","83002","498414"
"Tubi TV","Real Time Audio/Video","362084196","9254543","352829653"
"iFunny","Web","120208692","6089280","114119412"
"Demandbase","Web","256005","10935","245070"
"KOCHAVA","Web","776943","215029","561914"
"Amazon Alexa Assistant","Business Collaboration","3354282","267600","3086682"
"Hearthstone","Gaming","291843","65345","226498"
"Yubo","Internet Instant Messaging","109262","67540","41722"
"Connatix","Real Time Audio/Video","54758759","2145805","52612954"
"Minute Media","Web","10863581","278689","10584892"
"Xbox Cloud Gaming","Gaming","40585","14663","25922"
" Revolut","Web","225435","52916","172519"
"The Blaze","Web","901032","22589","878443"
"WordReference.com","Web","59583","15000","44583"
"E! Online","Web","134876","2892","131984"
"Hotels.com","Web","3960209","633810","3326399"
"Indeed","Web","62545949","14274422","48271527"
"NHL.com","Web","8387703","365193","8022510"
"Priceline.com","Web","1367829","87437","1280392"
"Rotten Tomattoes","Web","313965","25093","288872"
"Slate Magazine","Web","596550","10463","586087"
"The Telegraph","Web","2415722","138243","2277479"
"TIME","Web","201236","22014","179222"
"United Airlines","Web","1288595","823645","464950"
"Geforce Now","Gaming","1154253","58853","1095400"
"Call of Duty Mobile","Gaming","34651893","1739483","32912410"
"The Walt Disney Company","Web","8705397","642489","8062908"
"FedEx","Web","700482","251429","449053"
"Kayak","Web","528587","68406","460181"
"Eventbrite","Web","9693245","331634","9361611"
"World Of Tanks Blitz","Gaming","22428852","1058180","21370672"
"Wargaming","Web","242243","38291","203952"
"Datadog","Web","392175","269919","122256"
"Unknown virtual protocol","Unclassified","14403","6887","7516"
"Riverbed","Tunneling and VPN","7062","1788","5274"
"ZoomCRC","Business Collaboration","900","432","468"
