"Application","Category","Total Bytes","Bytes Received","Bytes Sent"
"Dailymotion.com","Media","451443098","24897908","426545190"
"Domain Name Service","Network Service","1592872870","786866319","806006551"
"Google Mail","Email","1747189731","207853149","1539336582"
"Google Search","Web","934695928","96339018","838356910"
"Google Maps","Web","186347925","15401700","170946225"
"HyperText Transfer Protocol","Web","1446031379","94090961","1351940418"
"HyperText Transfer Protocol Secure","Web","21865174235","1391897847","20473276388"
"Internet Control Message Protocol","Network Service","4234839500","2558875028","1675964472"
"Internet Message Access Protocol version 4","Email","114124510","41052561","73071949"
"Internet Message Access Protocol Secure","Email","51505493","5566395","45939098"
"Internet Protocol","Network Service","0","0","0"
"Internet Security Association and Key Management Protocol","Tunneling and VPN","37167951","19219040","17948911"
"XMPP Protocol (Jabber)","Business Collaboration","95430508","5460088","89970420"
"Layer 2 Tunneling Protocol","Tunneling and VPN","14160","14160","0"
"McAfee Client update","Business Application","24850217","3012386","21837831"
"Network Time Protocol","Network Service","2208171","1106678","1101493"
"Secure POP3","Email","5452771","756603","4696168"
"Real Time Control Protocol","Business Collaboration","194530","87846","106684"
"Real Time Protocol","Business Collaboration","556065114","312378913","243686201"
"Skype and Teams","Business Collaboration","45521359","13769084","31752275"
"Simple Object Access Protocol","Network Service","1405164580","673539838","731624742"
"Secure Shell","Tunneling and VPN","137952","59565","78387"
"Secure Socket Layer","Tunneling and VPN","18777945889","2563777666","16214168223"
"Session Traversal Utilities for NAT","Business Collaboration","18797601","11804189","6993412"
"Transmission Control Protocol","Other TCP/UDP","9018695032","701862051","8316832981"
"User Datagram Protocol","Other TCP/UDP","165931303651","22538493717","143392809934"
"Yahoo Mail v.2.0","Email","274072033","59912894","214159139"
"Youtube.com","Media","14283308727","1264490627","13018818100"
"Facebook","Social Networking","92082241632","3936684147","88145557485"
"Google Ads","Web","1567813412","168302226","1399511186"
"Windows Live Hotmail","Email","171703113","14796349","156906764"
"Secure AIM","Internet Instant Messaging","765075","162790","602285"
"WordPress.com","Social Networking","76514779","3140801","73373978"
"Flickr","Social Networking","2595183","56736","2538447"
"LinkedIn","Social Networking","1259315025","156875692","1102439333"
"Apple Generic Services","Web","14037184668","457170767","13580013901"
"Online Certificate Status Protocol","Business Application","21955075","8594703","13360372"
"Mail.ru Webmail","Email","333963","58066","275897"
"Steampowered.com","Gaming","8401793698","214732880","8187060818"
"Foursquare.com","Web","1052666","135049","917617"
"Meetup","Web","5399717","1536293","3863424"
"Tumblr","Social Networking","128129611","3518152","124611459"
"Twitter","Social Networking","4953718837","172021183","4781697654"
"Yandex.ru","Web","13481488","1621929","11859559"
"iTunes","Media","1476098035","155591572","1320506463"
"Spotify","Media","15011929851","1395196577","13616733274"
"TeamViewer","Remote Desktop","136593914","83906281","52687633"
"Bing.com (formerly MSN Search)","Web","803542192","117513596","686028596"
"Baidu.com","Web","19684259","3135481","16548778"
"Windows Update","Web","4585795471","455036095","4130759376"
"Apple Update","Web","13307746","427622","12880124"
"Chrome Update","Web","212214823","15996905","196217918"
"Opera Update","Web","1312882","421858","891024"
"Viber","Real Time Audio/Video","13055739","2061037","10994702"
"Netflix.com","Media","13965785512","250613481","13715172031"
"Google Analytics,Google Marketing Platform","Web","332963408","89180623","243782785"
"Google GStatic","Web","2446588173","103976324","2342611849"
"Dropbox","Storage and Backup","753970191","494938810","259031381"
"Salesforce","Business Application","25877218","3570559","22306659"
"Portal.TidalTV.com","Web","1236149","327594","908555"
"YouKu","Media","1308784","1184521","124263"
"Google Generic","Web","1201929180","143166771","1058762409"
"AccuWeather","Web","8059494","1197288","6862206"
"Amazon Generic Services","Web","4804506765","1435058812","3369447953"
"Daily Mail","Web","41752554","3002907","38749647"
"Daum.net","Web","198153165","4318418","193834747"
"Groupon","Web","378142","99933","278209"
"Mozilla.com - Mozilla.org","Web","18642600","6372031","12270569"
"Naver Corporation (formerly NHN Corporation)","Web","832231409","28012278","804219131"
"NYTimes.com","Web","182002376","6434148","175568228"
"Vimeo","Web","349368425","6583431","342784994"
"Weather.com","Web","38512363","4722756","33789607"
"WhatsApp Messenger","Internet Instant Messaging","15460103342","5813942862","9646160480"
"Google App Engine","Business Application","2588405","341191","2247214"
"Apple App Store","Web","7586064021","192903588","7393160433"
"Windows Marketplace","Web","443478603","46963697","396514906"
"Apple FaceTime","Real Time Audio/Video","3292345499","1497038792","1795306707"
"Apple Push Notification Service","Web","385974038","258254779","127719259"
"iOS over-the-air (OTA) update","Web","2704036486","49925200","2654111286"
"Samsung Apps","Web","140298117","7778681","132519436"
"Google Play Store","Media","1580415811","511438214","1068977597"
"Line","Internet Instant Messaging","3113913374","948905901","2165007473"
"iCloud (Apple)","Storage and Backup","47530724617","18387561975","29143162642"
"Instagram","Web","128933067520","4838761789","124094305731"
"Amazon Web Services/Cloudfront CDN","Infrastructure","9565922942","3839182201","5726740741"
"KakaoTalk","Internet Instant Messaging","196479389","142610672","53868717"
"Nate.com","Web","14467","3084","11383"
"Nexon.com","Web","268313","90087","178226"
"QQ.com","Web","444174858","19130028","425044830"
"Akamai Technologies CDN","Web","4764667812","220089317","4544578495"
"Microsoft Azure (previously Windows Azure)","Infrastructure","327697483","9852878","317844605"
"ISO Base Media File Format","Real Time Audio/Video","545471263","9028104","536443159"
"Yahoo.com","Web","911758570","139774059","771984511"
"WeChat","Internet Instant Messaging","2639293297","175878872","2463414425"
"Hatena.ne.jp","Social Networking","6684761","471065","6213696"
"Tencent.com","Internet Instant Messaging","237739","109494","128245"
"Google Talk (incl. Hangouts and Allo and Duo)","Real Time Audio/Video","200498630","90451104","110047526"
"CloudFlare CDN","Infrastructure","6692285550","303076630","6389208920"
"Microsoft Office 365","Business Collaboration","1059571886","85191457","974380429"
"Nend.net","Web","3657164","158430","3498734"
"Pinterest","Web","285259194","14974561","270284633"
"Microsoft Outlook (Office 365)","Business Application","752062781","121821550","630241231"
"Reddit.com","Web","4539990145","97435287","4442554858"
"Apple SIRI","Web","75972992","42917847","33055145"
"Google Documents (aka Google Drive)","Storage and Backup","26818582","6107007","20711575"
"Apple Maps","Web","6651327","289704","6361623"
"WebSocket","Network Service","1327364","641914","685450"
"Paypal.com","Web","11959635","2376672","9582963"
"BBC","Web","64787091","3085502","61701589"
"Telegraaf.nl","Web","16672126","948916","15723210"
"craigslist","Web","296758210","100797309","195960901"
"Indiatimes","Web","4001955","301880","3700075"
"Wp.pl","Web","61035","17298","43737"
"Emol.com","Web","16977316","5622306","11355010"
"Google Accounts","Web","504075746","59607893","444467853"
"Amazon Ad System","Web","254461262","37194148","217267114"
"Aol","Web","7476148","1771082","5705066"
"Snapchat","Social Networking","5714710401","389893429","5324816972"
"Naver","Web","220404","15480","204924"
"AddThis","Web","13572062","810673","12761389"
"Turn","Web","5222525","1204188","4018337"
"ScorecardResearch","Web","65917523","11437463","54480060"
"Quantcast","Web","26623686","3660719","22962967"
"Telegram","Internet Instant Messaging","4667195392","214198142","4452997250"
"Candy Crush Saga","Gaming","5067644","2087350","2980294"
"King Digital Entertainment","Gaming","844763","242918","601845"
"Symantec","Web","449019157","11604377","437414780"
"Oracle","Web","8677665","2245318","6432347"
"Bitstrips","Social Networking","124724096","5011429","119712667"
"TRUSTe","Web","26090159","2027884","24062275"
"Criteo","Web","171083239","30472170","140611069"
"Adobe","Business Application","462747564","40369735","422377829"
"Google Safe Browsing","Web","29859298","2894438","26964860"
"Inneractive","Web","25490901","15584576","9906325"
"Flurry","Business Application","65851612","18424798","47426814"
"Samsung","Web","133441804","37733834","95707970"
"Crashlytics","Web","91269487","5597081","85672406"
"Brightcove","Media","47956565","1818855","46137710"
"BoldChat Live Chat","Internet Instant Messaging","1623272","363085","1260187"
"Facebook Messenger","Internet Instant Messaging","4130039362","2009568196","2120471166"
"InMobi","Web","18290805","8098834","10191971"
"AppsFlyer","Business Application","61986389","16086158","45900231"
"Gravatar","Business Collaboration","4171112","616648","3554464"
"FreeWheel","Web","11966435","2787667","9178768"
"Xiaomi","Web","12180004","2348096","9831908"
"Nielsen","Web","12434763","3382498","9052265"
"Stickyads","Web","20416430","7481715","12934715"
"battlenet","Gaming","1435512","63208","1372304"
"Vine","Media","148414","35276","113138"
"Mixpanel","Web","11894234","8036153","3858081"
"Smart AdServer","Web","67997933","22760640","45237293"
"Cedexis","Web","11261843","3342271","7919572"
"Google Cloud Storage","Web","513901411","315025920","198875491"
"Google Cloud Messaging","Web","84871575","17263817","67607758"
"Gettyimages","Web","15191802","298207","14893595"
"Google Calendar","Web","29084959","10024145","19060814"
"Apple Location","Web","4662643450","362629576","4300013874"
"Flipboard","Web","945430","107971","837459"
"OpenX","Web","10337200","3005629","7331571"
"PubMatic","Web","100954039","52425948","48528091"
"Index Exchange (previously Casale Media)","Web","37911062","12600238","25310824"
"LOTAME","Web","12342333","2318362","10023971"
"Rubicon Project","Web","160796176","67529023","93267153"
"ADTECH","Web","1340943","150555","1190388"
"Sizmek (previously MediaMind)","Web","202772371","6465164","196307207"
"AppNexus","Web","285335210","165804379","119530831"
"AOL One","Web","14939369","807263","14132106"
"Rlcdn","Web","11786549","2583697","9202852"
"Realestate","Web","272073","60635","211438"
"HyperText Transfer Protocol version 2","Web","3968917695","376761415","3592156280"
"GitHub","Web","15221659","994474","14227185"
"Kakaocdn","Infrastructure","54288228","1138948","53149280"
"Advertising.com","Web","2539800","697646","1842154"
"Google Tag Manager","Web","262259590","11769222","250490368"
"Facebook Embedded Video","Media","6869316578","128241477","6741075101"
"My.com","Web","162997","48818","114179"
"Ad Safe Protected","Web","109325678","18563773","90761905"
"Adjust.com","Web","15737275","6272272","9465003"
"Scotiabank","Web","76144207","26926485","49217722"
"Urbanairship","Web","4907937","1462652","3445285"
"BootstrapCDN","Web","5971384","301771","5669613"
"Apple Music","Media","520717022","10909140","509807882"
"Outbrain","Web","131967776","23741076","108226700"
"Fastly","Web","9985184","733381","9251803"
"Unruly","Web","5984969","3012866","2972103"
"UpLynk","Web","42023898","459009","41564889"
"MoPub","Web","392434","143713","248721"
"Applovin","Web","404693097","74454661","330238436"
"Android connectivity Manager","Network Service","11580113","5889806","5690307"
"Moat","Web","141029383","39011140","102018243"
"Krux","Web","18439733","1931071","16508662"
"Periscope","Media","60731645","1761565","58970080"
"Microsoft Office OneNote (Office 365)","Business Application","22822836","983546","21839290"
"Heap","Web","55742840","35591419","20151421"
"Branch Metrics","Web","145677498","16116348","129561150"
"Optimizely","Web","24431322","4171601","20259721"
"Taboola","Web","334103125","37487687","296615438"
"Rackspace","Web","1680966320","172855645","1508110675"
"Signal","Web","1268169","107679","1160490"
"Smaato","Web","8257096","3631868","4625228"
"Verizon","Web","4732978","2933617","1799361"
"MediaMath","Web","6492969","2479922","4013047"
"LKQD","Web","502048","138983","363065"
"jQuery","Web","12887130","646735","12240395"
"Everest Technologies","Web","16390639","4594930","11795709"
"TubeMogul","Web","1665469","137511","1527958"
"SpotXchange","Web","7233258","2435554","4797704"
"Microsoft OneDrive","Web","2546985341","2287002302","259983039"
"Microsoft","Web","2610780306","606816590","2003963716"
"Umeng","Web","2164621","1013176","1151445"
"New Relic","Web","130702669","80849190","49853479"
"Google Photos (formerly Google Picasa)","Web","308120668","268670347","39450321"
"Liftoff","Web","1498565","600213","898352"
"Uber (formerly UberCab)","Web","1103711120","373939593","729771527"
"QQVideo","Web","254648661","3518981","251129680"
"Slack","Web","317453461","26519478","290933983"
"Younow","Web","44440328","20638507","23801821"
"Conversant","Web","6562599","2847252","3715347"
"Bazaarvoice","Web","10520154","955973","9564181"
"Teads","Web","112504931","7177248","105327683"
"Clicktale","Web","8111062","5175886","2935176"
"Adform","Web","16501998","3301775","13200223"
"hotjar","Web","40131383","6682626","33448757"
"ZoomMeetings","Business Collaboration","1837158074","776461794","1060696280"
"Weborama","Web","192283","37679","154604"
"HyperText Transfer Protocol proxy","Network Service","534340","244560","289780"
"Innovid","Web","214102573","7482406","206620167"
"GIPHY","Web","655944935","17652560","638292375"
"Firebase Cloud Messaging","Web","284216457","75849333","208367124"
"IMO Video Calling Application","Media","29789587","9481387","20308200"
"Bidswitch","Web","33492363","12168341","21324022"
"Bugsnag","Web","2645145","1020977","1624168"
"Apple Game Center","Gaming","27671258","11464951","16206307"
"Tealium","Web","20038973","6421835","13617138"
"Flashtalking","Web","103813079","4547707","99265372"
"Sharethrough","Web","32065583","10964598","21100985"
"AdColony","Web","7933258","3291644","4641614"
"Yieldmo","Web","19573540","3595845","15977695"
"Huawei","Web","5706141","2217598","3488543"
"MGID","Web","7875376","482634","7392742"
"ULP","Network Service","3296158","163507","3132651"
"AnyDesk","Remote Desktop","142560","58890","83670"
"DoubleVerify","Web","78586593","14145714","64440879"
"Media Innovation Group","Web","1718344","454315","1264029"
"Okta","Web","80857951","14423342","66434609"
"PulsePoint","Web","10087367","3591960","6495407"
"eXelate","Web","2426217","668478","1757739"
"Sonobi","Web","10130397","4272877","5857520"
"Amplitude","Web","81721356","72702802","9018554"
"NEP Worldwide","Web","318321","40206","278115"
"Google Cloud Platform","Web","58972852","8786792","50186060"
"Canvas Student","Web","7392306","162121","7230185"
"Microsoft teams","Internet Instant Messaging","440123273","31708265","408415008"
"Electronic Arts","Web","1641855","183930","1457925"
"Kakao","Web","2126523","358802","1767721"
"Digioh","Web","847646","41419","806227"
"Cisco","Web","9405139","4338988","5066151"
"IronSource","Business Application","92923233","6805861","86117372"
"Disqus","Web","24910047","2187732","22722315"
"Grammarly","Web","27369289","13507964","13861325"
"Simpli.fi","Web","4446959","617883","3829076"
"ByteDance","Web","406898833","88965258","317933575"
"TikTok (Musical.ly)","Social Networking","61913187128","3063644058","58849543070"
"Visual IQ","Web","486283","178037","308246"
"Discord","Internet Instant Messaging","434234650","20641898","413592752"
"Wish","Web","91428896","4127414","87301482"
"ProtonMail","Email","314162","28625","285537"
"Apple News","Web","381067825","21864074","359203751"
"iBooks","Web","1189585","105201","1084384"
"Tesla","Web","611872769","61548490","550324279"
"Vungle","Web","187548661","7392734","180155927"
"Google APIs","Web","4714704324","1321661168","3393043156"
"Megaphone","Web","1959213666","48886447","1910327219"
"Amazon Cognito","Web","23077268","7483838","15593430"
"Unknown virtual protocol","Unclassified","1577426383","34900959","1542525424"
"Unknown virtual protocol","Unclassified","7815753","476584","7339169"
"Unknown virtual protocol","Unclassified","264883","32541","232342"
"NetEase","Web","5775275","195237","5580038"
"Unknown virtual protocol","Unclassified","101613815","39747821","61865994"
"Google Pay","Web","9922966","1645389","8277577"
"Bumble","Web","150654597","9003987","141650610"
"Acast","Real Time Audio/Video","102710195","985218","101724977"
"Wireguard","Tunneling and VPN","3088467863","169210959","2919256904"
"Google Messages","Internet Instant Messaging","40346206","15550537","24795669"
"JWPLAYER","Web","607297780","15491626","591806154"
"Quora","Social Networking","22447275","1580414","20866861"
"Wangwang","Internet Instant Messaging","976147","427418","548729"
"BPI Mobile","Web","235258","46107","189151"
"Shopify","Web","67096052","3833360","63262692"
"StackPath","Web","14606665","168911","14437754"
"Likee","Internet Instant Messaging","7393149","1850842","5542307"
"Citrix","Web","171955","63144","108811"
"KOCHAVA","Web","1782915","513373","1269542"
"Sift Science","Web","952077","283561","668516"
"Amazon Alexa Assistant","Business Collaboration","2310271","533635","1776636"
"Spotify Audio","Real Time Audio/Video","19699808017","687259182","19012548835"
"Pendo","Web","13965920","2272161","11693759"
"Go Daddy","Web","1887560","94620","1792940"
"Contentful","Web","80409888","13730873","66679015"
"Indeed","Web","217696112","69158542","148537570"
"Digicert","Web","18621065","3280123","15340942"
"Datadog","Web","1200724","994631","206093"
"Font Awesome","Web","22767498","1144113","21623385"
"Intercom","Web","34462914","13350748","21112166"
"SD-WAN Control","SD-WAN","34951449267","18567125054","16384324213"
"SD-WAN Management","SD-WAN","4132848006","1735757011","2397090995"
"TencentMeeting","Business Collaboration","151055979","53963239","97092740"
"QQ","Internet Instant Messaging","4791604","1769685","3021919"
"Session Initiation Protocol","Business Application","146005","59427","86578"
"Wikipedia.com","Web","84816828","2681977","82134851"
"Yahoo Search","Web","22151990","817816","21334174"
"Google Translate","Web","9839801","1340579","8499222"
"CNN (Cable News Network)","Web","113588939","12458766","101130173"
"Taobao","Web","35463139","5188519","30274620"
"Amazon Prime Video","Media","2214033100","71643698","2142389402"
"QQ News","Web","13438420","2438977","10999443"
"Internet Movie Database","Web","155185788","5814477","149371311"
"Zendesk","Business Collaboration","14753845","774464","13979381"
"Turner","Web","88488008","2547837","85940171"
"Rogers TV","Web","26768799","2191304","24577495"
"Olark","Web","3926097","188543","3737554"
"Zopim","Web","735957","180752","555205"
"Uptodown","Web","10661750","303592","10358158"
"Revcontent","Web","5592855","1082941","4509914"
"Tinder","Web","595623763","23523351","572100412"
"Cloudinary","Web","66591486","1150827","65440659"
"Kahoot!","Web","1658109","51428","1606681"
"Data Saver","Web","5593739","427099","5166640"
"Unknown virtual protocol","Unclassified","101640450","12465144","89175306"
"Workday","Business Application","73019230","3034906","69984324"
"WarnerMedia","Web","372868824","5731689","367137135"
"BitTorrent","Peer to Peer","33573","2281","31292"
"eBay.com","Web","78458313","8435275","70023038"
"File Transfer Protocol","File Sharing","10049","5252","4797"
"Google Earth","Web","19445366","802931","18642435"
"GPRS Tunneling Protocol","Tunneling and VPN","207234483","13033422","194201061"
"Kerberos","Authentication","1514","1060","454"
"Post Office Protocol (Version 3)","Email","378426","26675","351751"
"SAP","Business Application","5319","1362","3957"
"Simple Mail Transfer Protocol","Email","2505876","2345994","159882"
"Simple Mail Transfer Protocol Secure","Email","145809","128943","16866"
"Simple Network Management Protocol","Management","13052","13052","0"
"VMWare","Remote Desktop","35192","21928","13264"
"Wireless Transaction Protocol","Network Service","25094","18756","6338"
"MPEG-Transport Stream","Real Time Audio/Video","973747870","10861614","962886256"
"Zattoo.com","Media","951999","23793","928206"
"Expedia.fr","Web","16643288","2966352","13676936"
"Travelocity.com","Web","38917","6408","32509"
"Deezer","Web","34517","7421","27096"
"Rambler.ru","Web","196257","7674","188583"
"Yahoo webmail for mobile","Email","15059","5930","9129"
"Xbox Live","Gaming","11712342","2530110","9182232"
"Badoo.com","Internet Instant Messaging","315675","40657","275018"
"Classmates","Social Networking","1772003","290229","1481774"
"Goodreads.com","Web","9444","3021","6423"
"Last.fm","Media","47798","2908","44890"
"LibraryThing.com","Web","1944410","27977","1916433"
"LiveJournal.com","Social Networking","202484","5421","197063"
"Mixi.jp","Web","47289","4351","42938"
"MyAnimeList.net","Web","4014088","176377","3837711"
"Odnoklassniki.ru","Social Networking","15769","1895","13874"
"Plurk","Web","9879","1977","7902"
"Vk.com (Vkontakte)","Social Networking","202671","72575","130096"
"Vox.com","Web","5947","702","5245"
"Wasabi.com","Web","1336480","36222","1300258"
"Yammer.com","Business Application","8134","2033","6101"
"Yelp.com","Web","63486760","2370775","61115985"
"Adobe Flash Plugin Update","Web","6060","664","5396"
"Firefox Update","Web","14083009","246240","13836769"
"Archive.org","Web","17336260","506686","16829574"
"icecast","Media","100701423","3961547","96739876"
"QQLive Network Player","Media","214791","137497","77294"
"BitDefender Update","Web","1110861","517539","593322"
"Symantec Norton AntiVirus Updates","Web","2582089","22912","2559177"
"Kaspersky Update","Web","306372","31925","274447"
"Avira Update","Web","42870","10352","32518"
"Trendmicro Update protocol","Web","199203","123926","75277"
"BBC Player","Media","13489","1403","12086"
"UUSee Protocol","Media","848736","182454","666282"
"Garena","Web","498418","32775","465643"
"Microsoft SharePoint","Business Application","1373760","65638","1308122"
"Box","File Sharing","1760","646","1114"
"Concur","Business Application","710714","276797","433917"
"iHeartRADIO","Media","344161","24952","319209"
"Nicovideo.jp (aka Nico Nico Douga)","Media","588944","141791","447153"
"Ooyala.jp","Web","403213","9291","393922"
"Photobucket.com","Web","33766","2117","31649"
"Psiphon","Web","122191","87137","35054"
"Sky Go (formerly Sky Player)","Media","840","461","379"
"SiriusXm.com","Media","15728","3545","12183"
"WebEx","Business Collaboration","1007903","87587","920316"
"Bloomberg.com","Web","5245668","228395","5017273"
"RSS","Web","790863","34444","756419"
"BlackBerry.com","Web","4172024","1389394","2782630"
"ABCNews","Web","147814","2865","144949"
"Adobe Acrobat DC (Document Cloud)","Web","600893","195326","405567"
"Alexa","Web","61315","6473","54842"
"AmericanExpress","Web","502913","130498","372415"
"Answers","Web","391132","10640","380492"
"ATT.com (AT&T)","Web","242192","8482","233710"
"Blogger","Web","3520020","120824","3399196"
"Capital One","Web","3601006","225853","3375153"
"Cnet.com","Web","23799318","332793","23466525"
"Comcast","Web","7511414","497119","7014295"
"Fox News","Web","48784072","3575316","45208756"
"IKEA.com","Web","271453","133491","137962"
"Intuit.com","Business Application","3035468","1447255","1588213"
"Kaspersky.com","Web","17924126","9864882","8059244"
"Livedoor.com","Web","1737978","121243","1616735"
"Monster.com","Web","15973","2681","13292"
"NASA.gov","Web","97375","5306","92069"
"NationalGeographic.com","Web","2743512","116029","2627483"
"NBA.com","Web","7582640","171060","7411580"
"National Football League (NFL.com)","Web","13138594","1432942","11705652"
"Nike.com","Web","7799182","405636","7393546"
"PlayStation.com","Web","4576","1324","3252"
"Reuters.com","Web","4288343","113928","4174415"
"Reverso.net","Web","765060","37868","727192"
"Sky","Web","173517","40379","133138"
"Spiegel.de","Web","9041676","818203","8223473"
"Sports Illustrated","Web","275972","6571","269401"
"SurveyMonkey.com","Web","8202","902","7300"
"WashingtonPost.com","Web","2547567","105474","2442093"
"Xbox","Gaming","140618","35570","105048"
"XNXX","Web","101874","24814","77060"
"Youporn","Web","502","207","295"
"Sina.com.cn","Internet Instant Messaging","23165318","582643","22582675"
"OICQ","Internet Instant Messaging","202374","114870","87504"
"Sina Weibo","Web","223930668","6235512","217695156"
"QQ WeiBo","Web","76670","16592","60078"
"GMX webmail","Email","1725721","269094","1456627"
"Detik.com","Web","133166","23151","110015"
"Scribd.com","Web","9429","1770","7659"
"Hulu","Media","7548","1373","6175"
"Shazam","Web","2473129","183388","2289741"
"SoundCloud","Media","151194648","3972092","147222556"
"TuneIn","Real Time Audio/Video","21161252","858051","20303201"
"11st.co.kr","Web","30499","15284","15215"
"Coupang","Web","672280","87836","584444"
"Hankyung.com","Web","562118","5740","556378"
"NetMarble.com","Web","26339786","840636","25499150"
"Shinhan.com","Web","12021","3256","8765"
"Tistory.com","Web","156275","48988","107287"
"Kookmin Bank","Web","3987","1035","2952"
"163.com","Web","100241","38177","62064"
"Sohu.com","Web","16246","2542","13704"
"Ifeng.com","Web","274985","233147","41838"
"Alipay","Web","353592","100931","252661"
"Sogou.com","Web","39293","27467","11826"
"Alibaba.com","Web","11041558","500895","10540663"
"Zynga.com","Gaming","3553847","838490","2715357"
"Limelight Networks CDN","Web","309041646","6603200","302438446"
"Datagram Transport Layer Security","Tunneling and VPN","640627586","74731915","565895671"
"KIK Messenger","Internet Instant Messaging","438122166","414240361","23881805"
"MiTalk Messenger (Miliao)","Internet Instant Messaging","24253","6811","17442"
"MEGA","Peer to Peer","328","180","148"
"FC2.com","Social Networking","1007366","54379","952987"
"Rakuten.co.jp","Web","28990075","748521","28241554"
"Goo.ne.jp","Web","4827241","398846","4428395"
"Ameba.jp","Web","1299017","165323","1133694"
"Doorblog.jp","Web","142480","5219","137261"
"Seesaa","Web","79003","4269","74734"
"Pixiv.net","Web","4237683","148843","4088840"
"Blogpark.jp","Web","27228124","1091824","26136300"
"Sakura.ne.jp","Web","11086","1172","9914"
"OKWave.jp","Web","7171","2028","5143"
"Nikkei.com","Web","44909","3267","41642"
"Livedoor Blog","Web","4057335","250510","3806825"
"Auone.jp","Web","42395","7983","34412"
"Chinatimes.com","Web","63022","12202","50820"
"Ctrip.com","Web","123670","17832","105838"
"Ettoday.net","Web","605029","44768","560261"
"QQ Games","Gaming","152502","65227","87275"
"QQ Mail","Email","6530753","867422","5663331"
"Udn.com","Web","653749","55936","597813"
"Xuite.net","Gaming","3829573","198545","3631028"
"Konaminet.jp","Web","240914","39170","201744"
"Zoho Corporation","Business Application","2854129","539552","2314577"
"Nokia Here API","Web","747545","210500","537045"
"MeetMe.com","Social Networking","403820","21961","381859"
"Microsoft SharePoint Online (Office 365)","Business Application","53096405","1508340","51588065"
"Mobage games","Gaming","151516224","3984270","147531954"
"SoftBank.com","Web","312267","76171","236096"
"Speedtest","File Sharing","79243667","1392473","77851194"
"ESPN.go.com","Web","39632153","5231565","34400588"
"BuzzFeed.com","Web","15989285","2255920","13733365"
"Imgur.com","Storage and Backup","84846926","1278886","83568040"
"ThePirateBay.se","Web","50250","3711","46539"
"ImageShack","File Sharing","2000319","52197","1948122"
"Evernote","Web","2091629","978698","1112931"
"JingDong","Web","197536","2741","194795"
"Bet365.com","Web","4814210","322332","4491878"
"DCinside.com","Web","2598304","443659","2154645"
"LastPass.com","Web","131395","51311","80084"
"Saavn Bollywood Music","Media","374534","24046","350488"
"LineGames.jp","Gaming","505187","40848","464339"
"Westpac.com.au","Web","1017380","625038","392342"
"Orange.com","Web","14934","6253","8681"
"AVG.com","Web","1369198","37146","1332052"
"ElPais.com","Web","7680","2089","5591"
"T-Online.de","Web","2087668","247562","1840106"
"Marca.com","Web","2290662","1064563","1226099"
"Kooora.com","Web","1798","370","1428"
"MercadoLibre (aka MercadoLivre)","Web","937437","190466","746971"
"ESPNCricinfo.com","Web","105825","9180","96645"
"Gumtree.com","Web","51002","11163","39839"
"Apple HTTP Live Streaming","Real Time Audio/Video","15039370","280018","14759352"
"Centrum.sk","Web","20404","4080","16324"
"FINN.no","Web","43355","9852","33503"
"ING Bank","Web","1618608","555218","1063390"
"Kijiji.ca","Web","9312486","474727","8837759"
"Background Intelligent Transfer Service","File Sharing","155509790","21219764","134290026"
"Seznam.cz","Web","106749","7688","99061"
"Zoznam.sk","Web","111210","14696","96514"
"Conviva","Infrastructure","1241445","631753","609692"
"AliExpress.com","Web","39512806","1232879","38279927"
"Blick.ch","Web","28872892","993949","27878943"
"CAS.sk","Web","4987504","146884","4840620"
"Rt.com","Web","1125250","68436","1056814"
"Vg.no","Web","2200828","156017","2044811"
"Elsalvador.com","Web","9909080","451491","9457589"
"HLN.be","Web","48288","1989","46299"
"Maannews.net","Web","1248172","46385","1201787"
"Onet.pl","Web","1464072","40389","1423683"
"Stuff.co.nz","Web","3009576","524995","2484581"
"Zing.vn","Web","27102","4634","22468"
"Perfect Dark","Peer to Peer","41968","1916","40052"
"Eltiempo","Web","1078176","21784","1056392"
"Fox Business Network","Web","62396","16163","46233"
"News","Web","3022818","125353","2897465"
"Gameloft Games","Gaming","41435","10509","30926"
"Aastocks","Web","307599","116972","190627"
"Aparat","Web","150237693","1387663","148850030"
"Yadro","Web","105058","43479","61579"
"Waze Social GPS Maps & Traffic","Web","33349862","1167717","32182145"
"Huffington Post","Web","2832633","68135","2764498"
"Plants vs Zombies","Gaming","10336478","409909","9926569"
"KakaoStory","Social Networking","12454","2680","9774"
"OpenStreetMap","Infrastructure","750908","40897","710011"
"Videoplaza","Web","30354","5638","24716"
"World Series of Poker","Gaming","180769819","9771462","170998357"
"Wrike","Business Application","1466888","533793","933095"
"Plenty Of Fish","Web","63338834","5473946","57864888"
"Twitch","Media","2760616862","33557532","2727059330"
"OkCupid","Web","115776","56483","59293"
"zalo","Internet Instant Messaging","3492089","328951","3163138"
"Inquirer","Web","49759652","4690134","45069518"
"4CHAN","Web","3182238","642406","2539832"
"ASANA","Web","2809000","1703838","1105162"
"Abs.cbnnews","Web","536418","102462","433956"
"Taobao Ad Network and Exchange","Web","40798","26216","14582"
"Hootsuite","Web","25710928","1790742","23920186"
"Amazon Cloud Drive","Web","55658","10676","44982"
"Biobiochile","Web","386962","43451","343511"
"Lazada","Web","3953237","261678","3691559"
"Theladbible","Web","403218","37370","365848"
"Traffic Junky","Web","883","416","467"
"quic","Network Service","21067415","6238296","14829119"
"CPMSTAR","Web","330175","73036","257139"
"Australian Broadcasting Corporation","Web","8377023","287542","8089481"
"NRL","Web","158208","3785","154423"
"Constant Contact","Web","3671972","157055","3514917"
"Bitbucket","Web","301083","87276","213807"
"Atlassian","Web","1084274","692345","391929"
"Internet.org","Web","85621","36005","49616"
"Simperium","Web","11294","5070","6224"
"Helpshift","Web","464666","109224","355442"
"Atlas Solutions","Web","400013","123980","276033"
"Gmanetwork","Web","6673609","1144908","5528701"
"CBS Video","Web","184724558","17833366","166891192"
"LogMeIn","Remote Desktop","48838","1573","47265"
"Disney Channel","Web","4319761","182018","4137743"
"Heavy.com","Web","1155057","42941","1112116"
"Threema","Web","6244","818","5426"
"NBC","Web","68883553","3747859","65135694"
"Localytics","Web","4219730","910803","3308927"
"Microsoft Translator (Bing Translator)","Web","85295","45806","39489"
"Perform","Web","2167729","47658","2120071"
"Liveperson","Web","6400553","333645","6066908"
"Mapbox","Web","16154632","619560","15535072"
"Liberty Times Net","Web","4744915","320227","4424688"
"Rollout","Web","89284","6578","82706"
"Microsoft Excel Online (Office 365)","Web","11787397","4564126","7223271"
"LiveChat","Web","2545552","131430","2414122"
"Riffsy (Tenor.co)","Web","3439356","132890","3306466"
"Ensighten","Web","2742449","395734","2346715"
"Tune","Web","161653","37540","124113"
"Braintree","Web","1407544","429493","978051"
"NeuLion","Web","43769","1475","42294"
"Commonwealth Bank of Australia","Web","3455946","893885","2562061"
"Bleacher Report","Web","6584866","108768","6476098"
"Google Web Light","Web","167657","9743","157914"
"Rappler","Web","1025311","144454","880857"
"MobFox","Web","14175","2564","11611"
"Baidu Maps","Web","422845","65645","357200"
"Bank of America","Web","3520355","544681","2975674"
"Adk2","Web","88483","5923","82560"
"Pokemon GO","Gaming","46270805","4058502","42212303"
"CDNetworks","Infrastructure","495387","49663","445724"
"Highwinds","Web","10232838","288981","9943857"
"StackExchange","Web","528806","35838","492968"
"StackOverflow","Web","1486689","64184","1422505"
"Wix","Web","64441392","5544719","58896673"
"Namuwiki","Web","590878","21928","568950"
"Shutterstock","Web","3176060","197002","2979058"
"Ubuntu","Web","5840","2648","3192"
"Heroku","Web","1745638","290712","1454926"
"Hola","Web","32341","12053","20288"
"Clash of Clans","Gaming","3133326","285735","2847591"
"Supercell","Gaming","935778","104585","831193"
"Amazon Music","Media","38186183","2107375","36078808"
"Cheetah Mobile","Web","32629","7406","25223"
"Radiumone","Web","20836","4575","16261"
"Microsoft Word Online (Office 365)","Business Collaboration","11818380","665690","11152690"
"Microsoft Powerpoint Online (Office 365)","Business Collaboration","7861634","387508","7474126"
"Signal Private Messenger (Open Whisper Systems)","Internet Instant Messaging","3152478","1223622","1928856"
"Tidal","Media","10398","3575","6823"
"StreamRail","Media","150668","33296","117372"
"Vidyard","Web","83703676","1235675","82468001"
"Nintendo","Gaming","16325","1227","15098"
"OpenRTB","Web","377821","257590","120231"
"ADventori","Web","231110","52943","178167"
"Audible","Real Time Audio/Video","154998","74809","80189"
"BancoEstado","Web","896334","134161","762173"
"HK Observatory","Web","92071","16290","75781"
"Aerserv","Web","6209","1360","4849"
"Google Classroom","Web","294278","23490","270788"
"Samsung Update","Web","1432418891","35089346","1397329545"
"Yandex Disk","Web","15760","1417","14343"
"Wamba","Web","1584688","57224","1527464"
"Amazon Chime","Business Collaboration","42167645","27812517","14355128"
"Livescore","Web","518743","40442","478301"
"MaxCDN","Web","4393","827","3566"
"Zhihu","Web","5485980","2529970","2956010"
"Booking.com","Web","56079891","3158305","52921586"
"Walmart","Web","239066","155696","83370"
"Avast","Web","41296290","2052043","39244247"
"Automatic Data Processing (ADP)","Web","19572698","1239050","18333648"
"Optus","Web","594158","25606","568552"
"Google Secure User Plane Location","Web","829227","106479","722748"
"Gfycat","Web","13540848","247377","13293471"
"Rabobank","Web","156046","43092","112954"
"T-Mobile","Web","7448573","407129","7041444"
"KKBOX","Real Time Audio/Video","36693","6183","30510"
"Chunghwa Telecom","Web","191134","40888","150246"
"ptt","Web","1002927","87771","915156"
"Sportradar","Web","179448","37201","142247"
"Wall Street Journal","Web","6506223","181545","6324678"
"ChinaNetCenter ","Web","1024730","35894","988836"
"Niantic, Inc","Web","6643594","1177379","5466215"
"Meitu","Web","10358321","717158","9641163"
"Snow","Internet Instant Messaging","165923268","3173644","162749624"
"Clash Royale","Gaming","902393","100395","801998"
"Instructure","Web","1082082","159806","922276"
"Mail.com","Email","5292716","994029","4298687"
"United Internet","Web","3679979","248497","3431482"
"Workplace By Facebook","Social Networking","1005811","307662","698149"
"shopee.tw","Web","10362897","929562","9433335"
"Facebook Lite","Social Networking","1282816","178780","1104036"
"Apptimize","Web","106301","36089","70212"
"UC Browser","Web","38533","12223","26310"
"Mediascope","Web","102447","23078","79369"
"Adtelligent","Web","5013870","1925368","3088502"
"Youtube Music","Media","11879333","4265854","7613479"
"Akamai Video","Media","272450227","7571457","264878770"
"Appnext","Web","56706","5031","51675"
"Tenor","Web","14098936","1148945","12949991"
"Splunk Cloud","Storage and Backup","63774","22810","40964"
"Fox Networks","Web","1075192","34224","1040968"
"9GAG","File Sharing","48213542","642568","47570974"
"Text Me","Internet Instant Messaging","991563","384620","606943"
"Epic_games","Gaming","32745","14349","18396"
"Vonage Mobile","Media","40677","7433","33244"
"IBM","Web","305885","47910","257975"
"RingCentral","Business Collaboration","55028","5977","49051"
"Google News","Web","724974","221225","503749"
"Alibaba Group","Web","882601","126807","755794"
"Alibaba Cloud","Web","14131486","2187421","11944065"
"League of Legends","Gaming","179869","40183","139686"
"Discourse","Web","3075997","97768","2978229"
"ExpressVPN","Tunneling and VPN","1270047","357429","912618"
"Future_plc","Web","13438560","377095","13061465"
"Inskin","Web","290424","55410","235014"
"Monday.com","Web","4064566","769531","3295035"
"Google Play Books","Web","4965017","661387","4303630"
"Minecraft","Gaming","10435270","2389402","8045868"
"AWS Console","Business Application","75336","33154","42182"
"Ted Conferences","Web","179477499","1516514","177960985"
"Singapore Government","Web","1197034","98660","1098374"
"WorkspaceOne","Web","439062","130198","308864"
"Opera VPN","Tunneling and VPN","2025009","186843","1838166"
"Target","Web","29325","858","28467"
"Fandom","Web","21930029","1018922","20911107"
"Google GSuite","Web","6004927","4069600","1935327"
"Codepen","Web","6852","1673","5179"
"Didi","Web","154123","52231","101892"
"OpenSignal","Web","707380","673780","33600"
"UDP Data Transfer protocol","File Sharing","409548","20303","389245"
"TripAdvisor","Web","99361470","3043819","96317651"
"Moodle","Social Networking","13618193","3313835","10304358"
"PubNub","Web","367019","122074","244945"
"Unknown virtual protocol","Unclassified","4485178","146866","4338312"
"Unknown virtual protocol","Unclassified","3617002","868867","2748135"
"Unknown virtual protocol","Unclassified","171382","90762","80620"
"Unknown virtual protocol","Unclassified","48413","12996","35417"
"Unknown virtual protocol","Unclassified","101207","16773","84434"
"Unknown virtual protocol","Unclassified","13539747","10731946","2807801"
"Unknown virtual protocol","Unclassified","163498472","2929968","160568504"
"National Public Radio","Web","15031958","159807","14872151"
"Raknet","Gaming","107669","36966","70703"
"Mario Kart Tour","Gaming","52285","19903","32382"
"Firework","Internet Instant Messaging","503695","95429","408266"
"Bigo","Web","21634155","1421208","20212947"
"BAMTech","Real Time Audio/Video","40068066","10489939","29578127"
"Disney Plus","Real Time Audio/Video","2422910982","24852758","2398058224"
"Apple TV Plus","Real Time Audio/Video","182074246","2056361","180017885"
"Schibsted Media Group","Web","533215","195352","337863"
"Toutiao","Web","16513","3499","13014"
"Tuchong","Web","1185113","1119068","66045"
"Airbnb","Web","151219793","16174139","135045654"
"Activision-Blizzard","Web","48322","1075","47247"
"MediaLab","Web","899345","538792","360553"
"Netease Games","Gaming","281243","157880","123363"
"Browsec VPN","Tunneling and VPN","45304","16928","28376"
"Service Now","Web","4170247","197117","3973130"
"LocationIQ","Web","57480","14774","42706"
"Uber Eats","Web","8145459","1718737","6426722"
"DoorDash","Web","605514809","167412754","438102055"
"Fifa","Gaming","78059","20804","57255"
"Houseparty","Real Time Audio/Video","128862","21868","106994"
"Roblox","Gaming","171491435","15717589","155773846"
"BridTV","Real Time Audio/Video","58744","1979","56765"
"Acronis Backup","File Sharing","402747","52167","350580"
"iFood","Web","520555","246843","273712"
"Digital Turbine","Web","21054461","178643","20875818"
"Pluto TV","Real Time Audio/Video","103538884","2400177","101138707"
"adRise","Real Time Audio/Video","145016","19075","125941"
"Tubi TV","Real Time Audio/Video","8427384","266374","8161010"
"iFunny","Web","14212","1444","12768"
"Demandbase","Web","205085","13100","191985"
"Yubo","Internet Instant Messaging","49721","25078","24643"
"Arena of Valor","Gaming","14056549","6821854","7234695"
"Connatix","Real Time Audio/Video","115511463","5457699","110053764"
"Minute Media","Web","574963","21679","553284"
"UserReport","Web","1395851","76600","1319251"
" Revolut","Web","8209370","487418","7721952"
"Rappi","Web","1977315","105812","1871503"
"Coursera","Web","32710114","1077591","31632523"
"The Blaze","Web","781504","24200","757304"
"WordReference.com","Web","137667","27191","110476"
"E! Online","Web","165875","4264","161611"
"Hotels.com","Web","3151116","1196355","1954761"
"NHL.com","Web","61735625","2632361","59103264"
"Official Major League Baseball","Web","1864911","96844","1768067"
"Priceline.com","Web","14808998","2577085","12231913"
"Slickdeals","Web","233277","19688","213589"
"The Daily Beast","Web","382766","8445","374321"
"The Free Dictionary","Web","180638","13004","167634"
"TIME","Web","738632","21099","717533"
"TMZ","Web","12559050","173042","12386008"
"United Airlines","Web","4181174","207566","3973608"
"Geforce Now","Gaming","55616","8412","47204"
"Call of Duty Mobile","Gaming","19571877","2451286","17120591"
"The Walt Disney Company","Web","758827","164139","594688"
"Wired","Web","98314567","1201900","97112667"
"Kickstarter","Web","6574057","70246","6503811"
"Indiegogo","Web","228442","6983","221459"
"FedEx","Web","1094158","173385","920773"
"Kayak","Web","10178136","423550","9754586"
"Eventbrite","Web","9747235","160375","9586860"
"Bilibili","Web","382733790","18082570","364651220"
"Wargaming","Web","22843","2914","19929"
"Unknown virtual protocol","Unclassified","84539","15227","69312"
"Unknown virtual protocol","Unclassified","194950","90266","104684"
"ZoomCRC","Business Collaboration","2259","1188","1071"
