"Application","Category","Total Bytes","Bytes Received","Bytes Sent"
"Domain Name Service","Network Service","1711768795","807022148","904746647"
"Google Mail","Email","1008712998","133969629","874743369"
"Google Search","Web","983790097","193721829","790068268"
"Google Maps","Web","31637634","4619835","27017799"
"HyperText Transfer Protocol","Web","8814431444","1228641055","7585790389"
"HyperText Transfer Protocol Secure","Web","23543973167","2919645617","20624327550"
"Internet Control Message Protocol","Network Service","4237452278","2544235595","1693216683"
"Internet Message Access Protocol version 4","Email","139822028","41902714","97919314"
"Internet Protocol","Network Service","0","0","0"
"Skype and Teams","Business Collaboration","48176640","8037253","40139387"
"Simple Object Access Protocol","Network Service","1757733059","898454084","859278975"
"Secure Shell","Tunneling and VPN","122793069","65826386","56966683"
"Secure Socket Layer","Tunneling and VPN","19801348292","4392896758","15408451534"
"Transmission Control Protocol","Other TCP/UDP","2392711879","290893301","2101818578"
"User Datagram Protocol","Other TCP/UDP","64698113105","11315076192","53383036913"
"Youtube.com","Media","23003952953","1008857689","21995095264"
"Facebook","Social Networking","83855842385","4097510793","79758331592"
"Google Ads","Web","1247233865","207996197","1039237668"
"Apple Generic Services","Web","14874623523","1273137475","13601486048"
"Online Certificate Status Protocol","Business Application","15512185","6849363","8662822"
"Twitter","Social Networking","475902022","52029104","423872918"
"iTunes","Media","871831245","121723964","750107281"
"TeamViewer","Remote Desktop","398907246","242875900","156031346"
"Bing.com (formerly MSN Search)","Web","293774928","54470710","239304218"
"Windows Update","Web","6924297635","757249343","6167048292"
"Google Analytics,Google Marketing Platform","Web","305488907","75514877","229974030"
"Google GStatic","Web","2254571576","157543565","2097028011"
"Portal.TidalTV.com","Web","722723","224244","498479"
"Google Generic","Web","1888912232","191128903","1697783329"
"Amazon Generic Services","Web","7059660929","1439294911","5620366018"
"Weather.com","Web","26604001","2517301","24086700"
"Apple App Store","Web","5484006813","373473118","5110533695"
"Windows Marketplace","Web","925370818","110576858","814793960"
"Apple Push Notification Service","Web","442570203","283190558","159379645"
"iOS over-the-air (OTA) update","Web","5273174694","417309381","4855865313"
"Samsung Apps","Web","1224044821","89738842","1134305979"
"Google Play Store","Media","9651471815","1088828009","8562643806"
"iCloud (Apple)","Storage and Backup","4805808352","2256522774","2549285578"
"Amazon Web Services/Cloudfront CDN","Infrastructure","7651204239","1456931286","6194272953"
"Datagram Transport Layer Security","Tunneling and VPN","45984284","23510887","22473397"
"Yahoo.com","Web","226113721","36883604","189230117"
"CloudFlare CDN","Infrastructure","3335824395","217728600","3118095795"
"Microsoft Office 365","Business Collaboration","844630933","89320569","755310364"
"Zoho Corporation","Business Application","74612744","39979569","34633175"
"Microsoft Outlook (Office 365)","Business Application","927802312","208129688","719672624"
"Apple SIRI","Web","79050771","55815560","23235211"
"Google Accounts","Web","125014826","30733587","94281239"
"Amazon Ad System","Web","98813180","24539195","74273985"
"Snapchat","Social Networking","15873280931","2065660983","13807619948"
"AddThis","Web","6439636","670042","5769594"
"Quantcast","Web","7462489","1687824","5774665"
"Oracle","Web","4330746","1488663","2842083"
"Adobe","Business Application","256524149","26049778","230474371"
"Samsung","Web","664197203","194861089","469336114"
"Facebook Messenger","Internet Instant Messaging","1054929967","322200637","732729330"
"Stickyads","Web","13754679","4379161","9375518"
"Smart AdServer","Web","39676775","15707570","23969205"
"Google Cloud Messaging","Web","128784435","31563926","97220509"
"Apple Location","Web","1247667717","201014325","1046653392"
"OpenX","Web","11964361","3784469","8179892"
"PubMatic","Web","65511119","36283976","29227143"
"Index Exchange (previously Casale Media)","Web","36230059","13775248","22454811"
"Rubicon Project","Web","77171447","31051733","46119714"
"AppNexus","Web","174095437","96341625","77753812"
"Rlcdn","Web","9679918","2723522","6956396"
"HyperText Transfer Protocol version 2","Web","5364670245","1307698070","4056972175"
"Google Tag Manager","Web","265193838","27559051","237634787"
"Ad Safe Protected","Web","67346036","13179746","54166290"
"Urbanairship","Web","8075177","2660459","5414718"
"Outbrain","Web","32708417","6928128","25780289"
"Android connectivity Manager","Network Service","28282226","14438108","13844118"
"Moat","Web","63186240","15913621","47272619"
"Krux","Web","5804328","836798","4967530"
"Heap","Web","113360656","77879726","35480930"
"Smaato","Web","8779468","2849023","5930445"
"MediaMath","Web","7336105","2060002","5276103"
"Everest Technologies","Web","8616337","2817251","5799086"
"Microsoft OneDrive","Web","1653811570","1505313921","148497649"
"Microsoft","Web","3092897690","604162393","2488735297"
"New Relic","Web","67965117","41420709","26544408"
"Conversant","Web","3332690","1120063","2212627"
"Teads","Web","9480956","2307809","7173147"
"Adform","Web","7352762","2072679","5280083"
"ZoomMeetings","Business Collaboration","3354124777","118833395","3235291382"
"Firebase Cloud Messaging","Web","238107802","101083523","137024279"
"Bidswitch","Web","13756001","6012172","7743829"
"StreamRail","Media","491000","215758","275242"
"Sharethrough","Web","42030728","19230526","22800202"
"Yieldmo","Web","15574184","3065838","12508346"
"DoubleVerify","Web","35596719","6634685","28962034"
"PulsePoint","Web","3225650","1204678","2020972"
"Sonobi","Web","6185102","2539275","3645827"
"Disqus","Web","17759018","2427257","15331761"
"TikTok (Musical.ly)","Social Networking","32578267201","2068752734","30509514467"
"Apple News","Web","255060680","23156662","231904018"
"Google APIs","Web","2431847506","836933695","1594913811"
"Amazon Cognito","Web","23912976","7955412","15957564"
"Google Pay","Web","16614336","5713287","10901049"
"JWPLAYER","Web","253857528","10738648","243118880"
"Digicert","Web","12957603","3281794","9675809"
"Intercom","Web","214969190","86561432","128407758"
"SD-WAN Control","SD-WAN","56017386467","31039065013","24978321454"
"SD-WAN Management","SD-WAN","5088188691","2196674077","2891514614"
"TencentMeeting","Business Collaboration","54029809","26883219","27146590"
"BitTorrent","Peer to Peer","2497611","1354442","1143169"
"Dailymotion.com","Media","55239988","1922878","53317110"
"eBay.com","Web","59814474","7744870","52069604"
"File Transfer Protocol","File Sharing","20431","10531","9900"
"Google Earth","Web","95866833","5176701","90690132"
"Internet Message Access Protocol Secure","Email","37691230","7102214","30589016"
"IPsec (AH and ESP)","Tunneling and VPN","310512046","80059111","230452935"
"Internet Security Association and Key Management Protocol","Tunneling and VPN","270246577","102093404","168153173"
"XMPP Protocol (Jabber)","Business Collaboration","1797030","757777","1039253"
"McAfee Client update","Business Application","3709967","807038","2902929"
"Network Time Protocol","Network Service","384014","210416","173598"
"Post Office Protocol (Version 3)","Email","8751","3274","5477"
"Secure POP3","Email","986776379","39949419","946826960"
"QQ","Internet Instant Messaging","11987","1623","10364"
"Remote Desktop Protocol (Windows Terminal Server)","Remote Desktop","42032320","4677117","37355203"
"Real Time Control Protocol","Business Collaboration","266336","115906","150430"
"Real Time Protocol","Business Collaboration","26931222","11647050","15284172"
"Real Time Streaming Protocol","Media","636442","423410","213032"
"ShoutCast","Media","16354555","446860","15907695"
"Session Initiation Protocol","Business Application","109924","50506","59418"
"Simple Mail Transfer Protocol","Email","30695198","28858031","1837167"
"Simple Mail Transfer Protocol Secure","Email","61253","56918","4335"
"Simple Network Management Protocol","Management","1573456","1573456","0"
"Simple Service Discovery Protocol","Network Service","2121","2121","0"
"Session Traversal Utilities for NAT","Business Collaboration","3859201","1700449","2158752"
"Wikipedia.com","Web","17576123","868488","16707635"
"Yahoo Search","Web","1275023","116978","1158045"
"Yahoo Mail v.2.0","Email","182678608","21611557","161067051"
"Windows Live Hotmail","Email","29447596","4144600","25302996"
"Ares","Peer to Peer","330440","98983","231457"
"Secure AIM","Internet Instant Messaging","182252","27043","155209"
"Ask.com","Web","42437","3219","39218"
"Expedia.fr","Web","4915255","2029196","2886059"
"Travelocity.com","Web","7331","991","6340"
"Realtor.com","Web","162655","10669","151986"
"WordPress.com","Social Networking","12485808","1193708","11292100"
"Flickr","Social Networking","200180","9415","190765"
"LinkedIn","Social Networking","55900269","11981945","43918324"
"Deezer","Web","3589890","124975","3464915"
"Mail.ru Webmail","Email","26436","7782","18654"
"Steampowered.com","Gaming","163241583","3282579","159959004"
"Xbox Live","Gaming","12480084","1096053","11384031"
"BabyCenter (My Baby Today)","Web","1365638","36422","1329216"
"DeviantArt.com","Web","542815","33175","509640"
"Flixster.com","Web","38639","1835","36804"
"Foursquare.com","Web","2245636","1077363","1168273"
"Last.fm","Media","86918","5438","81480"
"Meetup","Web","14019","3422","10597"
"Odnoklassniki.ru","Social Networking","63159","14439","48720"
"Tumblr","Social Networking","22337838","1015878","21321960"
"Vk.com (Vkontakte)","Social Networking","40266","12480","27786"
"Yelp.com","Web","317621","10305","307316"
"Yandex.ru","Web","5705580","3850739","1854841"
"Spotify","Media","1613429306","161309956","1452119350"
"Baidu.com","Web","4845821","374912","4470909"
"Adobe Flash Plugin Update","Web","23827","6560","17267"
"Firefox Update","Web","6164662","110078","6054584"
"Archive.org","Web","3010490","133195","2877295"
"Chrome Update","Web","532302848","29483042","502819806"
"Opera Update","Web","601111","163775","437336"
"icecast","Media","331506119","6071674","325434445"
"BitDefender Update","Web","2644345","1033964","1610381"
"Symantec Norton AntiVirus Updates","Web","1327903","35107","1292796"
"Viber","Real Time Audio/Video","504954","141470","363484"
"Tango Video Calls","Real Time Audio/Video","1938641","314968","1623673"
"Netflix.com","Media","12241827159","463721741","11778105418"
"Microsoft SharePoint","Business Application","404","276","128"
"Box","File Sharing","37360","4038","33322"
"Dropbox","Storage and Backup","6290339","2798416","3491923"
"Google Translate","Web","49396163","6317845","43078318"
"iHeartRADIO","Media","399904","25326","374578"
"IMVU.com (Instant Message Virtual Universe)","Gaming","157328223","5384561","151943662"
"PartyPoker.com","Gaming","241305","19332","221973"
"Psiphon","Web","30592585","2328775","28263810"
"Salesforce","Business Application","5062232","2302454","2759778"
"SiriusXm.com","Media","102775","21596","81179"
"YouKu","Media","1790582","1682612","107970"
"GoToMeeting Online Meeting","Business Collaboration","25010","9690","15320"
"WebEx","Business Collaboration","969091","230741","738350"
"RSS","Web","25942","2227","23715"
"BlackBerry.com","Web","106380","23620","82760"
"Flash Media Playback","Media","25701563","853687","24847876"
"ABCNews","Web","884754","43613","841141"
"AccuWeather","Web","7474522","1068706","6405816"
"Acer","Web","8284","4340","3944"
"Alexa","Web","9172","1253","7919"
"AmericanExpress","Web","592567","96839","495728"
"Blogger","Web","1208604","44727","1163877"
"Capital One","Web","1612092","154323","1457769"
"CNN (Cable News Network)","Web","6415364","407421","6007943"
"Comcast","Web","70139","9735","60404"
"Daily Mail","Web","744366","237405","506961"
"Daum.net","Web","141674","11737","129937"
"Fox News","Web","10608277","964823","9643454"
"Intuit.com","Business Application","1671686","411454","1260232"
"Mozilla.com - Mozilla.org","Web","1239950","287736","952214"
"Naver Corporation (formerly NHN Corporation)","Web","17452797","1037025","16415772"
"National Football League (NFL.com)","Web","5340817","867016","4473801"
"Nike.com","Web","261687","12862","248825"
"NYTimes.com","Web","1263193","381433","881760"
"PlayStation.com","Web","213727","127640","86087"
"Redtube","Web","10474","1408","9066"
"Reuters.com","Web","6260","1185","5075"
"Sprint.com","Web","18850","4514","14336"
"SurveyMonkey.com","Web","84361","15687","68674"
"Tube8","Web","24835","2268","22567"
"Vimeo","Web","4188338","345538","3842800"
"WashingtonPost.com","Web","4401518","158475","4243043"
"Xbox","Gaming","22480","3918","18562"
"XNXX","Web","68539","7922","60617"
"Xvideos.com","Media","220010","56177","163833"
"Youporn","Web","105353","5588","99765"
"WhatsApp Messenger","Internet Instant Messaging","6413488031","1195020912","5218467119"
"Funshion video player","Web","2088","1878","210"
"Sophos update","Business Application","30314","8908","21406"
"Taobao","Web","7919109","3589517","4329592"
"Google App Engine","Business Application","874851","229620","645231"
"Apple FaceTime","Real Time Audio/Video","74399832","55470419","18929413"
"Line","Internet Instant Messaging","57748369","2815769","54932600"
"Instagram","Web","24446319166","1970808720","22475510446"
"Shazam","Web","10272031","1086207","9185824"
"SoundCloud","Media","30707810","2329991","28377819"
"TuneIn","Real Time Audio/Video","869758","25353","844405"
"KakaoTalk","Internet Instant Messaging","289181","45911","243270"
"Amazon Prime Video","Media","606781037","37781768","568999269"
"QQ.com","Web","153058370","7163205","145895165"
"Ifeng.com","Web","76269","68398","7871"
"Alipay","Web","72487","40692","31795"
"360.cn","Web","109040","70065","38975"
"Alibaba.com","Web","1287699","371502","916197"
"Akamai Technologies CDN","Web","883641066","27876091","855764975"
"Zynga.com","Gaming","10668254","1076846","9591408"
"Limelight Networks CDN","Web","4463513370","405087568","4058425802"
"Microsoft Azure (previously Windows Azure)","Infrastructure","44804329","5606458","39197871"
"ISO Base Media File Format","Real Time Audio/Video","38711095","1182345","37528750"
"KIK Messenger","Internet Instant Messaging","43742418","1991579","41750839"
"WeChat","Internet Instant Messaging","157905269","6711125","151194144"
"MiTalk Messenger (Miliao)","Internet Instant Messaging","133928","18719","115209"
"Rakuten.co.jp","Web","829255","124357","704898"
"Nikkei.com","Web","8002767","624104","7378663"
"Ctrip.com","Web","5088948","1297800","3791148"
"QQ Games","Gaming","120977","78259","42718"
"Pornhub","Web","6225251","1175087","5050164"
"Google Talk (incl. Hangouts and Allo and Duo)","Real Time Audio/Video","21975159","15998439","5976720"
"Nokia Here API","Web","1750716","112528","1638188"
"Microsoft SharePoint Online (Office 365)","Business Application","203543052","20952740","182590312"
"iperf","File Sharing","499156","40100","459056"
"Speedtest","File Sharing","26468","18273","8195"
"ESPN.go.com","Web","18843179","1328966","17514213"
"MapQuest.com","Web","274931","12959","261972"
"Pinterest","Web","1802106410","117519804","1684586606"
"BuzzFeed.com","Web","190897","77548","113349"
"Reddit.com","Web","141731447","7034538","134696909"
"Internet Movie Database","Web","13166484","390406","12776078"
"Imgur.com","Storage and Backup","12758791","428311","12330480"
"ImageShack","File Sharing","160674","5447","155227"
"Google Documents (aka Google Drive)","Storage and Backup","20140670","3883400","16257270"
"Evernote","Web","158300","55102","103198"
"Apple Maps","Web","1227741","112190","1115551"
"WebSocket","Network Service","2952841","685140","2267701"
"Issuu.com","Web","4098954","256654","3842300"
"LastPass.com","Web","888097","416260","471837"
"Paypal.com","Web","20008862","3539700","16469162"
"BBC","Web","13084206","896101","12188105"
"Softonic.com","Web","7387","584","6803"
"MercadoLibre (aka MercadoLivre)","Web","43188","12190","30998"
"Apple HTTP Live Streaming","Real Time Audio/Video","319288","9982","309306"
"craigslist","Web","1441","669","772"
"Kijiji.ca","Web","365964522","27766916","338197606"
"Background Intelligent Transfer Service","File Sharing","87923855","10394768","77529087"
"Seznam.cz","Web","64199","3681","60518"
"Conviva","Infrastructure","1096973","848369","248604"
"EdgeCast Networks CDN","Infrastructure","671876","50120","621756"
"AliExpress.com","Web","23931426","1421476","22509950"
"Wp.pl","Web","110261","27500","82761"
"Onet.pl","Web","178031","8840","169191"
"Perfect Dark","Peer to Peer","4963639","1383494","3580145"
"Fox Business Network","Web","10159","2874","7285"
"Aol","Web","3434673","620320","2814353"
"Gameloft Games","Gaming","34169","8136","26033"
"Yadro","Web","60900","30623","30277"
"Turn","Web","3225728","892729","2332999"
"ScorecardResearch","Web","13054078","4179563","8874515"
"Telegram","Internet Instant Messaging","90833161","5143540","85689621"
"Candy Crush Saga","Gaming","1198700","339193","859507"
"King Digital Entertainment","Gaming","49972","14638","35334"
"Waze Social GPS Maps & Traffic","Web","4201759","403468","3798291"
"Huffington Post","Web","49336","8794","40542"
"Symantec","Web","3965173","886636","3078537"
"Bitstrips","Social Networking","311390135","22862695","288527440"
"TRUSTe","Web","7688493","830049","6858444"
"OpenStreetMap","Infrastructure","188925","10981","177944"
"Criteo","Web","50021291","12092032","37929259"
"Zendesk","Business Collaboration","16142335","1369404","14772931"
"Google Safe Browsing","Web","10885721","3330212","7555509"
"Inneractive","Web","30438269","18852394","11585875"
"Flurry","Business Application","58240318","10187623","48052695"
"Crashlytics","Web","20657042","4252194","16404848"
"Traffic Factory","Business Application","19850","3889","15961"
"Brightcove","Media","7490052","394051","7096001"
"Plenty Of Fish","Web","510755","133782","376973"
"Twitch","Media","344914","194353","150561"
"BoldChat Live Chat","Internet Instant Messaging","2097676","827552","1270124"
"InMobi","Web","53525645","11334061","42191584"
"AppsFlyer","Business Application","98474741","12584251","85890490"
"Gravatar","Business Collaboration","850801","133530","717271"
"FreeWheel","Web","545971","170493","375478"
"Xiaomi","Web","18559010","895376","17663634"
"Turner","Web","449241","39467","409774"
"Nielsen","Web","2380220","403589","1976631"
"Mixpanel","Web","7290432","5436805","1853627"
"Cedexis","Web","6538182","2138751","4399431"
"Amazon Cloud Drive","Web","887865","832897","54968"
"Google Cloud Storage","Web","9623929183","8659975123","963954060"
"Lazada","Web","45723603","1770678","43952925"
"Gettyimages","Web","304891","16871","288020"
"Google Calendar","Web","52383816","11664270","40719546"
"Flipboard","Web","295706","47262","248444"
"quic","Network Service","15359","9421","5938"
"LOTAME","Web","5131438","1220349","3911089"
"CPMSTAR","Web","46886","10656","36230"
"ADTECH","Web","455130","37751","417379"
"Sizmek (previously MediaMind)","Web","8608973","499322","8109651"
"AOL One","Web","929999","169473","760526"
"Realestate","Web","250724","56787","193937"
"Constant Contact","Web","171807","5735","166072"
"GitHub","Web","873518","102567","770951"
"Atlassian","Web","395331","241960","153371"
"Internet.org","Web","27535","13368","14167"
"Kakaocdn","Infrastructure","34998","8158","26840"
"Advertising.com","Web","1590150","492212","1097938"
"Facebook Embedded Video","Media","2802763653","113989695","2688773958"
"My.com","Web","627146","179096","448050"
"Helpshift","Web","610582","161459","449123"
"Adjust.com","Web","15127684","6466608","8661076"
"Scotiabank","Web","19350737","3660129","15690608"
"Atlas Solutions","Web","141013","45289","95724"
"Diply","Web","4853","544","4309"
"BootstrapCDN","Web","3689636","548876","3140760"
"Apple Music","Media","1001906357","43029477","958876880"
"HideMyAss","Anonymizers and Proxies","5637","835","4802"
"CBS Video","Web","392225","51747","340478"
"Microsoft SpyNet (aka Microsoft Active Protection Service)","Web","128692","83888","44804"
"LogMeIn","Remote Desktop","125602","6677","118925"
"Fastly","Web","2574073","270612","2303461"
"Unruly","Web","6793183","4024664","2768519"
"Disney Channel","Web","774655","47965","726690"
"Jibjab","Web","16816150","992048","15824102"
"Rogers TV","Web","43265117","5029854","38235263"
"UpLynk","Web","189893","40842","149051"
"NBC","Web","1424605","90701","1333904"
"Localytics","Web","2007071","522190","1484881"
"MoPub","Web","500166","95214","404952"
"Microsoft Translator (Bing Translator)","Web","15163","1969","13194"
"Applovin","Web","618150787","86359176","531791611"
"Perform","Web","437813","41942","395871"
"Periscope","Media","2510476","110833","2399643"
"Microsoft Office OneNote (Office 365)","Business Application","138817","42521","96296"
"Olark","Web","161310","17280","144030"
"Branch Metrics","Web","36818361","11335801","25482560"
"Optimizely","Web","7022920","1118429","5904491"
"Liveperson","Web","19868336","3952993","15915343"
"Taboola","Web","132885622","23063073","109822549"
"Zopim","Web","2424918","759436","1665482"
"Mapbox","Web","3192121","186595","3005526"
"Microsoft Excel Online (Office 365)","Web","6643077","1457712","5185365"
"Rackspace","Web","1735747770","197526745","1538221025"
"Signal","Web","225110","49110","176000"
"LiveChat","Web","2844174","271497","2572677"
"Riffsy (Tenor.co)","Web","16139876","591198","15548678"
"Ensighten","Web","3146787","662147","2484640"
"Tune","Web","7096","1022","6074"
"Braintree","Web","856135","277215","578920"
"Verizon","Web","13162292","10843631","2318661"
"LKQD","Web","416823","125020","291803"
"jQuery","Web","8858116","812873","8045243"
"TubeMogul","Web","331264","72840","258424"
"SpotXchange","Web","1639247","554849","1084398"
"Google Web Light","Web","34399","3514","30885"
"Umeng","Web","1050751","476772","573979"
"Revcontent","Web","3071953","566184","2505769"
"MobFox","Web","325213","75796","249417"
"Google Photos (formerly Google Picasa)","Web","65455881","52788000","12667881"
"Liftoff","Web","2612683","846436","1766247"
"Baidu Maps","Web","2476180","1145328","1330852"
"Uber (formerly UberCab)","Web","1771674","308932","1462742"
"Slack","Web","2850177","604211","2245966"
"Younow","Web","9065336","3416450","5648886"
"Bazaarvoice","Web","10174537","1242381","8932156"
"MQ Telemetry Transport","Network Service","2494","1348","1146"
"Clicktale","Web","13874548","10760696","3113852"
"hotjar","Web","100062209","82997540","17064669"
"Pokemon GO","Gaming","111552690","13537844","98014846"
"CDNetworks","Infrastructure","199427","27315","172112"
"Weborama","Web","154697","39370","115327"
"HyperText Transfer Protocol proxy","Network Service","342587","161529","181058"
"Highwinds","Web","303975","12920","291055"
"Innovid","Web","11846949","537158","11309791"
"StackExchange","Web","203952","9112","194840"
"StackOverflow","Web","58696","5733","52963"
"Wix","Web","7238729","641935","6596794"
"Tinder","Web","29580048","1517200","28062848"
"GIPHY","Web","95482900","3098783","92384117"
"Eskimi","Web","75678","6194","69484"
"Shutterstock","Web","65420","6543","58877"
"Heroku","Web","3316316","143984","3172332"
"IMO Video Calling Application","Media","1244629","589756","654873"
"Hola","Web","21973","4554","17419"
"Clash of Clans","Gaming","2458915","369995","2088920"
"Supercell","Gaming","459678","72556","387122"
"Amazon Music","Media","649114","228143","420971"
"Cheetah Mobile","Web","848","543","305"
"Signal Private Messenger (Open Whisper Systems)","Internet Instant Messaging","1655721","1038324","617397"
"Tidal","Media","853107","66379","786728"
"Bugsnag","Web","3488288","1682156","1806132"
"Vidyard","Web","30544","1663","28881"
"Apple Game Center","Gaming","8633139","2618116","6015023"
"Nintendo","Gaming","10476","2552","7924"
"State Bank of India (SBI)","Web","11618","3214","8404"
"OpenRTB","Web","1366066","1111923","254143"
"ADventori","Web","201200","59414","141786"
"Tealium","Web","4854134","1490639","3363495"
"Audible","Real Time Audio/Video","84213","28332","55881"
"Flashtalking","Web","2465536","473124","1992412"
"Aerserv","Web","6663","1127","5536"
"AdColony","Web","8041705","1888232","6153473"
"Google Classroom","Web","410449","64877","345572"
"Samsung Update","Web","4688484926","148393947","4540090979"
"Huawei","Web","6105415","2010954","4094461"
"Huawei Update","Web","3712","537","3175"
"MGID","Web","4718547","284876","4433671"
"ULP","Network Service","2760601","426534","2334067"
"Amazon Chime","Business Collaboration","11696","1481","10215"
"AnyDesk","Remote Desktop","364753","145982","218771"
"MaxCDN","Web","4353","880","3473"
"Media Innovation Group","Web","1609310","497207","1112103"
"Booking.com","Web","1177998","246931","931067"
"Walmart","Web","13452776","11765531","1687245"
"Avast","Web","439830","127280","312550"
"DocuSign","Web","36615237","4791141","31824096"
"Automatic Data Processing (ADP)","Web","5721785","927485","4794300"
"Okta","Web","196633313","40419497","156213816"
"eXelate","Web","1571144","489796","1081348"
"Cloudinary","Web","20285661","1682255","18603406"
"Caliente","Web","179656","6749","172907"
"Optus","Web","323300","32964","290336"
"Google Secure User Plane Location","Web","1646379","301483","1344896"
"Amplitude","Web","67099135","62479546","4619589"
"T-Mobile","Web","74392","33763","40629"
"Vivox","Internet Instant Messaging","110113","29373","80740"
"Sportradar","Web","102839","7217","95622"
"Wall Street Journal","Web","41605","6055","35550"
"ChinaNetCenter ","Web","8812","3564","5248"
"Google Cloud Platform","Web","47380110","5582242","41797868"
"Niantic, Inc","Web","496846","102054","394792"
"Meitu","Web","11445961","1120129","10325832"
"Clash Royale","Gaming","176274","44122","132152"
"Origin","Web","50958","11504","39454"
"Instructure","Web","435866","47119","388747"
"Microsoft teams","Internet Instant Messaging","474329937","53227949","421101988"
"Electronic Arts","Web","1472575","874969","597606"
"Facebook Lite","Social Networking","1390989","214652","1176337"
"Kakao","Web","7842","1379","6463"
"Digioh","Web","493650","23854","469796"
"Apptimize","Web","40078","11115","28963"
"UC Browser","Web","590803","427882","162921"
"Data Saver","Web","1543619","179786","1363833"
"kafka","Network Service","23034787","8382380","14652407"
"Domain Name Service Crypt","Network Service","46351","15550","30801"
"Adtelligent","Web","1999630","624677","1374953"
"Youtube Music","Media","1896248","211913","1684335"
"Akamai Video","Media","699921","216198","483723"
"Appnext","Web","29891","4716","25175"
"Tenor","Web","15166372","2053015","13113357"
"Cisco","Web","1892980","433983","1458997"
"IronSource","Business Application","256697303","22462917","234234386"
"Splunk Cloud","Storage and Backup","33626","16028","17598"
"Fox Networks","Web","6002","2602","3400"
"9GAG","File Sharing","21282","2696","18586"
"Text Me","Internet Instant Messaging","652902","189537","463365"
"textPlus","Internet Instant Messaging","11539","2928","8611"
"Unreal_engine","Gaming","1280935","342589","938346"
"vpn1.com","Anonymizers and Proxies","23582","2226","21356"
"IBM","Web","346897","54590","292307"
"Grammarly","Web","23081844","8900905","14180939"
"Simpli.fi","Web","2048052","571118","1476934"
"ByteDance","Web","464576144","22905739","441670405"
"RingCentral","Business Collaboration","15426","2768","12658"
"Google News","Web","1047510","59417","988093"
"PlayerUnknown's BattleGrounds","Gaming","5159997","268719","4891278"
"Visual IQ","Web","383116","145971","237145"
"Google One","Web","124335","32131","92204"
"Alibaba Group","Web","320363","69204","251159"
"Alibaba Cloud","Web","4607516","576886","4030630"
"League of Legends","Gaming","368150","344823","23327"
"Discord","Internet Instant Messaging","24465881","1610857","22855024"
"CarbonBlack website","Web","5726942","5137826","589116"
"Discourse","Web","14130","2092","12038"
"Account Kit","Web","2899","486","2413"
"Future_plc","Web","4288982","234630","4054352"
"Wish","Web","119277372","23980917","95296455"
"Google Play Books","Web","2244550","133663","2110887"
"ProtonMail","Email","88019","6428","81591"
"Warner Bros. Interactive Entertainment","Gaming","5287891","97897","5189994"
"Ted Conferences","Web","134424","5485","128939"
"iBooks","Web","2580885","401863","2179022"
"Fandom","Web","4725960","290797","4435163"
"Tesla","Web","20884","5066","15818"
"Google GSuite","Web","7361158","801328","6559830"
"Vungle","Web","277206748","12573651","264633097"
"W3Schools","Web","41823","5883","35940"
"OpenSignal","Web","34951","17243","17708"
"Megaphone","Web","6851797466","623541122","6228256344"
"TripAdvisor","Web","31729234","3640107","28089127"
"PubNub","Web","1845696","487387","1358309"
"Unknown virtual protocol","Unclassified","2164953736","110304749","2054648987"
"Unknown virtual protocol","Unclassified","8871185","555068","8316117"
"Unknown virtual protocol","Unclassified","841911","23159","818752"
"Unknown virtual protocol","Unclassified","58866232","6125305","52740927"
"Unknown virtual protocol","Unclassified","1903523","222481","1681042"
"NetEase","Web","15236","4279","10957"
"Unknown virtual protocol","Unclassified","42717","27667","15050"
"Unknown virtual protocol","Unclassified","139287443","35553071","103734372"
"Unknown virtual protocol","Unclassified","109159174","101537809","7621365"
"Unknown virtual protocol","Unclassified","894085","76059","818026"
"Discovery Inc","Real Time Audio/Video","1414897","849248","565649"
"Bumble","Web","42908434","3003050","39905384"
"Qwant","Web","57713","2501","55212"
"National Public Radio","Web","1229","532","697"
"Acast","Real Time Audio/Video","71704925","2987646","68717279"
"Wireguard","Tunneling and VPN","1646515014","236391296","1410123718"
"Firework","Internet Instant Messaging","839815","184402","655413"
"Google Messages","Internet Instant Messaging","39127786","16853838","22273948"
"BAMTech","Real Time Audio/Video","8264578","4521871","3742707"
"Disney Plus","Real Time Audio/Video","1686811184","56320160","1630491024"
"Kuwo","Real Time Audio/Video","71089","7859","63230"
"Agora","Network Service","11216","2084","9132"
"Quora","Social Networking","714406","178838","535568"
"Toutiao","Web","13354","1619","11735"
"Airbnb","Web","101743","13523","88220"
"Activision-Blizzard","Web","1001181","21669","979512"
"Rockstar Games","Gaming","21144","2564","18580"
"MediaLab","Web","124802","16735","108067"
"Wangwang","Internet Instant Messaging","240124","91718","148406"
"Browsec VPN","Tunneling and VPN","3412116939","327857667","3084259272"
"Shopify","Web","78966490","5782995","73183495"
"StackPath","Web","348741","48446","300295"
"Uber Eats","Web","293955","38348","255607"
"DoorDash","Web","2461104","81701","2379403"
"Houseparty","Real Time Audio/Video","85452","11817","73635"
"Roblox","Gaming","162486364","13019861","149466503"
"BridTV","Real Time Audio/Video","100951","4273","96678"
"Likee","Internet Instant Messaging","242036","62878","179158"
"Acronis Cloud","Web","509055","195779","313276"
"Acronis Backup","File Sharing","1029668","77520","952148"
"Citrix","Web","142995","49979","93016"
"Digital Turbine","Web","222259397","7699723","214559674"
"Pluto TV","Real Time Audio/Video","4444029","141646","4302383"
"Amber Weather","Web","3310","1035","2275"
"adRise","Real Time Audio/Video","34982","5684","29298"
"Tubi TV","Real Time Audio/Video","58205","16221","41984"
"iFunny","Web","667952","37584","630368"
"Demandbase","Web","110437","19152","91285"
"KOCHAVA","Web","1331823","457206","874617"
"Sift Science","Web","337012","91208","245804"
"Amazon Alexa Assistant","Business Collaboration","821058","229922","591136"
"Spotify Audio","Real Time Audio/Video","1156302211","31338809","1124963402"
"Yubo","Internet Instant Messaging","9407","2007","7400"
"Connatix","Real Time Audio/Video","20909808","1313209","19596599"
"UserReport","Web","462315","99997","362318"
"Xbox Cloud Gaming","Gaming","29567","10947","18620"
"Pendo","Web","27245906","11393155","15852751"
"Go Daddy","Web","2677903","211556","2466347"
"Contentful","Web","479022335","24547000","454475335"
"The Blaze","Web","3625176","93431","3531745"
"Hotels.com","Web","10776833","3370999","7405834"
"Indeed","Web","36667910","10595524","26072386"
"NHL.com","Web","5238870","337038","4901832"
"Priceline.com","Web","7126888","1561417","5565471"
"BambooHR","Web","9369","2664","6705"
"TIME","Web","42524","2385","40139"
"TMZ","Web","99261","3686","95575"
"Call of Duty Mobile","Gaming","9966055","1135293","8830762"
"The Walt Disney Company","Web","314925","89485","225440"
"Wired","Web","4143964","322416","3821548"
"Kickstarter","Web","192911309","4005643","188905666"
"Kayak","Web","1845645","90764","1754881"
"World Of Tanks Blitz","Gaming","565977","29723","536254"
"Bilibili","Web","1419033","24925","1394108"
"Wargaming","Web","28285","5044","23241"
"Datadog","Web","25077","14583","10494"
"Font Awesome","Web","15745464","1739816","14005648"
"ShoreTel","Business Collaboration","24276","9384","14892"
"ZoomCRC","Business Collaboration","2259","1188","1071"
"Lighweight Directory Access Protocol","Authentication","2803","689","2114"
"YouTube Kids","Media","363971","16882","347089"
"Microsoft AD Right Management Service","Business Application","31345","22515","8830"
