"Application","Category","Total Bytes","Bytes Received","Bytes Sent"
"Domain Name Service","Network Service","1281758719","611056817","670701902"
"Google Mail","Email","1725541418","342160253","1383381165"
"Google Search","Web","1290563699","174080513","1116483186"
"Google Maps","Web","160964309","9836844","151127465"
"HyperText Transfer Protocol","Web","10179532928","782184137","9397348791"
"HyperText Transfer Protocol Secure","Web","26780495472","2015290332","24765205140"
"Internet Control Message Protocol","Network Service","4506683919","2717337264","1789346655"
"Internet Message Access Protocol version 4","Email","113916559","40831546","73085013"
"Internet Protocol","Network Service","0","0","0"
"XMPP Protocol (Jabber)","Business Collaboration","2459292","751678","1707614"
"Network Time Protocol","Network Service","912855","553410","359445"
"Remote Desktop Protocol (Windows Terminal Server)","Remote Desktop","245415","146324","99091"
"Session Initiation Protocol","Business Application","1295242","714344","580898"
"Skype and Teams","Business Collaboration","70009791","18862876","51146915"
"Simple Object Access Protocol","Network Service","1574157470","827379166","746778304"
"Secure Shell","Tunneling and VPN","135329194","72876231","62452963"
"Secure Socket Layer","Tunneling and VPN","43978308464","5236384462","38741924002"
"Session Traversal Utilities for NAT","Business Collaboration","19260889","9793910","9466979"
"Transmission Control Protocol","Other TCP/UDP","3744442073","848338782","2896103291"
"User Datagram Protocol","Other TCP/UDP","176546966775","14140435095","162406531680"
"Youtube.com","Media","24656787943","1036855703","23619932240"
"Facebook","Social Networking","38570496744","1542737062","37027759682"
"Google Ads","Web","1867718887","223112073","1644606814"
"Apple Generic Services","Web","17263140484","1080312362","16182828122"
"Online Certificate Status Protocol","Business Application","21143388","8259691","12883697"
"Twitter","Social Networking","4307602341","187177932","4120424409"
"iTunes","Media","1372957085","160328690","1212628395"
"TeamViewer","Remote Desktop","954191300","638319719","315871581"
"Bing.com (formerly MSN Search)","Web","521148578","58936461","462212117"
"Windows Update","Web","4647878224","458613205","4189265019"
"Chrome Update","Web","440860770","20349838","420510932"
"Netflix.com","Media","43087086689","895224607","42191862082"
"Google Analytics,Google Marketing Platform","Web","483464146","189260496","294203650"
"Google GStatic","Web","2418421769","154216685","2264205084"
"Portal.TidalTV.com","Web","1999702","592163","1407539"
"Google Generic","Web","1957571460","499127221","1458444239"
"Amazon Generic Services","Web","3907248662","1229772620","2677476042"
"WhatsApp Messenger","Internet Instant Messaging","15419244230","7195581327","8223662903"
"Apple App Store","Web","8671272009","290267838","8381004171"
"Windows Marketplace","Web","1066315798","74542046","991773752"
"Apple Push Notification Service","Web","401680436","260605205","141075231"
"iOS over-the-air (OTA) update","Web","6415632755","161715732","6253917023"
"Samsung Apps","Web","35379261","4694581","30684680"
"Google Play Store","Media","2729439988","662548585","2066891403"
"iCloud (Apple)","Storage and Backup","5843335949","1777022449","4066313500"
"Instagram","Web","44194110306","1860848631","42333261675"
"Amazon Web Services/Cloudfront CDN","Infrastructure","7478916391","1051787905","6427128486"
"Microsoft Azure (previously Windows Azure)","Infrastructure","513245610","19341775","493903835"
"Yahoo.com","Web","1207202935","110706110","1096496825"
"WeChat","Internet Instant Messaging","45655489928","9675521657","35979968271"
"CloudFlare CDN","Infrastructure","11509585054","468041048","11041544006"
"Microsoft Office 365","Business Collaboration","1810047038","287420394","1522626644"
"Zoho Corporation","Business Application","60739528","30696564","30042964"
"Pinterest","Web","388104829","29133723","358971106"
"Microsoft Outlook (Office 365)","Business Application","1918266842","825197038","1093069804"
"Apple SIRI","Web","148085395","85481217","62604178"
"Google Accounts","Web","240257848","44755997","195501851"
"Amazon Ad System","Web","211191111","43797443","167393668"
"Snapchat","Social Networking","2477194307","258021797","2219172510"
"Turn","Web","4708699","1279238","3429461"
"ScorecardResearch","Web","41494580","11579283","29915297"
"Quantcast","Web","19603530","3531076","16072454"
"Oracle","Web","9660258","2369585","7290673"
"Bitstrips","Social Networking","52852768","2962130","49890638"
"TRUSTe","Web","29229719","2524828","26704891"
"Criteo","Web","239796133","35283542","204512591"
"Adobe","Business Application","1481705644","103397922","1378307722"
"Zendesk","Business Collaboration","16088318","807198","15281120"
"Google Safe Browsing","Web","121439411","14704451","106734960"
"Samsung","Web","97405426","35833235","61572191"
"Facebook Messenger","Internet Instant Messaging","1192212941","457575479","734637462"
"AppsFlyer","Business Application","40618879","12152551","28466328"
"Nielsen","Web","5504200","1179144","4325056"
"Smart AdServer","Web","64428034","27359575","37068459"
"Google Cloud Storage","Web","4379669211","4043277738","336391473"
"Google Cloud Messaging","Web","139105020","39200313","99904707"
"Apple Location","Web","3152952004","338449053","2814502951"
"OpenX","Web","13378107","4311465","9066642"
"PubMatic","Web","148647766","77425233","71222533"
"Index Exchange (previously Casale Media)","Web","38851332","15364011","23487321"
"Rubicon Project","Web","161593497","70316041","91277456"
"AppNexus","Web","352251177","222321045","129930132"
"Rlcdn","Web","12040685","2173951","9866734"
"HyperText Transfer Protocol version 2","Web","11481665418","1125592917","10356072501"
"Google Tag Manager","Web","245260328","16505062","228755266"
"Ad Safe Protected","Web","105591908","17041863","88550045"
"Outbrain","Web","107759006","18618461","89140545"
"Android connectivity Manager","Network Service","13992861","7170682","6822179"
"Moat","Web","125191334","32520179","92671155"
"Heap","Web","183253177","146332384","36920793"
"Branch Metrics","Web","127688105","21406059","106282046"
"Taboola","Web","470456424","70397049","400059375"
"Zopim","Web","1849840","500183","1349657"
"MediaMath","Web","7686755","2714521","4972234"
"Everest Technologies","Web","23755008","7350969","16404039"
"Microsoft OneDrive","Web","540304243","154051684","386252559"
"Microsoft","Web","3715189242","720011690","2995177552"
"Revcontent","Web","3791999","674318","3117681"
"New Relic","Web","140498149","64609339","75888810"
"Teads","Web","14965205","4037869","10927336"
"Adform","Web","17528800","3497103","14031697"
"ZoomMeetings","Business Collaboration","468704596","106920442","361784154"
"HyperText Transfer Protocol proxy","Network Service","7901451","2123475","5777976"
"Innovid","Web","193234823","5894976","187339847"
"Firebase Cloud Messaging","Web","856495983","493361082","363134901"
"Bidswitch","Web","29165515","13013089","16152426"
"Sharethrough","Web","65029831","27343457","37686374"
"Yieldmo","Web","16793131","4592895","12200236"
"DoubleVerify","Web","71582879","13445340","58137539"
"PulsePoint","Web","8424479","3014038","5410441"
"Amplitude","Web","37025660","33111540","3914120"
"Google Cloud Platform","Web","40809280","19063159","21746121"
"Adtelligent","Web","2997568","1310851","1686717"
"Cisco","Web","216342699","99387503","116955196"
"Disqus","Web","31965542","1933313","30032229"
"TikTok (Musical.ly)","Social Networking","38719441445","1741591883","36977849562"
"Apple News","Web","719143529","76657124","642486405"
"Google APIs","Web","3727332602","1589193729","2138138873"
"Amazon Cognito","Web","30210749","9740793","20469956"
"Unknown virtual protocol","Unclassified","100649054","54369783","46279271"
"Google Pay","Web","9814079","1931437","7882642"
"Google Messages","Internet Instant Messaging","43644099","13891953","29752146"
"JWPLAYER","Web","663265082","14192956","649072126"
"DoorDash","Web","22884154","9541044","13343110"
"Indeed","Web","75034162","22932082","52102080"
"Digicert","Web","33735426","3818346","29917080"
"Font Awesome","Web","16728289","1346461","15381828"
"Intercom","Web","54568440","18970760","35597680"
"SD-WAN Control","SD-WAN","40120345213","21582846904","18537498309"
"SD-WAN Management","SD-WAN","4217874860","1796012189","2421862671"
"TencentMeeting","Business Collaboration","3568049665","480768379","3087281286"
"BitTorrent","Peer to Peer","2689609","1427416","1262193"
"Dailymotion.com","Media","77941610","3420447","74521163"
"Google Groups","Social Networking","184136","9980","174156"
"Internet Message Access Protocol Secure","Email","71653727","10009516","61644211"
"IPsec (AH and ESP)","Tunneling and VPN","968326226","233417716","734908510"
"Internet Security Association and Key Management Protocol","Tunneling and VPN","6082636","2904122","3178514"
"McAfee Client update","Business Application","85566070","5369813","80196257"
"QQ","Internet Instant Messaging","53072356","10563337","42509019"
"Simple Mail Transfer Protocol","Email","1187671","918813","268858"
"Simple Network Management Protocol","Management","236325","236325","0"
"Wikipedia.com","Web","661519328","52949356","608569972"
"Yahoo Search","Web","1592218","101141","1491077"
"Yahoo Mail v.2.0","Email","304560853","98649009","205911844"
"MPEG-Transport Stream","Real Time Audio/Video","29236132","567388","28668744"
"Windows Live Hotmail","Email","219071563","25534638","193536925"
"Secure AIM","Internet Instant Messaging","3539063","295605","3243458"
"Ask.com","Web","228214","20337","207877"
"WordPress.com","Social Networking","40881250","1883738","38997512"
"LinkedIn","Social Networking","1373540967","127712039","1245828928"
"Mail.ru Webmail","Email","410831","86454","324377"
"Foursquare.com","Web","1166178","294205","871973"
"Yandex.ru","Web","230259602","11027113","219232489"
"Spotify","Media","4072531394","194281306","3878250088"
"Baidu.com","Web","1102677404","150629775","952047629"
"Apple Update","Web","279162032","16726839","262435193"
"Opera Update","Web","1034524","298394","736130"
"Viber","Real Time Audio/Video","478907252","275622644","203284608"
"Box","File Sharing","505917","130106","375811"
"Dropbox","Storage and Backup","9096761655","8489282331","607479324"
"Google Translate","Web","4747313","898780","3848533"
"QQMusic","Peer to Peer","18444","6462","11982"
"Salesforce","Business Application","34305327","15598828","18706499"
"AccuWeather","Web","12226416","1824847","10401569"
"Alexa","Web","126097","16287","109810"
"Blogger","Web","1173943","89708","1084235"
"CNN (Cable News Network)","Web","31956682","5736837","26219845"
"Daum.net","Web","6494731","338296","6156435"
"Mozilla.com - Mozilla.org","Web","485039777","79723091","405316686"
"Naver Corporation (formerly NHN Corporation)","Web","1145956591","774584823","371371768"
"Vimeo","Web","3770541810","57805190","3712736620"
"Weather.com","Web","29794831","2743490","27051341"
"Sina.com.cn","Internet Instant Messaging","210113503","12177698","197935805"
"Sina Weibo","Web","147525631","5823976","141701655"
"Taobao","Web","261595248","20875076","240720172"
"Google App Engine","Business Application","954146","165378","788768"
"Apple FaceTime","Real Time Audio/Video","1754985982","890218774","864767208"
"Line","Internet Instant Messaging","32298644","7911640","24387004"
"KakaoTalk","Internet Instant Messaging","7185885","1042345","6143540"
"Zum.com","Web","15093","3114","11979"
"Tistory.com","Web","9680","1937","7743"
"Amazon Prime Video","Media","674574011","15333587","659240424"
"QQ.com","Web","1456681704","72304501","1384377203"
"163.com","Web","26542592","6251117","20291475"
"Ifeng.com","Web","88066168","3714838","84351330"
"Alipay","Web","5536546","328473","5208073"
"Sogou.com","Web","2006416","1132755","873661"
"Akamai Technologies CDN","Web","4891331803","128305521","4763026282"
"Limelight Networks CDN","Web","950339469","22138875","928200594"
"Datagram Transport Layer Security","Tunneling and VPN","11605043373","1318028941","10287014432"
"ISO Base Media File Format","Real Time Audio/Video","6943240202","124891889","6818348313"
"Rakuten.co.jp","Web","5683911","976308","4707603"
"Mail189.cn","Email","4583","2635","1948"
"QQ News","Web","9531968","1466731","8065237"
"Sina finance","Web","12908676","405621","12503055"
"Tencent.com","Internet Instant Messaging","189274175","11970737","177303438"
"Nokia Here API","Web","3434368","391029","3043339"
"Microsoft SharePoint Online (Office 365)","Business Application","485141755","188215508","296926247"
"Sina Video","Media","22651","13635","9016"
"Reddit.com","Web","1460101023","71885913","1388215110"
"Internet Movie Database","Web","11692976","470229","11222747"
"Imgur.com","Storage and Backup","13013350","330578","12682772"
"Google Documents (aka Google Drive)","Storage and Backup","858645569","291764321","566881248"
"Naver Mail","Email","3414","1894","1520"
"Paypal.com","Web","637029863","120808241","516221622"
"BBC","Web","46567812","3375699","43192113"
"Seznam.cz","Web","134540","5644","128896"
"Aol","Web","3664049","738079","2925970"
"AddThis","Web","26461461","1791573","24669888"
"Waze Social GPS Maps & Traffic","Web","46642368","3386210","43256158"
"Symantec","Web","326049813","11607590","314442223"
"Inneractive","Web","54620179","40841337","13778842"
"Flurry","Business Application","27443486","8073395","19370091"
"Crashlytics","Web","69253290","5798756","63454534"
"Brightcove","Media","39439984","1539282","37900702"
"BoldChat Live Chat","Internet Instant Messaging","1810585","751660","1058925"
"InMobi","Web","27820215","10863412","16956803"
"Gravatar","Business Collaboration","2628894","462661","2166233"
"FreeWheel","Web","2283127","744367","1538760"
"Xiaomi","Web","123750279","8078414","115671865"
"Turner","Web","44334309","1571027","42763282"
"Stickyads","Web","47275185","15105803","32169382"
"Mixpanel","Web","9436357","7132663","2303694"
"Cedexis","Web","9223056","2456193","6766863"
"Amazon Cloud Drive","Web","71116577","65693276","5423301"
"Google Calendar","Web","41480604","17367144","24113460"
"quic","Network Service","115463104","78569945","36893159"
"LOTAME","Web","10632687","1891816","8740871"
"ADTECH","Web","1941085","107513","1833572"
"Sizmek (previously MediaMind)","Web","123245095","7018469","116226626"
"Realestate","Web","219745","40707","179038"
"GitHub","Web","173045074","11792951","161252123"
"Bitbucket","Web","122813992","2715784","120098208"
"Atlassian","Web","71774760","26966370","44808390"
"Kakaocdn","Infrastructure","726631","66196","660435"
"Advertising.com","Web","3306048","798933","2507115"
"Facebook Embedded Video","Media","1097005056","26237855","1070767201"
"Helpshift","Web","3532430","778209","2754221"
"Adjust.com","Web","11089524","4543924","6545600"
"Atlas Solutions","Web","2109127","388630","1720497"
"Urbanairship","Web","2536118","878578","1657540"
"BootstrapCDN","Web","5015500","408820","4606680"
"Apple Music","Media","382160474","16619613","365540861"
"Fastly","Web","14774856","500921","14273935"
"Unruly","Web","9188059","4955451","4232608"
"Rogers TV","Web","98569938","20777390","77792548"
"UpLynk","Web","153716788","12895272","140821516"
"Localytics","Web","3245192","828437","2416755"
"Applovin","Web","468536831","146033680","322503151"
"Krux","Web","18032137","1985114","16047023"
"Periscope","Media","47190652","1669737","45520915"
"Microsoft Office OneNote (Office 365)","Business Application","2875372","910840","1964532"
"Optimizely","Web","15882357","3578353","12304004"
"Mapbox","Web","10672894","644261","10028633"
"Google Code","Web","19944","3306","16638"
"Rollout","Web","924168","280774","643394"
"Microsoft Excel Online (Office 365)","Web","52625182","28959187","23665995"
"Rackspace","Web","1729068457","174019136","1555049321"
"Signal","Web","1154607","243906","910701"
"LiveChat","Web","4355687","266012","4089675"
"Smaato","Web","5980800","2029123","3951677"
"Verizon","Web","4707740","2898147","1809593"
"LKQD","Web","10823755","4534547","6289208"
"jQuery","Web","21423132","952910","20470222"
"TubeMogul","Web","4413933","520504","3893429"
"Bleacher Report","Web","16358693","495318","15863375"
"SpotXchange","Web","7837321","3006548","4830773"
"Umeng","Web","5550491","2932469","2618022"
"Liftoff","Web","1403448","479965","923483"
"Uber (formerly UberCab)","Web","79821306","27301228","52520078"
"QQVideo","Web","452418566","7166665","445251901"
"Slack","Web","695890859","34575042","661315817"
"Conversant","Web","12827188","3238862","9588326"
"Clicktale","Web","11495393","8568157","2927236"
"hotjar","Web","42769497","18947586","23821911"
"Pokemon GO","Gaming","596873546","66702311","530171235"
"Weborama","Web","296890","57898","238992"
"StackOverflow","Web","8739584","364903","8374681"
"Wix","Web","129788642","12460092","117328550"
"GIPHY","Web","131129529","3130891","127998638"
"Heroku","Web","2682156","489170","2192986"
"IMO Video Calling Application","Media","6864387","3237863","3626524"
"Bugsnag","Web","1849714","870242","979472"
"Apple Game Center","Gaming","18155051","3495126","14659925"
"Tealium","Web","11510599","4523611","6986988"
"AdColony","Web","6617100","2260519","4356581"
"Google Classroom","Web","35050456","11575839","23474617"
"Huawei","Web","43597425","14046826","29550599"
"MGID","Web","9288322","479331","8808991"
"ULP","Network Service","11319934","439285","10880649"
"AnyDesk","Remote Desktop","133110960","6894196","126216764"
"Media Innovation Group","Web","1622089","467895","1154194"
"Walmart","Web","6039026","3481504","2557522"
"Okta","Web","73124824","16954334","56170490"
"eXelate","Web","2537920","674164","1863756"
"Sonobi","Web","24475622","9822760","14652862"
"Cloudinary","Web","41871237","1176157","40695080"
"Google Secure User Plane Location","Web","1176119","184532","991587"
"ChinaNetCenter ","Web","216888","85503","131385"
"Niantic, Inc","Web","5608792","1257870","4350922"
"Microsoft teams","Internet Instant Messaging","2903465985","738624167","2164841818"
"Kakao","Web","124272","17013","107259"
"x_vpn","Tunneling and VPN","56029471","27158599","28870872"
"Data Saver","Web","6337478","524083","5813395"
"Domain Name Service Crypt","Network Service","6295366","2902843","3392523"
"IronSource","Business Application","138922816","12661700","126261116"
"AnchorFree","Tunneling and VPN","675120","313306","361814"
"Grammarly","Web","90151435","36136860","54014575"
"Simpli.fi","Web","2150208","475974","1674234"
"ByteDance","Web","1173925094","80684358","1093240736"
"Visual IQ","Web","486520","136919","349601"
"Alibaba Group","Web","2327152","367735","1959417"
"Alibaba Cloud","Web","336810068","220257166","116552902"
"Discord","Internet Instant Messaging","484518623","69300847","415217776"
"Monday.com","Web","6802882","214680","6588202"
"Google GSuite","Web","166854064","48433715","118420349"
"Vungle","Web","248004527","7959937","240044590"
"TripAdvisor","Web","18428280","1147198","17281082"
"PubNub","Web","15461846","3940915","11520931"
"Unknown virtual protocol","Unclassified","4290784242","134674144","4156110098"
"Unknown virtual protocol","Unclassified","4129274","233935","3895339"
"Unknown virtual protocol","Unclassified","87776549","10999325","76777224"
"NetEase","Web","171866438","6067921","165798517"
"Unknown virtual protocol","Unclassified","3649432","1090059","2559373"
"Unknown virtual protocol","Unclassified","161566884","5406598","156160286"
"Qwant","Web","114444","4692","109752"
"Firework","Internet Instant Messaging","1273509","257219","1016290"
"Bigo","Web","870031","295995","574036"
"Quora","Social Networking","23934153","1765582","22168571"
"Toutiao","Web","1909524","269005","1640519"
"Zhenai","Web","41755","22589","19166"
"Wangwang","Internet Instant Messaging","8422352","3420795","5001557"
"Crashplan","Web","1317231149","549483343","767747806"
"Shopify","Web","51863132","2981277","48881855"
"Uber Eats","Web","10540952","2077917","8463035"
"Citrix","Web","154482","55931","98551"
"KOCHAVA","Web","921157","231997","689160"
"Sift Science","Web","361645","78981","282664"
"Spotify Audio","Real Time Audio/Video","1324208942","23452286","1300756656"
"Minute Media","Web","42906032","1214297","41691735"
"UserReport","Web","730245","102328","627917"
"Go Daddy","Web","39513507","1237754","38275753"
"Contentful","Web","154696793","20595407","134101386"
"Coursera","Web","417631864","36054918","381576946"
"Official Major League Baseball","Web","106377","9663","96714"
"Nvidia","Web","1126878","98155","1028723"
"Geforce Now","Gaming","1024419","261998","762421"
"Datadog","Web","17225914","9988870","7237044"
"Unknown virtual protocol","Unclassified","552432","236661","315771"
"Advance Message Queuing Protocol","Network Service","1671","894","777"
"Connection Oriented Transfer Protocol","Network Service","910","688","222"
"eBay.com","Web","36235504","2653336","33582168"
"Google Earth","Web","311823","22953","288870"
"GPRS Tunneling Protocol","Tunneling and VPN","34821208","1374291","33446917"
"Independant Computing Architecture (Citrix)","Remote Desktop","4340","2330","2010"
"Internet Relay Chat","Internet Instant Messaging","1270","479","791"
"HP Printer Job Language","Business Application","1069","736","333"
"Kerberos","Authentication","19752","12376","7376"
"Lighweight Directory Access Protocol","Authentication","150381","22499","127882"
"Netbios Name Service","Network Service","66222","66222","0"
"Post Office Protocol (Version 3)","Email","461808","11261","450547"
"Secure POP3","Email","10153939","35294","10118645"
"Port Mapper","Network Service","17855","11798","6057"
"PostgreSQL","Business Application","1765","996","769"
"Point-to-Point Tunneling Protocol","Tunneling and VPN","3171","1764","1407"
"Real Time Control Protocol","Business Collaboration","663102206","286827983","376274223"
"Real Time Protocol","Business Collaboration","1219293334","366809878","852483456"
"Real Time Streaming Protocol","Media","48584","30937","17647"
"SAP","Business Application","57142","4353","52789"
"ShoutCast","Media","4628584","287242","4341342"
"Server Message Block (Windows File Server)","File Sharing","39064","27118","11946"
"SOCKet Secure v4","Tunneling and VPN","26335","17952","8383"
"SOCKet Secure v5","Tunneling and VPN","8587","3957","4630"
"Tabular Data Stream","Business Application","10664","6500","4164"
"Transparent Network Service (Oracle)","Business Application","3963","2742","1221"
"Wireless Session Protocol","Network Service","1112","523","589"
"X Window System","Business Application","19982","12926","7056"
"Simple Network Paging Protocol","Network Service","96106895","1996765","94110130"
"Xunlei/Thunder protocol","Peer to Peer","13674","5994","7680"
"Tagged.com","Social Networking","312645","71364","241281"
"Expedia.fr","Web","1309109","745102","564007"
"Realtor.com","Web","126941","27195","99746"
"Flickr","Social Networking","63440","10319","53121"
"Rambler.ru","Web","956580","111891","844689"
"Steampowered.com","Gaming","7719101803","202239596","7516862207"
"Xbox Live","Gaming","6909077","1129607","5779470"
"BabyCenter (My Baby Today)","Web","167961","6016","161945"
"Badoo.com","Internet Instant Messaging","12305612","2270322","10035290"
"Flixster.com","Web","361088","10189","350899"
"Goodreads.com","Web","1547012","125146","1421866"
"LiveJournal.com","Social Networking","1210225","262748","947477"
"Meetup","Web","153358","28666","124692"
"MyAnimeList.net","Web","10233008","279879","9953129"
"Odnoklassniki.ru","Social Networking","185239","18732","166507"
"ResearchGATE.net","Web","2551304","92139","2459165"
"Tumblr","Social Networking","907611","41155","866456"
"Vk.com (Vkontakte)","Social Networking","282610","44002","238608"
"Vox.com","Web","4735","566","4169"
"Yelp.com","Web","58385921","1739532","56646389"
"Adobe Update Manager","Web","336755659","9570359","327185300"
"Adobe Flash Plugin Update","Web","121235","3342","117893"
"Firefox Update","Web","66137583","1457752","64679831"
"Java Update","Web","1121254","121839","999415"
"Archive.org","Web","5901794","209427","5692367"
"Sopcast.org","Media","117440390","11270811","106169579"
"QQLive Network Player","Media","36061","16425","19636"
"BitDefender Update","Web","9576730","5752372","3824358"
"Symantec Norton AntiVirus Updates","Web","311423338","3800299","307623039"
"Avira Update","Web","565262","32020","533242"
"Trendmicro Update protocol","Web","4476330","2876483","1599847"
"BBC Player","Media","102885","13768","89117"
"UUSee Protocol","Media","523","304","219"
"Microsoft SharePoint","Business Application","8619630","144255","8475375"
"Concur","Business Application","168209","92330","75879"
"iHeartRADIO","Media","3864904","1483445","2381459"
"MediaFire.com","File Sharing","8482226","240144","8242082"
"Psiphon","Web","1613886","480502","1133384"
"Shutterfly.com","Web","296021170","259053722","36967448"
"Tokbox.com","Web","81107","35972","45135"
"SiriusXm.com","Media","197473846","20268694","177205152"
"YouKu","Media","7198233","5391965","1806268"
"GoToMeeting Online Meeting","Business Collaboration","3824450","60276","3764174"
"WebEx","Business Collaboration","47788101","2597998","45190103"
"Slingbox","Media","1232059","33013","1199046"
"Bloomberg.com","Web","1151412","168165","983247"
"Radmin","Remote Desktop","1273","736","537"
"Internet Inter-ORB Protocol","Network Service","5010","3042","1968"
"Netware Core Protocol","Management","10462","6298","4164"
"Time Protocol","Network Service","4264","1900","2364"
"Echo","Management","772","480","292"
"Flash Media Playback","Media","2164555","64009","2100546"
"10086.cn","Web","751203","60068","691135"
"ABCNews","Web","136340","3062","133278"
"Acer","Web","2136756","126633","2010123"
"Adobe Acrobat DC (Document Cloud)","Web","7146151","436507","6709644"
"AmericanExpress","Web","6331851","2197196","4134655"
"ATT.com (AT&T)","Web","11345","5007","6338"
"Capital One","Web","20352443","2882448","17469995"
"China.com","Web","1783459","115237","1668222"
"Cnet.com","Web","16975743","394799","16580944"
"Comcast","Web","2396340","78167","2318173"
"Daily Mail","Web","14434118","296791","14137327"
"Fox News","Web","37724502","2263112","35461390"
"Groupon","Web","151174","7525","143649"
"IKEA.com","Web","19368940","1590920","17778020"
"Intuit.com","Business Application","3324125","656665","2667460"
"Kaspersky.com","Web","8253676","3788836","4464840"
"LeTV.com","Web","22892","976","21916"
"Mashable.com","Web","728350","12414","715936"
"Monster.com","Web","59634","11576","48058"
"NationalGeographic.com","Web","6879","532","6347"
"NBA.com","Web","880720","146506","734214"
"National Football League (NFL.com)","Web","2899807","395310","2504497"
"Nike.com","Web","14833187","1166262","13666925"
"NYTimes.com","Web","25281712","1379283","23902429"
"PlayStation.com","Web","668954","17367","651587"
"Reuters.com","Web","1958008","43094","1914914"
"Reverso.net","Web","824012","46000","778012"
"Sky","Web","143183","5876","137307"
"SlideShare","Web","1184774","64407","1120367"
"SurveyMonkey.com","Web","161015","57259","103756"
"WashingtonPost.com","Web","4720741","477550","4243191"
"Xbox","Gaming","58363","12469","45894"
"Xvideos.com","Media","2028","546","1482"
"Youdao.com","Web","15099152","9473165","5625987"
"OICQ","Internet Instant Messaging","72620","42952","29668"
"Sophos update","Business Application","4365144","159109","4206035"
"QQ WeiBo","Web","428471","220385","208086"
"Hulu","Media","1893265","113201","1780064"
"Shazam","Web","962356","114479","847877"
"SoundCloud","Media","191296024","5118420","186177604"
"TuneIn","Real Time Audio/Video","40822714","963911","39858803"
"Chosun services","Web","2222299","91687","2130612"
"Mk.co.kr","Web","3932710","61612","3871098"
"Nexon.com","Web","2538387","725873","1812514"
"Sohu.com","Web","101092988","17662076","83430912"
"Douban.com","Web","125766","37685","88081"
"cnzz.com","Web","5912","2426","3486"
"360.cn","Web","2007948","423642","1584306"
"Alibaba.com","Web","17953922","7480619","10473303"
"iQiyi","Web","16882","2188","14694"
"Chinese Software Developer Network","Web","278054","61705","216349"
"People.com.cn","Web","6153","3733","2420"
"51.la","Web","96864","27638","69226"
"MiTalk Messenger (Miliao)","Internet Instant Messaging","1679169","90932","1588237"
"Hatena.ne.jp","Social Networking","177539","25935","151604"
"Impress.co.jp","Web","862682","74583","788099"
"Chinatimes.com","Web","690380","45468","644912"
"Ctrip.com","Web","41747528","16165696","25581832"
"Dangdang.com","Web","6564","3003","3561"
"Eastmoney.com","Web","13816749","2658948","11157801"
"Eyny.com","Web","3894","2854","1040"
"Money163.com","Web","64136","13852","50284"
"QQ Games","Gaming","7150021","1230443","5919578"
"QQ Mail","Email","8790383","2632010","6158373"
"Sina News","Web","322805","26063","296742"
"Udn.com","Web","4523229","197465","4325764"
"Google Talk (incl. Hangouts and Allo and Duo)","Real Time Audio/Video","3295359","1020989","2274370"
"MeetMe.com","Social Networking","668268","15290","652978"
"Microsoft Skype for Business (formerly Microsoft Lync Online) (Office 365)","Business Collaboration","496376","59172","437204"
"SoftBank.com","Web","29443","3659","25784"
"Baidu Player","Media","770530","27443","743087"
"Speedtest","File Sharing","27658015","3748414","23909601"
"ESPN.go.com","Web","46781014","3084064","43696950"
"MapQuest.com","Web","18403","1571","16832"
"BuzzFeed.com","Web","1455994","799169","656825"
"Evernote","Web","47878","2063","45815"
"JingDong","Web","10299885","1083607","9216278"
"Apple Maps","Web","2107746","114073","1993673"
"WebSocket","Network Service","1385487","164272","1221215"
"Bet365.com","Web","225308","15638","209670"
"Egnyte Enterprise File Sharing","Storage and Backup","81146","20146","61000"
"Issuu.com","Web","5530","606","4924"
"LastPass.com","Web","169404","49454","119950"
"Mendeley.com","File Sharing","63674","15564","48110"
"Microsoft Skype for Business (formerly Microsoft Lync)","Business Collaboration","13415916","3547072","9868844"
"Saavn Bollywood Music","Media","625324","27459","597865"
"Bitcoin client","Peer to Peer","1972","1084","888"
"HSBC Bank","Web","813083","14458","798625"
"Marca.com","Web","46544","9859","36685"
"ESPNCricinfo.com","Web","141976","8344","133632"
"craigslist","Web","6586","1079","5507"
"Ikman.lk","Web","7995","5661","2334"
"Indiatimes","Web","1494282","48457","1445825"
"Kijiji.ca","Web","101136172","4882968","96253204"
"Internet Small Computer Systems Interface","Network Service","3276","1692","1584"
"System Center Configuration Manager","Management","517305","365651","151654"
"Background Intelligent Transfer Service","File Sharing","72821897","9318922","63502975"
"AllMusic.com","Media","32170","2989","29181"
"Conviva","Infrastructure","7187666","4645606","2542060"
"EdgeCast Networks CDN","Infrastructure","28340","4438","23902"
"AliExpress.com","Web","92848782","3202940","89645842"
"UOL.com.br","Web","7987291","732966","7254325"
"Wp.pl","Web","35779","8127","27652"
"Flipkart.com","Web","26068","4213","21855"
"Top.channel","Web","592472","45077","547395"
"Gazzetta","Web","398144","13847","384297"
"Fox Business Network","Web","1378805","190604","1188201"
"News","Web","2721472","186565","2534907"
"Gameloft Games","Gaming","358274","86692","271582"
"Tapatalk","Web","7074","2556","4518"
"Aastocks","Web","204717","64065","140652"
"Yadro","Web","43996","15324","28672"
"Telegram","Internet Instant Messaging","11418334037","436659642","10981674395"
"Candy Crush Saga","Gaming","17863035","7133088","10729947"
"King Digital Entertainment","Gaming","2841913","697335","2144578"
"Huffington Post","Web","15452289","1002091","14450198"
"OpenStreetMap","Infrastructure","1026227","18007","1008220"
"Videoplaza","Web","122430","53508","68922"
"Wrike","Business Application","696155","43497","652658"
"Plenty Of Fish","Web","11560283","1869664","9690619"
"Beatport","Media","61252","3604","57648"
"Twitch","Media","1147427196","25423056","1122004140"
"139mail","Internet Instant Messaging","2385211","333198","2052013"
"zalo","Internet Instant Messaging","414784","49774","365010"
"battlenet","Gaming","4625","1029","3596"
"Protothema","Web","434157","12810","421347"
"Inquirer","Web","23012973","861983","22150990"
"ASANA","Web","7572","1019","6553"
"DISTCC","Network Service","1168","736","432"
"JAVA-RMI","Network Service","9977","6140","3837"
"Taobao Ad Network and Exchange","Web","894461","260937","633524"
"Lazada","Web","626812","19346","607466"
"Gettyimages","Web","8266540","624529","7642011"
"Theladbible","Web","2532","487","2045"
"Flipboard","Web","4506252","494222","4012030"
"CPMSTAR","Web","325095","55978","269117"
"AOL One","Web","3163128","243443","2919685"
"Constant Contact","Web","871983","41512","830471"
"Internet.org","Web","307207","119257","187950"
"Bizographics","Web","5241","1248","3993"
"Scotiabank","Web","7195121","1195224","5999897"
"CBS Video","Web","46846933","860477","45986456"
"LogMeIn","Remote Desktop","531764","27700","504064"
"Disney Channel","Web","3375957","145851","3230106"
"NBC","Web","13788907","1429095","12359812"
"MoPub","Web","25297495","10780914","14516581"
"Microsoft Translator (Bing Translator)","Web","17293","4603","12690"
"Perform","Web","600514","16657","583857"
"Microsoft Sway (Office 365)","Business Application","8526","1106","7420"
"Microsoft Planner (Office 365)","Business Application","346549","51263","295286"
"Olark","Web","597786","60548","537238"
"Liveperson","Web","11278490","1096879","10181611"
"Liberty Times Net","Web","2144139","115596","2028543"
"Riffsy (Tenor.co)","Web","158254","11351","146903"
"Ensighten","Web","14635069","894281","13740788"
"Tune","Web","157892","69538","88354"
"Braintree","Web","436740","83221","353519"
"QINIU","Web","15548315","526793","15021522"
"Hola Web Proxy","Web","280123","114172","165951"
"BitComet Peer Exchange (PEX)","Peer to Peer","4725","1495","3230"
"funCaptcha","Web","4549","1512","3037"
"MobFox","Web","47976","8184","39792"
"Google Photos (formerly Google Picasa)","Web","894068854","850285125","43783729"
"Baidu Maps","Web","4318306","699646","3618660"
"ICY (I Can Yell)","Media","40242954","679042","39563912"
"Ethernet/IP","Network Service","18287","7728","10559"
"Younow","Web","18163684","7981955","10181729"
"Bazaarvoice","Web","9029508","929693","8099815"
"MQ Telemetry Transport","Network Service","20495","11198","9297"
"nuomi.com","Web","30810","4272","26538"
"Adk2","Web","95554","3399","92155"
"CDNetworks","Infrastructure","4590012","103662","4486350"
"Constrained Application Protocol","Network Service","7923","4962","2961"
"Highwinds","Web","2467802","99662","2368140"
"StackExchange","Web","2247021","66147","2180874"
"Tinder","Web","83816117","2783543","81032574"
"Shutterstock","Web","3196766","199702","2997064"
"Ubuntu","Web","7723","3313","4410"
"Clash of Clans","Gaming","40495980","1716275","38779705"
"Supercell","Gaming","57787097","1225782","56561315"
"Amazon Music","Media","154931","33895","121036"
"Cheetah Mobile","Web","21551","6181","15370"
"Microsoft Word Online (Office 365)","Business Collaboration","9708385","183661","9524724"
"Microsoft Powerpoint Online (Office 365)","Business Collaboration","38123","4043","34080"
"OPC Unified Architecture","Web","1984","1096","888"
"Signal Private Messenger (Open Whisper Systems)","Internet Instant Messaging","20067965","3894213","16173752"
"Tidal","Media","3392346","638621","2753725"
"StreamRail","Media","303411","57174","246237"
"Vidyard","Web","43398229","738347","42659882"
"Nintendo","Gaming","26373","6505","19868"
"ADventori","Web","157725","34853","122872"
"Audible","Real Time Audio/Video","18483","9464","9019"
"HK Observatory","Web","204564","31162","173402"
"Ming Pao","Web","2468045","49967","2418078"
"Oriental Daily News (on.cc)","Web","28348803","930900","27417903"
"Flashtalking","Web","121186767","4686148","116500619"
"Aerserv","Web","5714","1186","4528"
"Samsung Update","Web","2237865350","28121937","2209743413"
"Amazon Chime","Business Collaboration","223420","60479","162941"
"Livescore","Web","1703343","187970","1515373"
"MaxCDN","Web","55726","9023","46703"
"Zhihu","Web","16040689","1109716","14930973"
"China Youth League","Web","677950","60096","617854"
"Booking.com","Web","507350","51019","456331"
"Yandex Music","Real Time Audio/Video","1280347","77105","1203242"
"Avast","Web","13717689","785432","12932257"
"DocuSign","Web","3828205","244535","3583670"
"Automatic Data Processing (ADP)","Web","23200728","1348014","21852714"
"Autodesk Fusion 360","Tunneling and VPN","43876863","21385934","22490929"
"Optus","Web","1780424","97313","1683111"
"T-Mobile","Web","5756","1831","3925"
"Chunghwa Telecom","Web","57203","12903","44300"
"Citrix Cloud","Web","6594","904","5690"
"Sportradar","Web","7686247","384672","7301575"
"Wall Street Journal","Web","9093046","625687","8467359"
"Meitu","Web","64040707","18479283","45561424"
"Clash Royale","Gaming","28314588","1348321","26966267"
"Origin","Web","165511","30730","134781"
"DCARD","Social Networking","2198480","357884","1840596"
"Canvas Student","Web","386618","9497","377121"
"Instructure","Web","492409","40294","452115"
"Workplace By Facebook","Social Networking","1137715","860819","276896"
"shopee.tw","Web","92119","4723","87396"
"Electronic Arts","Web","16246590","1418684","14827906"
"ShareFile","Web","41366","4486","36880"
"Apache Thrift","Network Service","994","749","245"
"Digioh","Web","1483567","59916","1423651"
"Apptimize","Web","96263","31601","64662"
"UC Browser","Web","13516365","1009836","12506529"
"Mediascope","Web","143090","25484","117606"
"kafka","Network Service","718906","74527","644379"
"Symantec Endpoint Protection","Web","23826","7369","16457"
"Youtube Music","Media","453410","106043","347367"
"Akamai Video","Media","771985","218717","553268"
"Appnext","Web","818998","78783","740215"
"Tenor","Web","27835212","1809899","26025313"
"Splunk Cloud","Storage and Backup","2511099","1052273","1458826"
"Fox Networks","Web","699222","33117","666105"
"Epic_games","Gaming","201514","96733","104781"
"Unreal_engine","Gaming","829506","21606","807900"
"coco","Internet Instant Messaging","162491","40788","121703"
"Vonage Mobile","Media","102625","34282","68343"
"IBM","Web","7374309","400103","6974206"
"Ubisoft","Gaming","5551575","409659","5141916"
"Microsoft AD Right Management Service","Business Application","16032","6309","9723"
"RingCentral","Business Collaboration","418826","28224","390602"
"Google News","Web","34229912","803128","33426784"
"League of Legends","Gaming","51210219","8165764","43044455"
"CarbonBlack website","Web","73013703","58503126","14510577"
"Discourse","Web","2531461","77886","2453575"
"ExpressVPN","Tunneling and VPN","555918","265036","290882"
"Easy Anti-Cheat","Web","6895233","90308","6804925"
"TechRadar","Web","6158","1168","4990"
"Future_plc","Web","3911697","124396","3787301"
"Inskin","Web","18627","5209","13418"
"Wish","Web","586639","40138","546501"
"DICOM","Network Service","3345","1938","1407"
"ProtonMail","Email","20516","3345","17171"
"Bluehost","Web","1064957","225014","839943"
"AWS Console","Business Application","122464","63920","58544"
"Ted Conferences","Web","200112","14805","185307"
"Litres read,Litres listen","Web","1167960","40287","1127673"
"WorkspaceOne","Web","535493","341087","194406"
"Fandom","Web","8770048","654467","8115581"
"Tesla","Web","12569993","406487","12163506"
"W3Schools","Web","1347004","72001","1275003"
"OpenSignal","Web","5889","1462","4427"
"Megaphone","Web","339488563","5713187","333775376"
"UDP Data Transfer protocol","File Sharing","5473013","1881261","3591752"
"DAZN","Real Time Audio/Video","1237083851","23203423","1213880428"
"Unknown virtual protocol","Unclassified","50106","2073","48033"
"Unknown virtual protocol","Unclassified","3254120","111703","3142417"
"Unknown virtual protocol","Unclassified","5303381","273241","5030140"
"Unknown virtual protocol","Unclassified","19066486","15210946","3855540"
"Unknown virtual protocol","Unclassified","7273","1312","5961"
"Unknown virtual protocol","Unclassified","35773873","737221","35036652"
"Bumble","Web","28115836","3109584","25006252"
"Acast","Real Time Audio/Video","200189265","3634041","196555224"
"Wireguard","Tunneling and VPN","226245114","21420854","204824260"
"BAMTech","Real Time Audio/Video","39096323","19007191","20089132"
"Disney Plus","Real Time Audio/Video","5906270140","133010320","5773259820"
"Kuwo","Real Time Audio/Video","82042","69510","12532"
"Agora","Network Service","11655","5498","6157"
"Moji Weather","Web","161779","42521","119258"
"Xigua Video","Real Time Audio/Video","392485","160422","232063"
"Airbnb","Web","27814560","2507102","25307458"
"MediaLab","Web","14227582","763194","13464388"
"Netease Games","Gaming","47286","16721","30565"
"Baidu Tieba","Social Networking","17965238","1455485","16509753"
"Browsec VPN","Tunneling and VPN","75820216","7936172","67884044"
"Code42","Web","120808512","117930918","2877594"
"Workday","Business Application","2761218","319844","2441374"
"Service Now","Web","3556785","350282","3206503"
"StackPath","Web","4288795","163473","4125322"
"Ximalaya","Real Time Audio/Video","52162512","1270164","50892348"
"Fifa","Gaming","38960683","1723920","37236763"
"Houseparty","Real Time Audio/Video","210475","30944","179531"
"Roblox","Gaming","1224820556","126244287","1098576269"
"Likee","Internet Instant Messaging","3656408","965698","2690710"
"YY","Real Time Audio/Video","99562","6753","92809"
"Acronis Backup","File Sharing","29353","9784","19569"
"Microsoft Dynamics","Business Application","7838542","3168720","4669822"
"Digital Turbine","Web","23253445","639138","22614307"
"adRise","Real Time Audio/Video","751291","67135","684156"
"Tubi TV","Real Time Audio/Video","1535281576","58712582","1476568994"
"Demandbase","Web","10339534","419994","9919540"
"Amazon Alexa Assistant","Business Collaboration","3693931","340127","3353804"
"Arena of Valor","Gaming","519118","23437","495681"
"Connatix","Real Time Audio/Video","125941475","7176321","118765154"
"Pendo","Web","10284217","2304205","7980012"
"The Blaze","Web","1074456","47764","1026692"
"WordReference.com","Web","21694","4037","17657"
"European Union","Web","1059","646","413"
"E! Online","Web","696636","31243","665393"
"Hotels.com","Web","72518","42458","30060"
"NHL.com","Web","5904761","180978","5723783"
"Priceline.com","Web","7151488","1240384","5911104"
"Slate Magazine","Web","2383","613","1770"
"BambooHR","Web","8857007","242112","8614895"
"TIME","Web","563608","27468","536140"
"TMZ","Web","624368","26361","598007"
"Call of Duty Mobile","Gaming","172195219","6809337","165385882"
"The Walt Disney Company","Web","4503657","346942","4156715"
"Wired","Web","1179814","42457","1137357"
"Kickstarter","Web","17474993","359903","17115090"
"FedEx","Web","1190302","344652","845650"
"Kayak","Web","33216707","1106146","32110561"
"WarnerMedia","Web","63061913","2027251","61034662"
"Bilibili","Web","388792761","10412356","378380405"
"Etahub","Web","3416","1171","2245"
"ShoreTel","Business Collaboration","104474","41596","62878"
