"Application","Category","Total Bytes","Bytes Received","Bytes Sent"
"Domain Name Service","Network Service","1618699435","741569415","877130020"
"Google Mail","Email","2830083629","451603132","2378480497"
"Google Search","Web","680566187","95809142","584757045"
"HyperText Transfer Protocol","Web","9466329946","782971297","8683358649"
"HyperText Transfer Protocol Secure","Web","17682554090","1279486744","16403067346"
"Internet Control Message Protocol","Network Service","4298140986","2584917434","1713223552"
"Internet Message Access Protocol version 4","Email","113691566","40771011","72920555"
"Internet Protocol","Network Service","0","0","0"
"Internet Security Association and Key Management Protocol","Tunneling and VPN","440821466","165800529","275020937"
"XMPP Protocol (Jabber)","Business Collaboration","7539206","1755109","5784097"
"Network Time Protocol","Network Service","881835","473580","408255"
"Real Time Protocol","Business Collaboration","4339190515","1347993838","2991196677"
"Skype and Teams","Business Collaboration","39844229","8282395","31561834"
"Simple Object Access Protocol","Network Service","1551482057","871895976","679586081"
"Secure Shell","Tunneling and VPN","46125073","24719966","21405107"
"Secure Socket Layer","Tunneling and VPN","26118000222","5127395506","20990604716"
"Session Traversal Utilities for NAT","Business Collaboration","229052280","32892364","196159916"
"Transmission Control Protocol","Other TCP/UDP","1301645067","244475621","1057169446"
"User Datagram Protocol","Other TCP/UDP","148278490384","21665146533","126613343851"
"Youtube.com","Media","15862765162","1066639334","14796125828"
"Facebook","Social Networking","94838992513","3133464417","91705528096"
"Google Ads","Web","1381021387","306027503","1074993884"
"LinkedIn","Social Networking","2364213549","74608743","2289604806"
"Apple Generic Services","Web","20718865540","700287904","20018577636"
"Online Certificate Status Protocol","Business Application","30839832","12841395","17998437"
"Twitter","Social Networking","1155198777","42285393","1112913384"
"iTunes","Media","2005869797","176147282","1829722515"
"TeamViewer","Remote Desktop","1242208526","1028000216","214208310"
"Bing.com (formerly MSN Search)","Web","863939864","135447360","728492504"
"Windows Update","Web","12335412564","955163332","11380249232"
"Chrome Update","Web","722636268","21747652","700888616"
"Netflix.com","Media","41956833492","945679197","41011154295"
"Google Analytics,Google Marketing Platform","Web","704857747","215355274","489502473"
"Google GStatic","Web","2849116452","275132450","2573984002"
"Google Generic","Web","3033579839","1126515091","1907064748"
"Adobe Acrobat DC (Document Cloud)","Web","2504106","366330","2137776"
"Amazon Generic Services","Web","5220574802","1268216155","3952358647"
"Mozilla.com - Mozilla.org","Web","31235788","5079959","26155829"
"NBA.com","Web","5251183","271196","4979987"
"Weather.com","Web","13182767","1004481","12178286"
"WhatsApp Messenger","Internet Instant Messaging","40981978700","14899053206","26082925494"
"Apple App Store","Web","13685479374","309083179","13376396195"
"Windows Marketplace","Web","2805881202","261050731","2544830471"
"Apple Push Notification Service","Web","544545066","363632121","180912945"
"iOS over-the-air (OTA) update","Web","6336798153","115914970","6220883183"
"Samsung Apps","Web","140646706","5335203","135311503"
"Google Play Store","Media","4129088414","1013704595","3115383819"
"iCloud (Apple)","Storage and Backup","7501328191","3397128838","4104199353"
"Instagram","Web","197918937053","7874808953","190044128100"
"TuneIn","Real Time Audio/Video","3119038","119202","2999836"
"Amazon Web Services/Cloudfront CDN","Infrastructure","32552307916","26676543244","5875764672"
"Akamai Technologies CDN","Web","5164849444","88810824","5076038620"
"Microsoft Azure (previously Windows Azure)","Infrastructure","918427342","16433106","901994236"
"Datagram Transport Layer Security","Tunneling and VPN","436048","333854","102194"
"Yahoo.com","Web","343075066","45595229","297479837"
"CloudFlare CDN","Infrastructure","17535994958","469854884","17066140074"
"Microsoft Office 365","Business Collaboration","1392621963","87148987","1305472976"
"Zoho Corporation","Business Application","67919649","42253884","25665765"
"Pinterest","Web","185299650","16714686","168584964"
"Microsoft Outlook (Office 365)","Business Application","988780651","226956390","761824261"
"Apple SIRI","Web","180233673","134474765","45758908"
"Google Documents (aka Google Drive)","Storage and Backup","175104433","22857986","152246447"
"Saavn Bollywood Music","Media","133360478","2671327","130689151"
"Google Accounts","Web","447128351","203562817","243565534"
"Amazon Ad System","Web","114464778","27060997","87403781"
"Snapchat","Social Networking","30254502570","1537768436","28716734134"
"ScorecardResearch","Web","15163229","4462039","10701190"
"Telegram","Internet Instant Messaging","390256195","72939407","317316788"
"Bitstrips","Social Networking","347791487","15027234","332764253"
"Adobe","Business Application","1859636632","185797236","1673839396"
"Zendesk","Business Collaboration","15699864","635795","15064069"
"Inneractive","Web","76786035","50555882","26230153"
"Flurry","Business Application","18603188","7683793","10919395"
"Samsung","Web","125529153","42039312","83489841"
"Crashlytics","Web","19152726","4234089","14918637"
"Plenty Of Fish","Web","1204192","759510","444682"
"Facebook Messenger","Internet Instant Messaging","5765135735","2499896675","3265239060"
"InMobi","Web","73423646","31356440","42067206"
"AppsFlyer","Business Application","67960836","21905513","46055323"
"Xiaomi","Web","26663508","4390612","22272896"
"Stickyads","Web","7517801","2838317","4679484"
"Mixpanel","Web","34993257","28936679","6056578"
"Google Cloud Storage","Web","9518996742","8188233991","1330762751"
"Google Cloud Messaging","Web","150819039","38850346","111968693"
"Google Calendar","Web","30332454","11203932","19128522"
"Apple Location","Web","4439122135","436969998","4002152137"
"OpenX","Web","5410358","1363548","4046810"
"PubMatic","Web","58318867","27729305","30589562"
"Index Exchange (previously Casale Media)","Web","19118901","4895085","14223816"
"LOTAME","Web","11313877","1090663","10223214"
"Rubicon Project","Web","73930752","23037419","50893333"
"Sizmek (previously MediaMind)","Web","15593320","638060","14955260"
"AppNexus","Web","194705307","110871960","83833347"
"Rlcdn","Web","11612643","6618826","4993817"
"HyperText Transfer Protocol version 2","Web","5082340886","1249079224","3833261662"
"Google Tag Manager","Web","295529573","21959153","273570420"
"Ad Safe Protected","Web","86485193","10418639","76066554"
"Adjust.com","Web","18231226","7266121","10965105"
"Scotiabank","Web","99300300","15260931","84039369"
"BootstrapCDN","Web","6343424","459643","5883781"
"Outbrain","Web","78359616","8557984","69801632"
"Applovin","Web","1010865106","351996450","658868656"
"Android connectivity Manager","Network Service","13390793","6558728","6832065"
"Moat","Web","79398666","17644245","61754421"
"Krux","Web","5739186","637409","5101777"
"Heap","Web","225301324","181567526","43733798"
"Branch Metrics","Web","62309266","16534145","45775121"
"Optimizely","Web","12806069","2600389","10205680"
"Liveperson","Web","30927118","3587696","27339422"
"Taboola","Web","141172834","18033575","123139259"
"MediaMath","Web","5676804","1933758","3743046"
"Everest Technologies","Web","18766892","5684547","13082345"
"Microsoft OneDrive","Web","1208868804","200361094","1008507710"
"Microsoft","Web","8276544177","1196667370","7079876807"
"Umeng","Web","2898453","1433916","1464537"
"New Relic","Web","252574022","113619286","138954736"
"Google Photos (formerly Google Picasa)","Web","716463206","654161699","62301507"
"Liftoff","Web","3287318","1191981","2095337"
"Uber (formerly UberCab)","Web","228466211","55078185","173388026"
"Adform","Web","13174261","3963914","9210347"
"HyperText Transfer Protocol proxy","Network Service","70539143","7530768","63008375"
"Firebase Cloud Messaging","Web","486706460","304501884","182204576"
"Bidswitch","Web","13712362","5682553","8029809"
"Bugsnag","Web","6218902","3326037","2892865"
"AdColony","Web","12944243","3992828","8951415"
"Google Secure User Plane Location","Web","7285917","906112","6379805"
"Amplitude","Web","32713698","28782342","3931356"
"Tenor","Web","56619837","4548955","52070882"
"Cisco","Web","9873715","3088163","6785552"
"IronSource","Business Application","197628517","11592613","186035904"
"Grammarly","Web","30396398","11264719","19131679"
"ByteDance","Web","759848812","83217693","676631119"
"TikTok (Musical.ly)","Social Networking","90498669218","3461505150","87037164068"
"Apple News","Web","384557244","18895642","365661602"
"Google APIs","Web","4995669814","2091933425","2903736389"
"Amazon Cognito","Web","24431966","7770714","16661252"
"Unknown virtual protocol","Unclassified","4023204429","123338886","3899865543"
"Google Messages","Internet Instant Messaging","44222418","22524296","21698122"
"Amazon Alexa Assistant","Business Collaboration","2853674","558953","2294721"
"Go Daddy","Web","7560004","859229","6700775"
"Digicert","Web","152378047","6681941","145696106"
"Font Awesome","Web","19409793","1164256","18245537"
"Intercom","Web","233930397","95819250","138111147"
"SD-WAN Control","SD-WAN","40553853974","22213496134","18340357840"
"SD-WAN Management","SD-WAN","359030614","171708596","187322018"
"TencentMeeting","Business Collaboration","124999405","55762877","69236528"
"eBay.com","Web","68357219","1919258","66437961"
"Google Maps","Web","358984418","14882710","344101708"
"Internet Message Access Protocol Secure","Email","13714377","1510207","12204170"
"McAfee Client update","Business Application","249259506","20730913","228528593"
"Remote Desktop Protocol (Windows Terminal Server)","Remote Desktop","2667369","1086472","1580897"
"VMWare","Remote Desktop","7813","2398","5415"
"Wikipedia.com","Web","30019879","955856","29064023"
"Yahoo Mail v.2.0","Email","100012814","20971399","79041415"
"Windows Live Hotmail","Email","95486123","8080564","87405559"
"Secure AIM","Internet Instant Messaging","3391231","209984","3181247"
"Spotify","Media","778535963","66101768","712434195"
"Apple Update","Web","157782145","2141655","155640490"
"Viber","Real Time Audio/Video","105123516","33126158","71997358"
"Dropbox","Storage and Backup","18953807","12190693","6763114"
"Google Translate","Web","6996965","3371927","3625038"
"Salesforce","Business Application","33849774","6162721","27687053"
"Portal.TidalTV.com","Web","679157","159346","519811"
"YouKu","Media","266628","243884","22744"
"WebEx","Business Collaboration","185481037","6890411","178590626"
"AccuWeather","Web","5152304","972931","4179373"
"ATT.com (AT&T)","Web","378148","35291","342857"
"CNN (Cable News Network)","Web","20643199","1550028","19093171"
"Taobao","Web","2311244","961978","1349266"
"Google App Engine","Business Application","2114049","300471","1813578"
"Apple FaceTime","Real Time Audio/Video","22940433918","12181893162","10758540756"
"SoundCloud","Media","349492717","18556749","330935968"
"Amazon Prime Video","Media","1201851944","28789195","1173062749"
"QQ.com","Web","23446391","1576613","21869778"
"360.cn","Web","51010","42706","8304"
"MiTalk Messenger (Miliao)","Internet Instant Messaging","521286","73256","448030"
"Rakuten.co.jp","Web","1386530","242153","1144377"
"Google Talk (incl. Hangouts and Allo and Duo)","Real Time Audio/Video","888465977","305212533","583253444"
"Microsoft SharePoint Online (Office 365)","Business Application","1150887600","118392399","1032495201"
"ESPN.go.com","Web","158037124","4947140","153089984"
"Reddit.com","Web","1718372518","62234037","1656138481"
"Apple Maps","Web","2529078","165512","2363566"
"Paypal.com","Web","33431202","4153119","29278083"
"Kijiji.ca","Web","141836830","8690801","133146029"
"Background Intelligent Transfer Service","File Sharing","524696955","22006373","502690582"
"Conviva","Infrastructure","1781689","1178263","603426"
"AliExpress.com","Web","40586672","1333323","39253349"
"AddThis","Web","17607317","930194","16677123"
"Turn","Web","2468391","553114","1915277"
"Quantcast","Web","10251856","1841163","8410693"
"Oracle","Web","3105523354","74522814","3031000540"
"TRUSTe","Web","11948006","902924","11045082"
"Criteo","Web","190410217","28572311","161837906"
"Google Safe Browsing","Web","123205979","50320778","72885201"
"Turner","Web","1932481","95624","1836857"
"Smart AdServer","Web","50208703","18638400","31570303"
"Cedexis","Web","3625193","878050","2747143"
"Lazada","Web","1117476","48907","1068569"
"ADTECH","Web","835173","77674","757499"
"Facebook Embedded Video","Media","5420587103","88780687","5331806416"
"Atlas Solutions","Web","160639","43658","116981"
"Urbanairship","Web","1923016","557005","1366011"
"Apple Music","Media","1497060364","41843810","1455216554"
"Unruly","Web","2347391","1019028","1328363"
"Rogers TV","Web","374325316","20076320","354248996"
"Localytics","Web","7916496","1303093","6613403"
"MoPub","Web","270594","129110","141484"
"Microsoft Office OneNote (Office 365)","Business Application","5603871","438491","5165380"
"Zopim","Web","2088641","402558","1686083"
"Rackspace","Web","1683167466","175460691","1507706775"
"Ensighten","Web","6322584","715656","5606928"
"Smaato","Web","11160522","2071286","9089236"
"Verizon","Web","6504316","3913780","2590536"
"jQuery","Web","19287495","836932","18450563"
"TubeMogul","Web","326924","66456","260468"
"SpotXchange","Web","2558355","712591","1845764"
"Revcontent","Web","2775711","561883","2213828"
"Slack","Web","105538862","4186740","101352122"
"Teads","Web","7638914","2221799","5417115"
"hotjar","Web","153342315","129192659","24149656"
"ZoomMeetings","Business Collaboration","1507699096","199684566","1308014530"
"Tinder","Web","67601198","5495728","62105470"
"IMO Video Calling Application","Media","1491948086","811043172","680904914"
"Apple Game Center","Gaming","9655168","1964074","7691094"
"OpenRTB","Web","28458","13831","14627"
"Tealium","Web","9356874","2325313","7031561"
"Flashtalking","Web","8678448","1164140","7514308"
"Sharethrough","Web","27236173","9850340","17385833"
"Yieldmo","Web","8065455","1320130","6745325"
"Huawei","Web","7320154","3027697","4292457"
"MGID","Web","7694973","399143","7295830"
"ULP","Network Service","558984","30692","528292"
"DoubleVerify","Web","52140653","8046785","44093868"
"Media Innovation Group","Web","1282076","309272","972804"
"Walmart","Web","8592146","6766024","1826122"
"Okta","Web","67228007","10262512","56965495"
"PulsePoint","Web","3039067","1038809","2000258"
"eXelate","Web","1195500","314841","880659"
"T-Mobile","Web","109899","20889","89010"
"Google Cloud Platform","Web","20727287","5896517","14830770"
"Microsoft teams","Internet Instant Messaging","617637320","82650654","534986666"
"Facebook Lite","Social Networking","7472188","1020061","6452127"
"UC Browser","Web","1197531","881028","316503"
"Akamai Video","Media","1096821","300933","795888"
"Simpli.fi","Web","6959459","415555","6543904"
"Alibaba Cloud","Web","41759606","5211766","36547840"
"Discord","Internet Instant Messaging","115947783","3762797","112184986"
"Redis","Business Application","18927","5931","12996"
"MAkeMyTrip","Web","705869","98633","607236"
"WorkspaceOne","Web","877439","665982","211457"
"iBooks","Web","365458","144703","220755"
"Vungle","Web","272692840","11495127","261197713"
"TripAdvisor","Web","12179933","221023","11958910"
"PubNub","Web","1786539","518022","1268517"
"Unknown virtual protocol","Unclassified","79784432","12094962","67689470"
"Unknown virtual protocol","Unclassified","235734128","85102464","150631664"
"Google Pay","Web","9873683","2695134","7178549"
"Bumble","Web","103445875","5646098","97799777"
"Wireguard","Tunneling and VPN","1592070530","128076682","1463993848"
"Kuwo","Real Time Audio/Video","707074","531813","175261"
"Quora","Social Networking","13550308","1105062","12445246"
"Shopify","Web","122631707","5378245","117253462"
"Uber Eats","Web","10253763","2559217","7694546"
"Sift Science","Web","948051","290073","657978"
"Contentful","Web","513418468","17755182","495663286"
"Indeed","Web","411096845","144016238","267080607"
"WarnerMedia","Web","132352389","1852274","130500115"
"Unknown virtual protocol","Unclassified","84433","48946","35487"
"ShoreTel","Business Collaboration","174838","71468","103370"
"Advance Message Queuing Protocol","Network Service","1457","902","555"
"BitTorrent","Peer to Peer","1195757","24293","1171464"
"Connection Oriented Transfer Protocol","Network Service","2597","1820","777"
"Dailymotion.com","Media","15425426","731439","14693987"
"File Transfer Protocol","File Sharing","20039","10338","9701"
"Google Groups","Social Networking","8322","1101","7221"
"Independant Computing Architecture (Citrix)","Remote Desktop","5354","2912","2442"
"Internet Printing Protocol","Business Application","1069","736","333"
"IPsec (AH and ESP)","Tunneling and VPN","31786","19382","12404"
"Kerberos","Authentication","8313","5754","2559"
"Lighweight Directory Access Protocol","Authentication","16183","10132","6051"
"Line Printer Remote","Business Application","26448","24528","1920"
"Secure POP3","Email","160596","7589","153007"
"Port Mapper","Network Service","11345","7910","3435"
"PostgreSQL","Business Application","895","562","333"
"Point-to-Point Tunneling Protocol","Tunneling and VPN","1633","1084","549"
"QQ","Internet Instant Messaging","517640","62786","454854"
"Real Time Control Protocol","Business Collaboration","3523726","1043259","2480467"
"Real Time Streaming Protocol","Media","25673","15541","10132"
"ShoutCast","Media","5730884","356308","5374576"
"Session Initiation Protocol","Business Application","246092","216058","30034"
"Server Message Block (Windows File Server)","File Sharing","38286","26126","12160"
"Simple Mail Transfer Protocol","Email","47568","31266","16302"
"Simple Mail Transfer Protocol Secure","Email","42227","10710","31517"
"Simple Network Management Protocol","Management","475191","475191","0"
"SOCKet Secure v4","Tunneling and VPN","26304","18476","7828"
"SOCKet Secure v5","Tunneling and VPN","32209","17052","15157"
"Tabular Data Stream","Business Application","6436","4234","2202"
"Transparent Network Service (Oracle)","Business Application","4656","3102","1554"
"Wireless Transaction Protocol","Network Service","617354","64699","552655"
"X Window System","Business Application","13935","9168","4767"
"XMLRPC","Web","19570","6216","13354"
"Yahoo Search","Web","2324143","256030","2068113"
"Ask.com","Web","129382","8373","121009"
"Expedia.fr","Web","259688","160705","98983"
"Realtor.com","Web","9842","1423","8419"
"WordPress.com","Social Networking","16939443","614132","16325311"
"Flickr","Social Networking","1657570","29222","1628348"
"Rambler.ru","Web","1171465","173693","997772"
"Mail.ru Webmail","Email","1137179","134677","1002502"
"Steampowered.com","Gaming","1227876386","39079268","1188797118"
"Xbox Live","Gaming","9491540","938630","8552910"
"Badoo.com","Internet Instant Messaging","104400","34226","70174"
"DeviantArt.com","Web","11916","1220","10696"
"Flixster.com","Web","120165","4168","115997"
"Foursquare.com","Web","1723128","381478","1341650"
"Goodreads.com","Web","25299","5694","19605"
"Last.fm","Media","3444000","311827","3132173"
"LiveJournal.com","Social Networking","5440663","232585","5208078"
"Odnoklassniki.ru","Social Networking","1782478","35448","1747030"
"ResearchGATE.net","Web","220614","4392","216222"
"StumbleUpon.com","Web","250960","9024","241936"
"Tumblr","Social Networking","98549","9364","89185"
"Vk.com (Vkontakte)","Social Networking","27601717","822567","26779150"
"Yelp.com","Web","6781370","168735","6612635"
"Yandex.ru","Web","74101972","9307207","64794765"
"Yandex webmail","Email","88435","30236","58199"
"Baidu.com","Web","742907","91895","651012"
"Adobe Flash Plugin Update","Web","964017","116948","847069"
"Firefox Update","Web","30458589","447800","30010789"
"Java Update","Web","207046","14590","192456"
"Archive.org","Web","24764344","529122","24235222"
"Debian/Ubuntu Update","Web","69263700","1025232","68238468"
"Opera Update","Web","1324875","420852","904023"
"icecast","Media","8308716","876638","7432078"
"QQLive Network Player","Media","133199","84531","48668"
"BitDefender Update","Web","1730351","1050921","679430"
"Symantec Norton AntiVirus Updates","Web","12421568","201669","12219899"
"Tango Video Calls","Real Time Audio/Video","9515980","709900","8806080"
"Kaspersky Update","Web","972","546","426"
"Avira Update","Web","14307","2887","11420"
"Garena","Web","123241","18199","105042"
"Microsoft SharePoint","Business Application","60248","1542","58706"
"Box","File Sharing","958533","171417","787116"
"MediaFire.com","File Sharing","84089","2284","81805"
"Psiphon","Web","2140391","41956","2098435"
"Shutterfly.com","Web","75581633","16683587","58898046"
"SiriusXm.com","Media","3741","625","3116"
"Zoho Chat","Business Collaboration","101155","34678","66477"
"Internet Inter-ORB Protocol","Network Service","4470","2928","1542"
"BlackBerry.com","Web","39207","8990","30217"
"Netware Core Protocol","Management","5757","3660","2097"
"Acer","Web","64424","9028","55396"
"Alexa","Web","238762","20140","218622"
"AlJazeera.net","Web","50428885","689803","49739082"
"AmericanExpress","Web","781310","132269","649041"
"Blogger","Web","5735482","185098","5550384"
"Capital One","Web","7835648","599177","7236471"
"Cnet.com","Web","194757","31126","163631"
"Comcast","Web","5129844","1682792","3447052"
"Daily Mail","Web","3824118","753517","3070601"
"Daum.net","Web","29761","3392","26369"
"Fox News","Web","190262","20410","169852"
"Groupon","Web","1258244","141175","1117069"
"IKEA.com","Web","18494787","3772922","14721865"
"Intuit.com","Business Application","6782241","3794855","2987386"
"Kaspersky.com","Web","1972817","258673","1714144"
"Monster.com","Web","26400","6041","20359"
"Naver Corporation (formerly NHN Corporation)","Web","348352","70123","278229"
"National Football League (NFL.com)","Web","15242763","386241","14856522"
"Nike.com","Web","12887385","2829242","10058143"
"NYTimes.com","Web","8176242","137899","8038343"
"PlayStation.com","Web","3625387","835836","2789551"
"Reuters.com","Web","1581883","25569","1556314"
"Reverso.net","Web","545275","20126","525149"
"SurveyMonkey.com","Web","344064","100460","243604"
"Univision.com","Web","2185157","70229","2114928"
"Vimeo","Web","82498815","1982723","80516092"
"WashingtonPost.com","Web","2936909","98360","2838549"
"Xbox","Gaming","69039","12113","56926"
"XNXX","Web","20702","6967","13735"
"Xvideos.com","Media","1001368","225848","775520"
"Youdao.com","Web","6665825","2962681","3703144"
"Sina.com.cn","Internet Instant Messaging","11929","1090","10839"
"Funshion video player","Web","51956","14673","37283"
"OICQ","Internet Instant Messaging","42771","23328","19443"
"Sina Weibo","Web","38250","8724","29526"
"Line","Internet Instant Messaging","200504","35818","164686"
"Google Plus","Web","16767","2166","14601"
"Scribd.com","Web","928010","25705","902305"
"Shazam","Web","1352562","147919","1204643"
"KakaoTalk","Internet Instant Messaging","12609","3115","9494"
"Chosun services","Web","515999","8849","507150"
"163.com","Web","1517368","865385","651983"
"Ifeng.com","Web","19586","17155","2431"
"Alipay","Web","14941","7860","7081"
"Sogou.com","Web","10897","2440","8457"
"Alibaba.com","Web","43082158","1450058","41632100"
"Zynga.com","Gaming","48476107","14672964","33803143"
"Limelight Networks CDN","Web","257466538","8189441","249277097"
"ISO Base Media File Format","Real Time Audio/Video","16705466","339632","16365834"
"KIK Messenger","Internet Instant Messaging","167324","31838","135486"
"WeChat","Internet Instant Messaging","460545155","154327036","306218119"
"MEGA","Peer to Peer","2048","1284","764"
"FC2.com","Social Networking","125384","70006","55378"
"Chinatimes.com","Web","116842","10689","106153"
"Duowan.com","Gaming","7806","2272","5534"
"QQ Games","Gaming","1394247","1013084","381163"
"QQ News","Web","12854294","1300534","11553760"
"Tencent.com","Internet Instant Messaging","29225","18723","10502"
"Pornhub","Web","1248618","428552","820066"
"Nokia Here API","Web","1699118","199757","1499361"
"MeetMe.com","Social Networking","28612","2262","26350"
"SoftBank.com","Web","13318","3070","10248"
"Speedtest","File Sharing","118918301","38533579","80384722"
"BuzzFeed.com","Web","98119","1965","96154"
"Internet Movie Database","Web","32948975","819655","32129320"
"Imgur.com","Storage and Backup","26837550","559398","26278152"
"ImageShack","File Sharing","49748","1333","48415"
"xHamster.com","Web","26759","5706","21053"
"Evernote","Web","1256395","560451","695944"
"JingDong","Web","219639","1562","218077"
"WebSocket","Network Service","3374756","212421","3162335"
"Bet365.com","Web","161677","25384","136293"
"Issuu.com","Web","290580","20116","270464"
"LastPass.com","Web","35641","7949","27692"
"touch","Internet Instant Messaging","12498","4018","8480"
"Bitcoin client","Peer to Peer","1996","1108","888"
"BBC","Web","12046429","659035","11387394"
"AVG.com","Web","1330102","11289","1318813"
"Softonic.com","Web","88052","5873","82179"
"Kooora.com","Web","3399046","1043249","2355797"
"ESPNCricinfo.com","Web","11653527","565360","11088167"
"Goal.com","Web","24392","7417","16975"
"Apple HTTP Live Streaming","Real Time Audio/Video","1121213","52945","1068268"
"Dantri.com.vn","Web","688504","26491","662013"
"Echoroukonline.com","Web","248441","26916","221525"
"Ekantipur.com","Web","1182733","75060","1107673"
"Hurriyet.com.tr","Web","5653","1960","3693"
"Indiatimes","Web","1041473","119122","922351"
"Internet Small Computer Systems Interface","Network Service","1512","828","684"
"Seznam.cz","Web","134338","8838","125500"
"Hotspot Shield","Tunneling and VPN","510776","177302","333474"
"Rt.com","Web","586056","73085","512971"
"Wp.pl","Web","59155","14057","45098"
"Flipkart.com","Web","1930987","391643","1539344"
"Skroutz.gr","Web","40776","2604","38172"
"VnExpress.net","Web","172309","20131","152178"
"News","Web","335900","18837","317063"
"Aol","Web","1562917","240159","1322758"
"Gameloft Games","Gaming","808341","220504","587837"
"Tapatalk","Web","3436","1732","1704"
"Yadro","Web","140894","69374","71520"
"Candy Crush Saga","Gaming","11585874","3747423","7838451"
"King Digital Entertainment","Gaming","1802363","612068","1190295"
"Waze Social GPS Maps & Traffic","Web","6449003","718433","5730570"
"Symantec","Web","14067982","763845","13304137"
"OpenStreetMap","Infrastructure","4048730","89466","3959264"
"Videoplaza","Web","99283","14657","84626"
"Brightcove","Media","40665282","918700","39746582"
"Twitch","Media","60953808","3736937","57216871"
"BoldChat Live Chat","Internet Instant Messaging","3682099","1300727","2381372"
"Apsalar","Business Application","24764","5092","19672"
"Gravatar","Business Collaboration","1269441","220266","1049175"
"FreeWheel","Web","474335","113222","361113"
"Nielsen","Web","2399076","584726","1814350"
"zalo","Internet Instant Messaging","34421","9482","24939"
"Hihi2","Web","2241233","90859","2150374"
"JAVA-RMI","Network Service","5078","3308","1770"
"Setopati","Web","57609495","812233","56797262"
"Gettyimages","Web","8389432","317925","8071507"
"Flipboard","Web","42826","6156","36670"
"quic","Network Service","7484808","2690503","4794305"
"CPMSTAR","Web","196411","35975","160436"
"AOL One","Web","1806006","63151","1742855"
"Realestate","Web","162807","26179","136628"
"Constant Contact","Web","784638","36703","747935"
"GitHub","Web","16481533","1102083","15379450"
"Atlassian","Web","13967","2380","11587"
"Internet.org","Web","63047","16943","46104"
"Advertising.com","Web","1636758","411306","1225452"
"My.com","Web","2334559","503058","1831501"
"Bizographics","Web","9427","2333","7094"
"Helpshift","Web","244933","57926","187007"
"Gmanetwork","Web","1906691","42590","1864101"
"CBS Video","Web","1878509","133393","1745116"
"Fastly","Web","1826684","116357","1710327"
"Disney Channel","Web","3063491","87663","2975828"
"UpLynk","Web","214612","45173","169439"
"NBC","Web","142651","7746","134905"
"Perform","Web","6608130","95470","6512660"
"Periscope","Media","59137130","1111023","58026107"
"Olark","Web","2792818","142638","2650180"
"Mapbox","Web","2864967","122899","2742068"
"SDE","Web","38091","2135","35956"
"Google Code","Web","6939","2326","4613"
"Debian","Web","16172","3912","12260"
"Rollout","Web","2594250","397906","2196344"
"Microsoft Excel Online (Office 365)","Web","45861429","11723310","34138119"
"Signal","Web","1118096","79452","1038644"
"LiveChat","Web","1412315","90440","1321875"
"Riffsy (Tenor.co)","Web","2524981","527990","1996991"
"Tune","Web","150339","44682","105657"
"Braintree","Web","559455","110878","448577"
"LKQD","Web","699005","179865","519140"
"Lookout Mobile Security","Business Application","60370","10299","50071"
"Bleacher Report","Web","159159","3097","156062"
"Google Web Light","Web","8522","594","7928"
"funCaptcha","Web","31443","5845","25598"
"MobFox","Web","56656","10336","46320"
"Yandex Fotki (Yandex Photos)","Web","324727","8317","316410"
"Baidu Maps","Web","13078","1595","11483"
"QQVideo","Web","120423934","2166854","118257080"
"ICY (I Can Yell)","Media","170395","10576","159819"
"Ethernet/IP","Network Service","46766","32796","13970"
"Younow","Web","39903764","18308187","21595577"
"Conversant","Web","5099168","1738908","3360260"
"Bazaarvoice","Web","12077221","931156","11146065"
"MQ Telemetry Transport","Network Service","3083","1627","1456"
"Clicktale","Web","12522101","7422132","5099969"
"Adk2","Web","99660","8801","90859"
"Pokemon GO","Gaming","40675219","3392919","37282300"
"CDNetworks","Infrastructure","2806","639","2167"
"Weborama","Web","180351","34857","145494"
"Constrained Application Protocol","Network Service","2445","1674","771"
"Ratopati","Web","222668","50033","172635"
"Highwinds","Web","22082876","256537","21826339"
"Innovid","Web","48867776","1248188","47619588"
"StackExchange","Web","2443711","81605","2362106"
"StackOverflow","Web","3558535","300247","3258288"
"Wix","Web","122335663","35453671","86881992"
"GIPHY","Web","461294477","9808404","451486073"
"Qatarairways","Web","13119690","1329826","11789864"
"Shutterstock","Web","1019066","76811","942255"
"Ubuntu","Web","474781","11356","463425"
"Heroku","Web","1173338","242019","931319"
"Clash of Clans","Gaming","14234356","1155559","13078797"
"Supercell","Gaming","464266","152993","311273"
"Amazon Music","Media","14379645","2506815","11872830"
"Microsoft Word Online (Office 365)","Business Collaboration","55298764","8183187","47115577"
"Microsoft Powerpoint Online (Office 365)","Business Collaboration","7901740","195987","7705753"
"OPC Unified Architecture","Web","1568","902","666"
"Signal Private Messenger (Open Whisper Systems)","Internet Instant Messaging","3289366","1374167","1915199"
"StreamRail","Media","917087","39911","877176"
"Vidyard","Web","12470396","247969","12222427"
"Nintendo","Gaming","479045","171442","307603"
"Daraz","Web","1946466","63379","1883087"
"ADventori","Web","105867","23723","82144"
"Audible","Real Time Audio/Video","614350","366048","248302"
"En Son Haber","Web","1886631","37919","1848712"
"HK Observatory","Web","95107","14151","80956"
"Google Classroom","Web","508395","114376","394019"
"Samsung Update","Web","3501564268","90631115","3410933153"
"Rocket League","Gaming","63274","13413","49861"
"Yandex Disk","Web","645078","41543","603535"
"Amazon Chime","Business Collaboration","16612550","3252672","13359878"
"AnyDesk","Remote Desktop","647129","263523","383606"
"Livescore","Web","659679","36993","622686"
"MaxCDN","Web","185032","32026","153006"
"Booking.com","Web","101530184","5179956","96350228"
"Daily Pakistan","Web","473212","17677","455535"
"Yandex Music","Real Time Audio/Video","6494109","654295","5839814"
"Avast","Web","15255843","2472334","12783509"
"DocuSign","Web","22936691","1179903","21756788"
"Automatic Data Processing (ADP)","Web","26624334","1927236","24697098"
"Autodesk Fusion 360","Tunneling and VPN","58719","9491","49228"
"Sonobi","Web","4397307","1569944","2827363"
"Cloudinary","Web","61784438","1622119","60162319"
"Optus","Web","851686","45689","805997"
"Mongodb Protocol","Business Application","1720","1100","620"
"Kahoot!","Web","9510","941","8569"
"Sportradar","Web","5199266","275680","4923586"
"Pornhub NETWORK","Web","115884","25535","90349"
"Niantic, Inc","Web","1242955","52279","1190676"
"Meitu","Web","758008","18635","739373"
"Snow","Internet Instant Messaging","4429955","81646","4348309"
"Clash Royale","Gaming","1921940","872298","1049642"
"Canvas Student","Web","2856204","89149","2767055"
"Instructure","Web","329038","22167","306871"
"United Internet","Web","76435","15213","61222"
"Workplace By Facebook","Social Networking","677614","432311","245303"
"shopee.tw","Web","36623","2115","34508"
"Electronic Arts","Web","1741647","272950","1468697"
"Apache Thrift","Network Service","100286","87606","12680"
"Digioh","Web","182863","10179","172684"
"Apptimize","Web","18895","6176","12719"
"x_vpn","Tunneling and VPN","790349","64939","725410"
"Mediascope","Web","53503","12448","41055"
"Data Saver","Web","226646652","3214899","223431753"
"Adtelligent","Web","7653596","3164805","4488791"
"Symantec Endpoint Protection","Web","137212","96266","40946"
"Youtube Music","Media","9933898","1153723","8780175"
"Appnext","Web","295721","49779","245942"
"Oracle Entreprise Manager","Business Application","5744","2229","3515"
"Splunk Cloud","Storage and Backup","64995","25391","39604"
"Fox Networks","Web","287104","9455","277649"
"9GAG","File Sharing","59056989","1476583","57580406"
"Text Me","Internet Instant Messaging","6843294","2974402","3868892"
"AnchorFree","Tunneling and VPN","103540","42372","61168"
"Epic_games","Gaming","4083845938","123056923","3960789015"
"Unreal_engine","Gaming","102171389","36353818","65817571"
"Voxer","Internet Instant Messaging","22493","8362","14131"
"Disqus","Web","13215336","1045808","12169528"
"IBM","Web","22515","5297","17218"
"TunnelBear VPN","Tunneling and VPN","1692597","84314","1608283"
"Ubisoft","Gaming","2788196","173998","2614198"
"Microsoft AD Right Management Service","Business Application","128050","48069","79981"
"RingCentral","Business Collaboration","32780","4697","28083"
"Google News","Web","154568","35004","119564"
"PlayerUnknown's BattleGrounds","Gaming","61001642","3350469","57651173"
"Visual IQ","Web","287515","69749","217766"
"Alibaba Group","Web","292796","61554","231242"
"CyberGhost","Tunneling and VPN","5834","1638","4196"
"League of Legends","Gaming","32618","7563","25055"
"ExpressVPN","Tunneling and VPN","5321","1116","4205"
"Easy Anti-Cheat","Web","7282","1150","6132"
"TechRadar","Web","791515","20672","770843"
"Future_plc","Web","3625205","300452","3324753"
"Monday.com","Web","4333525","1452527","2880998"
"Wish","Web","5197820","728736","4469084"
"Google Play Books","Web","174502","10347","164155"
"DICOM","Network Service","1536","894","642"
"ProtonMail","Email","192161","29513","162648"
"Prezi","Web","459267","11601","447666"
"Fandom","Web","4260528","271567","3988961"
"Google GSuite","Web","12141393","3051098","9090295"
"W3Schools","Web","587564","14791","572773"
"Codepen","Web","4013","910","3103"
"OpenSignal","Web","2693571","94023","2599548"
"Megaphone","Web","134335772","2022716","132313056"
"UDP Data Transfer protocol","File Sharing","436324","10288","426036"
"Moodle","Social Networking","104678186","1855800","102822386"
"Gaana","Real Time Audio/Video","1166858","77822","1089036"
"Unknown virtual protocol","Unclassified","78695","13467","65228"
"Unknown virtual protocol","Unclassified","9807725","203732","9603993"
"Unknown virtual protocol","Unclassified","1258840","47694","1211146"
"NetEase","Web","8370827","151484","8219343"
"Unknown virtual protocol","Unclassified","16437511","12563903","3873608"
"Unknown virtual protocol","Unclassified","19205844","462432","18743412"
"Discovery Inc","Real Time Audio/Video","3676","796","2880"
"National Public Radio","Web","20462499","385798","20076701"
"Firework","Internet Instant Messaging","87387","11934","75453"
"JWPLAYER","Web","249963658","4388901","245574757"
"Bigo","Web","124130450","4438814","119691636"
"Google Stadia","Web","24295","4762","19533"
"BAMTech","Real Time Audio/Video","3149859","1519877","1629982"
"Disney Plus","Real Time Audio/Video","872616565","19180554","853436011"
"Tuchong","Web","3449251","2065407","1383844"
"Airbnb","Web","21844566","15057633","6786933"
"Wangwang","Internet Instant Messaging","246364","104903","141461"
"Workday","Business Application","31449464","2457069","28992395"
"Service Now","Web","1940292","128566","1811726"
"StackPath","Web","149770","12785","136985"
"Ximalaya","Real Time Audio/Video","23910145","370935","23539210"
"DoorDash","Web","80382171","7753867","72628304"
"Houseparty","Real Time Audio/Video","144787","22522","122265"
"Roblox","Gaming","177057324","9616390","167440934"
"Likee","Internet Instant Messaging","63127978","6255412","56872566"
"Acronis Backup","File Sharing","670836","52137","618699"
"Citrix","Web","1594816","152130","1442686"
"Microsoft Dynamics","Business Application","5234692","2159267","3075425"
"Pluto TV","Real Time Audio/Video","440156","27374","412782"
"Tubi TV","Real Time Audio/Video","26220","5176","21044"
"Hiido - Haidu Cloud","Web","11040","7572","3468"
"Demandbase","Web","271800","14567","257233"
"KOCHAVA","Web","1648295","467503","1180792"
"ToTok Messenger","Internet Instant Messaging","80936","24411","56525"
"Spotify Audio","Real Time Audio/Video","953293809","9619580","943674229"
"Yubo","Internet Instant Messaging","10023","2514","7509"
"Connatix","Real Time Audio/Video","11501362","888823","10612539"
"Minute Media","Web","633206","17088","616118"
"UserReport","Web","225475","34788","190687"
"Pendo","Web","9863032","2398273","7464759"
"Coursera","Web","2363661","109005","2254656"
"The Blaze","Web","1093837","24292","1069545"
"Hotels.com","Web","2332097","772757","1559340"
"NHL.com","Web","93700","14820","78880"
"Official Major League Baseball","Web","32316","14414","17902"
"Priceline.com","Web","17195106","3904364","13290742"
"Rotten Tomattoes","Web","543464","25209","518255"
"BambooHR","Web","5772036","97758","5674278"
"The Free Dictionary","Web","138981","14091","124890"
"Nvidia","Web","59508","1275","58233"
"Geforce Now","Gaming","170301","40844","129457"
"Call of Duty Mobile","Gaming","75541995","34908772","40633223"
"The Walt Disney Company","Web","449280","33486","415794"
"Indiegogo","Web","1088013","35349","1052664"
"Kayak","Web","20615","7009","13606"
"Eventbrite","Web","1909144","84367","1824777"
"G-Core Labs","Web","8607","2501","6106"
"Bilibili","Web","4865","1009","3856"
"Datadog","Web","512033","396764","115269"
"Unknown virtual protocol","Unclassified","7993","1139","6854"
