"Application","Category","Total Bytes","Bytes Received","Bytes Sent"
"Domain Name Service","Network Service","1814112435","879501433","934611002"
"Google Mail","Email","1670382808","240666265","1429716543"
"Google Search","Web","891999490","136835429","755164061"
"Google Maps","Web","93301212","8358016","84943196"
"HyperText Transfer Protocol","Web","2351499190","166588550","2184910640"
"HyperText Transfer Protocol Secure","Web","16721842206","4560414710","12161427496"
"Internet Control Message Protocol","Network Service","4260121110","2554786085","1705335025"
"Internet Message Access Protocol version 4","Email","113147240","40148870","72998370"
"Internet Protocol","Network Service","0","0","0"
"Network Time Protocol","Network Service","1754997","1026228","728769"
"Skype and Teams","Business Collaboration","71652154","29172943","42479211"
"Simple Object Access Protocol","Network Service","1534520979","698574441","835946538"
"Secure Socket Layer","Tunneling and VPN","32813734562","9240594434","23573140128"
"Transmission Control Protocol","Other TCP/UDP","3102611430","830901100","2271710330"
"User Datagram Protocol","Other TCP/UDP","114144723499","18922912207","95221811292"
"Youtube.com","Media","13049842548","587498587","12462343961"
"Facebook","Social Networking","51099008170","2437083292","48661924878"
"Google Ads","Web","1027676752","175390690","852286062"
"Windows Live Hotmail","Email","221706243","42015161","179691082"
"Expedia.fr","Web","5670045","2671335","2998710"
"Apple Generic Services","Web","20468096036","463121137","20004974899"
"Online Certificate Status Protocol","Business Application","13023144","5159101","7864043"
"Twitter","Social Networking","2710629154","87761655","2622867499"
"iTunes","Media","1391364580","100685673","1290678907"
"Spotify","Media","2317136012","101007373","2216128639"
"TeamViewer","Remote Desktop","134158440","81621477","52536963"
"Bing.com (formerly MSN Search)","Web","122189407","19329968","102859439"
"Windows Update","Web","7762292460","656566764","7105725696"
"Chrome Update","Web","235791825","16797890","218993935"
"icecast","Media","3488324","92734","3395590"
"Google Analytics,Google Marketing Platform","Web","183321644","50736160","132585484"
"Google GStatic","Web","2816492147","188097019","2628395128"
"Google Generic","Web","1430048865","285698847","1144350018"
"Amazon Generic Services","Web","11396229707","6013355238","5382874469"
"WhatsApp Messenger","Internet Instant Messaging","35988799022","16200303565","19788495457"
"Apple App Store","Web","8873653021","253535717","8620117304"
"Windows Marketplace","Web","3123357620","262136801","2861220819"
"Apple Push Notification Service","Web","391994510","263114291","128880219"
"iOS over-the-air (OTA) update","Web","2136698187","46874214","2089823973"
"Samsung Apps","Web","615582032","26468345","589113687"
"Google Play Store","Media","4134103781","198920164","3935183617"
"iCloud (Apple)","Storage and Backup","18242267332","7684376214","10557891118"
"Instagram","Web","58536508732","1976088790","56560419942"
"Amazon Web Services/Cloudfront CDN","Infrastructure","19085307462","11372128379","7713179083"
"Yahoo.com","Web","421068392","48302125","372766267"
"CloudFlare CDN","Infrastructure","7660629688","683831401","6976798287"
"Microsoft Office 365","Business Collaboration","2177191760","130290420","2046901340"
"Pinterest","Web","456025449","19068715","436956734"
"Microsoft Outlook (Office 365)","Business Application","937889226","197213322","740675904"
"Reddit.com","Web","442474340","11951703","430522637"
"Apple SIRI","Web","60761425","34958915","25802510"
"Google Documents (aka Google Drive)","Storage and Backup","468793044","106398433","362394611"
"Google Accounts","Web","188452172","44220225","144231947"
"Amazon Ad System","Web","76353865","19250456","57103409"
"Snapchat","Social Networking","10944717133","469553272","10475163861"
"Adobe","Business Application","266123014","34256777","231866237"
"Google Safe Browsing","Web","84499270","19325177","65174093"
"Inneractive","Web","112816401","72739440","40076961"
"Samsung","Web","271497299","41757950","229739349"
"Crashlytics","Web","17443137","3165449","14277688"
"BoldChat Live Chat","Internet Instant Messaging","835637","221153","614484"
"Facebook Messenger","Internet Instant Messaging","1049773767","525052655","524721112"
"InMobi","Web","57559135","27629656","29929479"
"AppsFlyer","Business Application","63441220","15515047","47926173"
"Xiaomi","Web","8669547","1715242","6954305"
"Mixpanel","Web","33488563","26113420","7375143"
"Google Cloud Messaging","Web","157673544","57327827","100345717"
"Apple Location","Web","2964190659","177445883","2786744776"
"AppNexus","Web","88359896","44112718","44247178"
"HyperText Transfer Protocol version 2","Web","4933014746","584427734","4348587012"
"Google Tag Manager","Web","180444057","10235664","170208393"
"Facebook Embedded Video","Media","11004992005","126385869","10878606136"
"Ad Safe Protected","Web","42665872","6363823","36302049"
"Adjust.com","Web","20290322","8748505","11541817"
"Applovin","Web","651558961","189714047","461844914"
"Android connectivity Manager","Network Service","11391369","5933549","5457820"
"Moat","Web","43647856","11931986","31715870"
"Heap","Web","168916549","81015564","87900985"
"Branch Metrics","Web","68694824","16540754","52154070"
"Optimizely","Web","105137690","36907078","68230612"
"Smaato","Web","14312655","5745456","8567199"
"Verizon","Web","29793901","18916340","10877561"
"Everest Technologies","Web","7032018","2330082","4701936"
"Microsoft","Web","4032978807","626176440","3406802367"
"New Relic","Web","1719250192","1101864209","617385983"
"Uber (formerly UberCab)","Web","2149939780","1540092800","609846980"
"Younow","Web","85384526","37611224","47773302"
"ZoomMeetings","Business Collaboration","1215090095","501849474","713240621"
"HyperText Transfer Protocol proxy","Network Service","417713","200268","217445"
"Firebase Cloud Messaging","Web","218114078","79594266","138519812"
"ULP","Network Service","7031400","404158","6627242"
"Amplitude","Web","379318446","290053676","89264770"
"T-Mobile","Web","1110704","489523","621181"
"Google Cloud Platform","Web","18831519","7070671","11760848"
"Microsoft teams","Internet Instant Messaging","1726878791","775891388","950987403"
"IronSource","Business Application","113382123","8090253","105291870"
"ByteDance","Web","512604754","242858304","269746450"
"TikTok (Musical.ly)","Social Networking","70027708405","3377260010","66650448395"
"Discord","Internet Instant Messaging","83675101","2460769","81214332"
"Apple News","Web","217376307","9092076","208284231"
"Google APIs","Web","5282209170","3131077667","2151131503"
"Amazon Cognito","Web","23390467","7382839","16007628"
"Unknown virtual protocol","Unclassified","169756208","43247230","126508978"
"Google Messages","Internet Instant Messaging","20159167","9229349","10929818"
"Uber Eats","Web","3342813","510267","2832546"
"DoorDash","Web","497755148","268266616","229488532"
"Digicert","Web","28232175","2248364","25983811"
"Intercom","Web","248423432","98991130","149432302"
"SD-WAN Control","SD-WAN","25143392442","13602525516","11540866926"
"SD-WAN Management","SD-WAN","352551159","170881183","181669976"
"TencentMeeting","Business Collaboration","131554578","32852649","98701929"
"GPRS Tunneling Protocol","Tunneling and VPN","7741683881","3491576412","4250107469"
"Internet Message Access Protocol Secure","Email","11086189","1561742","9524447"
"Internet Security Association and Key Management Protocol","Tunneling and VPN","441076503","39898182","401178321"
"XMPP Protocol (Jabber)","Business Collaboration","5427691","1135827","4291864"
"QQ","Internet Instant Messaging","2890742","1233705","1657037"
"Real Time Protocol","Business Collaboration","1993199100","995968999","997230101"
"Session Traversal Utilities for NAT","Business Collaboration","10111353","7299205","2812148"
"Wikipedia.com","Web","7964514","330411","7634103"
"Yahoo Mail v.2.0","Email","70923446","10763905","60159541"
"LinkedIn","Social Networking","82426699","5881190","76545509"
"Deezer","Web","1671430333","30135589","1641294744"
"Badoo.com","Internet Instant Messaging","10313737","462145","9851592"
"Baidu.com","Web","124887029","24549339","100337690"
"Viber","Real Time Audio/Video","174096713","149512433","24584280"
"Netflix.com","Media","15136742177","305798116","14830944061"
"Salesforce","Business Application","7208879","2098085","5110794"
"Portal.TidalTV.com","Web","596174","139442","456732"
"YouKu","Media","991959","845564","146395"
"Adobe Acrobat DC (Document Cloud)","Web","9441","2496","6945"
"Weather.com","Web","75053034","57129670","17923364"
"Taobao","Web","26769841","19877713","6892128"
"Google App Engine","Business Application","1304900","208511","1096389"
"GMX webmail","Email","165598","16345","149253"
"Apple FaceTime","Real Time Audio/Video","5984462300","3104087368","2880374932"
"360.cn","Web","711970","167804","544166"
"Alibaba.com","Web","5648858","746748","4902110"
"Akamai Technologies CDN","Web","1130035624","28084641","1101950983"
"Microsoft Azure (previously Windows Azure)","Infrastructure","20957795","3063782","17894013"
"WeChat","Internet Instant Messaging","1237834689","225945482","1011889207"
"Tencent.com","Internet Instant Messaging","302291","65222","237069"
"Zoho Corporation","Business Application","36952603","19472444","17480159"
"Imgur.com","Storage and Backup","25385936","343364","25042572"
"Apple Maps","Web","650149","62671","587478"
"AddThis","Web","5723433","448103","5275330"
"Turn","Web","2161841","557462","1604379"
"ScorecardResearch","Web","18191759","3521352","14670407"
"Quantcast","Web","9086616","1543054","7543562"
"Telegram","Internet Instant Messaging","2777491827","77451793","2700040034"
"Symantec","Web","6595171","583096","6012075"
"Oracle","Web","2763546","712066","2051480"
"Bitstrips","Social Networking","163739468","7713069","156026399"
"TRUSTe","Web","5653671","853787","4799884"
"Criteo","Web","47635451","8966711","38668740"
"Gravatar","Business Collaboration","996014","168088","827926"
"Smart AdServer","Web","28205644","7955357","20250287"
"Google Cloud Storage","Web","6852899457","6012998945","839900512"
"Google Calendar","Web","20758924","5829406","14929518"
"I2P Invisible Internet Project","Tunneling and VPN","362896","84676","278220"
"OpenX","Web","5416960","1555531","3861429"
"PubMatic","Web","36783623","16115066","20668557"
"Index Exchange (previously Casale Media)","Web","17310206","6040237","11269969"
"LOTAME","Web","4131450","759098","3372352"
"Rubicon Project","Web","45985975","17391433","28594542"
"CPMSTAR","Web","12687","2042","10645"
"Sizmek (previously MediaMind)","Web","8741082","150564","8590518"
"Rlcdn","Web","3650190","697557","2952633"
"Advertising.com","Web","1940628","633143","1307485"
"Scotiabank","Web","21084643","9109724","11974919"
"Apple Music","Media","2938476505","33105990","2905370515"
"Outbrain","Web","29957656","5389226","24568430"
"Unruly","Web","1014854","359983","654871"
"Rogers TV","Web","18735296","1005930","17729366"
"UpLynk","Web","307347","85139","222208"
"MoPub","Web","2093108","1397487","695621"
"Krux","Web","7063763","1329332","5734431"
"Liveperson","Web","9553358","577641","8975717"
"Taboola","Web","103192414","9625328","93567086"
"Microsoft Excel Online (Office 365)","Web","166303813","69960774","96343039"
"Rackspace","Web","1782560596","199711607","1582848989"
"MediaMath","Web","2782509","1048195","1734314"
"LKQD","Web","1107656","520750","586906"
"jQuery","Web","8950935","525949","8424986"
"TubeMogul","Web","303439","75686","227753"
"SpotXchange","Web","1569928","643088","926840"
"Microsoft OneDrive","Web","638138988","474551898","163587090"
"Google Photos (formerly Google Picasa)","Web","171243242","161745800","9497442"
"Liftoff","Web","3065431","1208996","1856435"
"Conversant","Web","2153375","726643","1426732"
"Teads","Web","8452681","1645790","6806891"
"Adform","Web","6220145","1465256","4754889"
"hotjar","Web","62156233","3031495","59124738"
"IMO Video Calling Application","Media","405924305","202438125","203486180"
"Bidswitch","Web","9177627","3840872","5336755"
"Tidal","Media","3655818301","31271185","3624547116"
"Apple Game Center","Gaming","36440089","28888668","7551421"
"Nintendo","Gaming","28231061694","729157444","27501904250"
"ADventori","Web","33674","8234","25440"
"Tealium","Web","4574692","542483","4032209"
"Flashtalking","Web","10961407","1728146","9233261"
"Sharethrough","Web","16784219","5787347","10996872"
"AdColony","Web","12881966","3433608","9448358"
"Yieldmo","Web","4776538","1014230","3762308"
"Huawei","Web","3296868","1649440","1647428"
"MGID","Web","10609226","329827","10279399"
"DoubleVerify","Web","34766561","6859144","27907417"
"Okta","Web","98740544","29923156","68817388"
"PulsePoint","Web","3083696","1029449","2054247"
"eXelate","Web","937386","258499","678887"
"Sonobi","Web","3820785","1517815","2302970"
"Cloudinary","Web","35034352","1600432","33433920"
"Electronic Arts","Web","565667","123762","441905"
"UC Browser","Web","1777055","1119652","657403"
"Tenor","Web","89982028","3960576","86021452"
"Cisco","Web","2114655","492130","1622525"
"Simpli.fi","Web","1428576","289288","1139288"
"Alibaba Group","Web","2503232","451455","2051777"
"Vungle","Web","223073731","9175687","213898044"
"Unknown virtual protocol","Unclassified","570422385","16133708","554288677"
"Unknown virtual protocol","Unclassified","156875618","17861670","139013948"
"Unknown virtual protocol","Unclassified","259104","80931","178173"
"Unknown virtual protocol","Unclassified","5265958","4031584","1234374"
"Google Pay","Web","11266331","2802440","8463891"
"Bumble","Web","19338703","1641153","17697550"
"Wireguard","Tunneling and VPN","1816649980","73902036","1742747944"
"Bigo","Web","17572341","886176","16686165"
"Wangwang","Internet Instant Messaging","945707","530934","414773"
"Likee","Internet Instant Messaging","9604979","2693617","6911362"
"Sift Science","Web","1781864","623382","1158482"
"Spotify Audio","Real Time Audio/Video","4771424828","50303461","4721121367"
"UserReport","Web","800138","256953","543185"
"Contentful","Web","254607541","8575003","246032538"
"Font Awesome","Web","6695176","741186","5953990"
"BitTorrent","Peer to Peer","90454","2140","88314"
"Dailymotion.com","Media","1578655641","19777669","1558877972"
"eBay.com","Web","39641834","4055778","35586056"
"File Transfer Protocol","File Sharing","8790","5252","3538"
"IPsec (AH and ESP)","Tunneling and VPN","24843","11444","13399"
"HP Printer Job Language","Business Application","3753","685","3068"
"Kerberos","Authentication","1501","607","894"
"McAfee Client update","Business Application","5881702","1694738","4186964"
"Secure POP3","Email","168785","29088","139697"
"Real Time Control Protocol","Business Collaboration","8708915","3342301","5366614"
"SAP","Business Application","13488","1335","12153"
"Session Initiation Protocol","Business Application","710768","386627","324141"
"Simple Mail Transfer Protocol","Email","729232","688926","40306"
"Simple Mail Transfer Protocol Secure","Email","9509","3901","5608"
"SOCKet Secure v5","Tunneling and VPN","7974","3670","4304"
"Yahoo Search","Web","1518254","117902","1400352"
"Secure AIM","Internet Instant Messaging","340882","52209","288673"
"Travelocity.com","Web","43003","7604","35399"
"Realtor.com","Web","1221026","46404","1174622"
"WordPress.com","Social Networking","17537701","690052","16847649"
"Flickr","Social Networking","329941","24656","305285"
"Mail.ru Webmail","Email","5389910","1001083","4388827"
"Real Time Messaging Protocol","Network Service","1242","507","735"
"Steampowered.com","Gaming","7466064","334675","7131389"
"Xbox Live","Gaming","20602","2089","18513"
"DeviantArt.com","Web","13416","1816","11600"
"Foursquare.com","Web","2510068","91436","2418632"
"Last.fm","Media","188198","8063","180135"
"Meetup","Web","2939498","910643","2028855"
"Odnoklassniki.ru","Social Networking","160275","6612","153663"
"Tumblr","Social Networking","8069030","318393","7750637"
"Vk.com (Vkontakte)","Social Networking","3225213","115809","3109404"
"Vox.com","Web","7646","954","6692"
"Yammer.com","Business Application","24922","2123","22799"
"Yelp.com","Web","39808350","1087742","38720608"
"Yandex.ru","Web","138785814","121565832","17219982"
"Adobe Flash Plugin Update","Web","19118","2585","16533"
"Firefox Update","Web","170779709","3371380","167408329"
"Apple Update","Web","3487807","305553","3182254"
"Archive.org","Web","80555115","1212162","79342953"
"Opera Update","Web","901719","256018","645701"
"BitDefender Update","Web","17271","6997","10274"
"Tango Video Calls","Real Time Audio/Video","8871","1591","7280"
"Microsoft SharePoint","Business Application","1916800","107412","1809388"
"Dropbox","Storage and Backup","2361809556","80296569","2281512987"
"Google Translate","Web","4842342","797903","4044439"
"iHeartRADIO","Media","117143","9556","107587"
"Psiphon","Web","613850","365716","248134"
"QQMusic","Peer to Peer","846","218","628"
"SiriusXm.com","Media","37918810","4446718","33472092"
"Bloomberg.com","Web","6195","1002","5193"
"ABCNews","Web","1556652","38160","1518492"
"AccuWeather","Web","2355608","272568","2083040"
"AmericanExpress","Web","322589","74234","248355"
"ATT.com (AT&T)","Web","5038796","1022603","4016193"
"Blogger","Web","1404596","102323","1302273"
"Capital One","Web","3716050","244809","3471241"
"CNN (Cable News Network)","Web","41196851","1969843","39227008"
"Comcast","Web","675847","117423","558424"
"Daily Mail","Web","249659","39861","209798"
"Daum.net","Web","4207012","572144","3634868"
"Groupon","Web","79727","11366","68361"
"HowStuffWorks.com","Web","5787","1803","3984"
"Kaspersky.com","Web","21268","10339","10929"
"Mozilla.com - Mozilla.org","Web","15902682","1133585","14769097"
"Naver Corporation (formerly NHN Corporation)","Web","29823926","4276259","25547667"
"NBA.com","Web","617234","50294","566940"
"Nike.com","Web","28293","7786","20507"
"NYTimes.com","Web","3742296","206616","3535680"
"Reverso.net","Web","33410","5973","27437"
"Sky","Web","27882","1796","26086"
"Spiegel.de","Web","170331","6526","163805"
"Sprint.com","Web","3897563","63192","3834371"
"SurveyMonkey.com","Web","67549","8649","58900"
"TorrentDownloads.net","File Sharing","117829","34737","83092"
"Vimeo","Web","2046198358","32176410","2014021948"
"Xbox","Gaming","7690","999","6691"
"XNXX","Web","539675","140188","399487"
"Xvideos.com","Media","36667","7495","29172"
"Youdao.com","Web","35776","14800","20976"
"Sina.com.cn","Internet Instant Messaging","12541049","271447","12269602"
"Sina Weibo","Web","79688657","898941","78789716"
"QQ WeiBo","Web","198708","23486","175222"
"Line","Internet Instant Messaging","12277289","3445435","8831854"
"Shazam","Web","1655079","105704","1549375"
"SoundCloud","Media","701370654","20544730","680825924"
"KakaoTalk","Internet Instant Messaging","35893549","23898804","11994745"
"Amazon Prime Video","Media","4314267749","121324731","4192943018"
"QQ.com","Web","22949522","4738973","18210549"
"163.com","Web","3285072","887997","2397075"
"Sohu.com","Web","1058978","93482","965496"
"Ifeng.com","Web","264050","232725","31325"
"Alipay","Web","57368","33961","23407"
"Sogou.com","Web","16398","9500","6898"
"Zynga.com","Gaming","11427541","6443158","4984383"
"Limelight Networks CDN","Web","2779976569","56473718","2723502851"
"Datagram Transport Layer Security","Tunneling and VPN","91508103","2165315","89342788"
"ISO Base Media File Format","Real Time Audio/Video","199528970","3517979","196010991"
"KIK Messenger","Internet Instant Messaging","34543","15260","19283"
"MiTalk Messenger (Miliao)","Internet Instant Messaging","265264","46865","218399"
"Rakuten.co.jp","Web","327555","59980","267575"
"Hatena.ne.jp","Social Networking","137584","14843","122741"
"Sakura.ne.jp","Web","8360","468","7892"
"GREE Games","Gaming","1361287","27459","1333828"
"China-airlines.com","Web","678155","144316","533839"
"Ctrip.com","Web","10534887","272073","10262814"
"Mail189.cn","Email","1622","941","681"
"QQ News","Web","4456187","19527","4436660"
"Udn.com","Web","18571","4962","13609"
"Pornhub","Web","123962","79154","44808"
"Google Talk (incl. Hangouts and Allo and Duo)","Real Time Audio/Video","322923257","166879436","156043821"
"Nokia Here API","Web","3256761","224646","3032115"
"MeetMe.com","Social Networking","1499554","131067","1368487"
"Microsoft SharePoint Online (Office 365)","Business Application","229404686","152307065","77097621"
"SoftBank.com","Web","131643","22595","109048"
"Speedtest","File Sharing","17325","11829","5496"
"ESPN.go.com","Web","1529434948","27959255","1501475693"
"Internet Movie Database","Web","4144932","54838","4090094"
"ThePirateBay.se","Web","194432","29878","164554"
"JingDong","Web","994485","41226","953259"
"WebSocket","Network Service","9928","4232","5696"
"Bet365.com","Web","825878","86474","739404"
"ITV Player","Real Time Audio/Video","991869","33038","958831"
"Paypal.com","Web","9341043","1423437","7917606"
"Australia and New Zealand Banking Group","Web","125055","28834","96221"
"BBC","Web","8249002","266515","7982487"
"Softonic.com","Web","487421","29547","457874"
"ElPais.com","Web","5354","1031","4323"
"T-Online.de","Web","885132","25657","859475"
"Marca.com","Web","30622","5572","25050"
"MercadoLibre (aka MercadoLivre)","Web","1439530","350063","1089467"
"ESPNCricinfo.com","Web","148589","5621","142968"
"Apple HTTP Live Streaming","Real Time Audio/Video","615566640","11450179","604116461"
"craigslist","Web","21410583","2204283","19206300"
"Kijiji.ca","Web","2279843","196859","2082984"
"Internet Small Computer Systems Interface","Network Service","2236","736","1500"
"Background Intelligent Transfer Service","File Sharing","1154882","153017","1001865"
"Seznam.cz","Web","528813","61577","467236"
"FrostWire Bittorrent client","Peer to Peer","994","456","538"
"Conviva","Infrastructure","314000","164587","149413"
"EdgeCast Networks CDN","Infrastructure","8908256","211580","8696676"
"AliExpress.com","Web","19643100","315700","19327400"
"Bild.de","Web","90597","6127","84470"
"Wp.pl","Web","19752","5007","14745"
"Ynet.co.il","Web","583465","44473","538992"
"Lanacion.com.ar","Web","14026","1778","12248"
"Onet.pl","Web","166959","6000","160959"
"Zing.vn","Web","9156","6482","2674"
"Aol","Web","358308","56898","301410"
"Gameloft Games","Gaming","14194570","1527507","12667063"
"Aparat","Web","21232790","438399","20794391"
"Yadro","Web","91600","35638","55962"
"uTorrent","Peer to Peer","46336","17161","29175"
"Rovio Entertainment","Gaming","2106518","143101","1963417"
"Candy Crush Saga","Gaming","926789","386174","540615"
"King Digital Entertainment","Gaming","32849","10256","22593"
"Waze Social GPS Maps & Traffic","Web","21447274","555923","20891351"
"Huffington Post","Web","62975","1116","61859"
"Zendesk","Business Collaboration","4319669","226384","4093285"
"World Series of Poker","Gaming","26792897","868215","25924682"
"Flurry","Business Application","21903930","5866444","16037486"
"Traffic Factory","Business Application","81392","7192","74200"
"Brightcove","Media","11150803","167640","10983163"
"Plenty Of Fish","Web","5446355","1554483","3891872"
"Twitch","Media","30289597","2608581","27681016"
"Apsalar","Business Application","5614","1069","4545"
"FreeWheel","Web","909302","285682","623620"
"Turner","Web","618011","36880","581131"
"Nielsen","Web","36097031","457017","35640014"
"zalo","Internet Instant Messaging","9320282","2783278","6537004"
"Stickyads","Web","6678835","2004764","4674071"
"battlenet","Gaming","108620","18503","90117"
"4CHAN","Web","109049","20443","88606"
"Cedexis","Web","1021204","274633","746571"
"Jumia","Web","30250","1240","29010"
"Lazada","Web","4385055","96127","4288928"
"Gettyimages","Web","32058","1334","30724"
"Flipboard","Web","583615","49179","534436"
"Traffic Junky","Web","30662","11247","19415"
"quic","Network Service","13309643","3869437","9440206"
"ADTECH","Web","596986","36008","560978"
"AOL One","Web","2369501","243789","2125712"
"Australian Broadcasting Corporation","Web","479393","14846","464547"
"Realestate","Web","79163","15030","64133"
"Constant Contact","Web","3117279","102408","3014871"
"GitHub","Web","1418708043","25511523","1393196520"
"Atlassian","Web","206460","136659","69801"
"Web.DE","Web","491433","105715","385718"
"Internet.org","Web","43147","18886","24261"
"Kakaocdn","Infrastructure","12244944","186946","12057998"
"SourceForge","Web","744315765","9341266","734974499"
"My.com","Web","1018483","313050","705433"
"Bizographics","Web","9278","2036","7242"
"Helpshift","Web","722126","180019","542107"
"Nrttv","Web","704310","14620","689690"
"Atlas Solutions","Web","103577","33605","69972"
"Urbanairship","Web","3871621","1093239","2778382"
"BootstrapCDN","Web","3027997","194896","2833101"
"CBS Video","Web","17526","2939","14587"
"Fastly","Web","10546610","830992","9715618"
"Disney Channel","Web","380709","9714","370995"
"NBC","Web","555308","34359","520949"
"Localytics","Web","517255","175064","342191"
"Microsoft Translator (Bing Translator)","Web","160061","29202","130859"
"Sekindo","Web","106368","6453","99915"
"Perform","Web","721258","15136","706122"
"Periscope","Media","115172265","5356847","109815418"
"Microsoft Office OneNote (Office 365)","Business Application","121878","11032","110846"
"Olark","Web","1290905","83684","1207221"
"Zopim","Web","599263","83249","516014"
"Mapbox","Web","5093206","275278","4817928"
"Liberty Times Net","Web","953782","31700","922082"
"Signal","Web","120056","18650","101406"
"LiveChat","Web","1271751","113826","1157925"
"Riffsy (Tenor.co)","Web","19669693","352197","19317496"
"Ensighten","Web","4007739","460760","3546979"
"Tune","Web","50049","12227","37822"
"Braintree","Web","640191","155153","485038"
"Lookout Mobile Security","Business Application","32548","1180","31368"
"Bleacher Report","Web","7791496","146542","7644954"
"Google Web Light","Web","139027","14259","124768"
"Umeng","Web","2042102","879403","1162699"
"AdF.ly","Web","101802","9490","92312"
"Tokopedia","Web","14797","4820","9977"
"Revcontent","Web","3549984","528865","3021119"
"funCaptcha","Web","734665","85245","649420"
"MobFox","Web","12238","1821","10417"
"Baidu Maps","Web","99063","18664","80399"
"QQVideo","Web","1725561","79134","1646427"
"Slack","Web","3380877","494023","2886854"
"ICY (I Can Yell)","Media","3174416","84784","3089632"
"Bazaarvoice","Web","7028871","1757015","5271856"
"MQ Telemetry Transport","Network Service","6078","3682","2396"
"Clicktale","Web","8520468","4856222","3664246"
"Adk2","Web","40566","4770","35796"
"Pokemon GO","Gaming","16990546","1005591","15984955"
"CDNetworks","Infrastructure","144510","5170","139340"
"Weborama","Web","92409","20320","72089"
"Highwinds","Web","24133964","1191780","22942184"
"Innovid","Web","88964645","1782166","87182479"
"StackExchange","Web","35676","5808","29868"
"StackOverflow","Web","6123","930","5193"
"Wix","Web","8392153","389468","8002685"
"Tinder","Web","128137872","3810694","124327178"
"GIPHY","Web","122633250","1870368","120762882"
"Eskimi","Web","38440","8694","29746"
"Shutterstock","Web","167443","9283","158160"
"Ubuntu","Web","649693","14865","634828"
"Heroku","Web","251917","34196","217721"
"Divar","Web","415345","22660","392685"
"Clash of Clans","Gaming","8774250","705181","8069069"
"Supercell","Gaming","268866","72801","196065"
"Amazon Music","Media","380957","158654","222303"
"Cheetah Mobile","Web","8495258","135106","8360152"
"Microsoft Word Online (Office 365)","Business Collaboration","22416199","3767174","18649025"
"Signal Private Messenger (Open Whisper Systems)","Internet Instant Messaging","12388934","1287109","11101825"
"StreamRail","Media","325559","59113","266446"
"Bugsnag","Web","2364404","1029613","1334791"
"Vidyard","Web","219593","11408","208185"
"OpenRTB","Web","347106","279682","67424"
"Audible","Real Time Audio/Video","130491","22100","108391"
"Google Classroom","Web","90288","19199","71089"
"Samsung Update","Web","6986340827","273438364","6712902463"
"Huawei Update","Web","7506","618","6888"
"AnyDesk","Remote Desktop","8878","3835","5043"
"MaxCDN","Web","59603","11318","48285"
"Media Innovation Group","Web","688099","173070","515029"
"Zhihu","Web","156937","28734","128203"
"Booking.com","Web","40384057","5815438","34568619"
"Walmart","Web","205942","150498","55444"
"Yandex Music","Real Time Audio/Video","210948419","2127459","208820960"
"Avast","Web","183106926","6373418","176733508"
"Automatic Data Processing (ADP)","Web","10030790","243013","9787777"
"Caliente","Web","203389","30432","172957"
"Optus","Web","2297850","45088","2252762"
"Google Secure User Plane Location","Web","496408","97246","399162"
"Gfycat","Web","21644553","186552","21458001"
"Chunghwa Telecom","Web","19389","2695","16694"
"Vivox","Internet Instant Messaging","5644","1128","4516"
"Kahoot!","Web","1473940","9169","1464771"
"Sportradar","Web","601238","38441","562797"
"Wall Street Journal","Web","2614603","75720","2538883"
"Niantic, Inc","Web","307278","20087","287191"
"Meitu","Web","34306380","723167","33583213"
"Snow","Internet Instant Messaging","432292","55342","376950"
"Clash Royale","Gaming","4912842","279204","4633638"
"Canvas Student","Web","705778","25290","680488"
"Instructure","Web","24595","3456","21139"
"Mail.com","Email","1178776","154845","1023931"
"United Internet","Web","595601","139738","455863"
"shopee.tw","Web","14295","1569","12726"
"Facebook Lite","Social Networking","12818081","1295162","11522919"
"Kakao","Web","126180","31421","94759"
"Digioh","Web","744272","45330","698942"
"Apptimize","Web","168111","45380","122731"
"Mediascope","Web","77913","21397","56516"
"Data Saver","Web","37196716","412375","36784341"
"Adtelligent","Web","548731","181988","366743"
"Opera turbo","Network Service","3294253","320399","2973854"
"Youtube Music","Media","85962050","1648513","84313537"
"Akamai Video","Media","493368","130557","362811"
"Appnext","Web","544824","17537","527287"
"Splunk Cloud","Storage and Backup","86956","43248","43708"
"9GAG","File Sharing","52056","3233","48823"
"Text Me","Internet Instant Messaging","2862897","1284310","1578587"
"textPlus","Internet Instant Messaging","35011","9163","25848"
"Epic_games","Gaming","153956","42823","111133"
"Line2","Internet Instant Messaging","6708","956","5752"
"Disqus","Web","13408311","731562","12676749"
"IBM","Web","7284","1159","6125"
"Grammarly","Web","16166302","10493718","5672584"
"Ubisoft","Gaming","37741077","699396","37041681"
"RingCentral","Business Collaboration","1269167","22129","1247038"
"Google News","Web","54805","4958","49847"
"Visual IQ","Web","104605","27026","77579"
"Alibaba Cloud","Web","168972170","162987927","5984243"
"ExpressVPN","Tunneling and VPN","69678","31677","38001"
"Account Kit","Web","117034","31660","85374"
"Redis","Business Application","53585","13598","39987"
"Future_plc","Web","5308606","214118","5094488"
"Wish","Web","118012031","3606475","114405556"
"Google Play Books","Web","849566","210848","638718"
"ProtonMail","Email","630280","58676","571604"
"Bluehost","Web","2305821","569936","1735885"
"Warner Bros. Interactive Entertainment","Gaming","10192123","1050608","9141515"
"AWS Console","Business Application","25931","12764","13167"
"iBooks","Web","180254","63708","116546"
"Fandom","Web","11588","1040","10548"
"Tesla","Web","44365","8624","35741"
"Google GSuite","Web","4839951","1861937","2978014"
"Didi","Web","154017","52374","101643"
"OpenSignal","Web","181022","160773","20249"
"Megaphone","Web","33809824","498065","33311759"
"TripAdvisor","Web","2622819","87337","2535482"
"Moodle","Social Networking","873357","116177","757180"
"Crypto browser","Web","5366","1236","4130"
"DAZN","Real Time Audio/Video","9332800","214565","9118235"
"PubNub","Web","229064","82949","146115"
"Gaana","Real Time Audio/Video","74646","14413","60233"
"Unknown virtual protocol","Unclassified","4992495","399875","4592620"
"Unknown virtual protocol","Unclassified","6167","2347","3820"
"Unknown virtual protocol","Unclassified","19238","3889","15349"
"NetEase","Web","10023173","315201","9707972"
"Unknown virtual protocol","Unclassified","61058","40612","20446"
"Unknown virtual protocol","Unclassified","456784493","10420869","446363624"
"Unknown virtual protocol","Unclassified","14041443","273944","13767499"
"Qwant","Web","174025","8062","165963"
"National Public Radio","Web","5106924","71517","5035407"
"Acast","Real Time Audio/Video","80150941","789488","79361453"
"Firework","Internet Instant Messaging","820934","153492","667442"
"JWPLAYER","Web","499314329","15170454","484143875"
"BAMTech","Real Time Audio/Video","7412124","4218163","3193961"
"Disney Plus","Real Time Audio/Video","3398482947","48691254","3349791693"
"Agora","Network Service","23157","12541","10616"
"Quora","Social Networking","10224813","559348","9665465"
"Toutiao","Web","34739","4117","30622"
"Airbnb","Web","29221431","7717077","21504354"
"Zhenai","Web","15139","7877","7262"
"MediaLab","Web","42499","3654","38845"
"Netease Games","Gaming","1039850","376018","663832"
"Baidu Tieba","Social Networking","5926187","636767","5289420"
"Browsec VPN","Tunneling and VPN","24215","17531","6684"
"Workday","Business Application","3794756","158594","3636162"
"Shopify","Web","37856368","1931644","35924724"
"StackPath","Web","3656804","96750","3560054"
"Ximalaya","Real Time Audio/Video","157469","46172","111297"
"Houseparty","Real Time Audio/Video","39246","6650","32596"
"Roblox","Gaming","47708886","3410287","44298599"
"YY","Real Time Audio/Video","7046","2735","4311"
"Citrix","Web","24898","9574","15324"
"Digital Turbine","Web","23828830","320321","23508509"
"Pluto TV","Real Time Audio/Video","1426649049","24130417","1402518632"
"adRise","Real Time Audio/Video","12753","2446","10307"
"Tubi TV","Real Time Audio/Video","873404","18924","854480"
"iFunny","Web","230759","30685","200074"
"Demandbase","Web","29679","1604","28075"
"KOCHAVA","Web","1193629","350210","843419"
"Amazon Alexa Assistant","Business Collaboration","588963","201067","387896"
"Yubo","Internet Instant Messaging","66687631","923086","65764545"
"Connatix","Real Time Audio/Video","31207468","814850","30392618"
"Minute Media","Web","180437","6547","173890"
" Revolut","Web","2995457","470594","2524863"
"Pendo","Web","7761982","2768231","4993751"
"Go Daddy","Web","676393","47330","629063"
"The Blaze","Web","419821","17016","402805"
"WordReference.com","Web","178950","22686","156264"
"E! Online","Web","367216","24871","342345"
"Hotels.com","Web","2104644","617032","1487612"
"Indeed","Web","27015913","6236922","20778991"
"NHL.com","Web","5097777","265074","4832703"
"Priceline.com","Web","2156551","163462","1993089"
"Slate Magazine","Web","274478","5933","268545"
"The Telegraph","Web","2287864","188286","2099578"
"United Airlines","Web","58893","7323","51570"
"The Walt Disney Company","Web","62310","22326","39984"
"FedEx","Web","2222847","278218","1944629"
"Kayak","Web","6235986","149088","6086898"
"Eventbrite","Web","5712368","53553","5658815"
"WarnerMedia","Web","17281","3751","13530"
"Bilibili","Web","20086541","1235221","18851320"
"Datadog","Web","765689","699049","66640"
"Unknown virtual protocol","Unclassified","34695","18994","15701"
"Riverbed","Tunneling and VPN","8659","2562","6097"
