"Application","Category","Total Bytes","Bytes Received","Bytes Sent"
"Domain Name Service","Network Service","2058743706","1011626527","1047117179"
"Google Mail","Email","3085972962","358854046","2727118916"
"Google Search","Web","1304854071","191899473","1112954598"
"HyperText Transfer Protocol","Web","3595677344","205815534","3389861810"
"HyperText Transfer Protocol Secure","Web","38459867067","6607830616","31852036451"
"Internet Control Message Protocol","Network Service","4366127774","2629989344","1736138430"
"Internet Message Access Protocol version 4","Email","115455352","42100524","73354828"
"Internet Message Access Protocol Secure","Email","26545332","2643456","23901876"
"Internet Protocol","Network Service","0","0","0"
"Internet Security Association and Key Management Protocol","Tunneling and VPN","31700393","15988342","15712051"
"XMPP Protocol (Jabber)","Business Collaboration","20443692","3016107","17427585"
"Skype and Teams","Business Collaboration","62547186","19177861","43369325"
"Simple Object Access Protocol","Network Service","1424094586","708281698","715812888"
"Secure Socket Layer","Tunneling and VPN","59147449932","8841781158","50305668774"
"Session Traversal Utilities for NAT","Business Collaboration","303359143","168600963","134758180"
"Transmission Control Protocol","Other TCP/UDP","2119398454","511379032","1608019422"
"User Datagram Protocol","Other TCP/UDP","278052734612","19780695025","258272039587"
"Yahoo Mail v.2.0","Email","497319277","120063932","377255345"
"Youtube.com","Media","43199997998","1109008503","42090989495"
"Facebook","Social Networking","259366841953","6826156839","252540685114"
"Google Ads","Web","5729458981","1131144273","4598314708"
"LinkedIn","Social Networking","289549441","29740153","259809288"
"Apple Generic Services","Web","31076909278","738650960","30338258318"
"Online Certificate Status Protocol","Business Application","27992643","10613558","17379085"
"Badoo.com","Internet Instant Messaging","229076217","25510357","203565860"
"Twitter","Social Networking","3415765190","116164948","3299600242"
"iTunes","Media","1811478198","199854502","1611623696"
"Spotify","Media","3458160354","149169149","3308991205"
"TeamViewer","Remote Desktop","271068499","135164186","135904313"
"Bing.com (formerly MSN Search)","Web","874134902","89075369","785059533"
"Baidu.com","Web","61797380","7776790","54020590"
"Windows Update","Web","4868018386","293732791","4574285595"
"Chrome Update","Web","291982479","14916040","277066439"
"Google Analytics,Google Marketing Platform","Web","929244907","321748795","607496112"
"Google GStatic","Web","3808586866","364122227","3444464639"
"Google Generic","Web","3723785162","983591053","2740194109"
"Amazon Generic Services","Web","5254349109","1990958984","3263390125"
"Weather.com","Web","48156395","3581591","44574804"
"Sina.com.cn","Internet Instant Messaging","69720011","3834813","65885198"
"WhatsApp Messenger","Internet Instant Messaging","69939284852","31023430338","38915854514"
"Apple App Store","Web","12250582894","327301234","11923281660"
"Windows Marketplace","Web","1182246317","65761189","1116485128"
"Apple Push Notification Service","Web","564284561","387562814","176721747"
"iOS over-the-air (OTA) update","Web","11263609479","236839752","11026769727"
"Google Play Store","Media","4577137672","852425696","3724711976"
"iCloud (Apple)","Storage and Backup","12116111016","6217084734","5899026282"
"Instagram","Web","135132741972","5262654096","129870087876"
"Amazon Web Services/Cloudfront CDN","Infrastructure","27750692035","6592197155","21158494880"
"KakaoTalk","Internet Instant Messaging","222072651","24458013","197614638"
"QQ.com","Web","137350372","4164228","133186144"
"Zynga.com","Gaming","84954700","19008445","65946255"
"Yahoo.com","Web","2045626679","239993967","1805632712"
"WeChat","Internet Instant Messaging","1500061351","313585761","1186475590"
"Google Talk (incl. Hangouts and Allo and Duo)","Real Time Audio/Video","1449084285","1267565092","181519193"
"CloudFlare CDN","Infrastructure","15139428963","787768622","14351660341"
"Microsoft Office 365","Business Collaboration","1652102323","380338186","1271764137"
"Zoho Corporation","Business Application","52939043","27429291","25509752"
"Nokia Here API","Web","795590","123649","671941"
"Pinterest","Web","174661165","18920004","155741161"
"Microsoft Outlook (Office 365)","Business Application","3472117390","340951845","3131165545"
"Apple SIRI","Web","149286203","109926036","39360167"
"ElPais.com","Web","9813603","590437","9223166"
"Google Accounts","Web","792155874","577155923","214999951"
"Amazon Ad System","Web","400261099","83351892","316909207"
"Snapchat","Social Networking","9665577150","765093936","8900483214"
"Turn","Web","7640086","2452342","5187744"
"ScorecardResearch","Web","326318232","18273737","308044495"
"Telegram","Internet Instant Messaging","4314787120","515472985","3799314135"
"Symantec","Web","5582510","1145784","4436726"
"Oracle","Web","36298073","14738689","21559384"
"Bitstrips","Social Networking","186887312","7713810","179173502"
"TRUSTe","Web","76651512","5640726","71010786"
"Criteo","Web","334918093","77316274","257601819"
"Adobe","Business Application","654091709","117012597","537079112"
"Inneractive","Web","228916602","152852408","76064194"
"Samsung","Web","211526978","62235121","149291857"
"Facebook Messenger","Internet Instant Messaging","12005681153","5851549627","6154131526"
"AppsFlyer","Business Application","87503876","29321713","58182163"
"Xiaomi","Web","3057312171","357512803","2699799368"
"Smart AdServer","Web","139363830","46164736","93199094"
"Google Cloud Storage","Web","12433526667","11470320836","963205831"
"Google Cloud Messaging","Web","213264727","41115728","172148999"
"Apple Location","Web","5134880743","415934790","4718945953"
"PubMatic","Web","220570074","114869566","105700508"
"Index Exchange (previously Casale Media)","Web","69386961","24161200","45225761"
"Rubicon Project","Web","230349049","88574187","141774862"
"AppNexus","Web","690015807","364209962","325805845"
"Rlcdn","Web","21746400","4147205","17599195"
"HyperText Transfer Protocol version 2","Web","7119019368","838123297","6280896071"
"Advertising.com","Web","5994971","1620521","4374450"
"Facebook Embedded Video","Media","30363972039","298919113","30065052926"
"Ad Safe Protected","Web","309484731","62021011","247463720"
"Adjust.com","Web","68621269","32256736","36364533"
"Outbrain","Web","152693645","30984389","121709256"
"Unruly","Web","32765643","20507952","12257691"
"Applovin","Web","1977561234","544001624","1433559610"
"Android connectivity Manager","Network Service","23809798","11826520","11983278"
"Heap","Web","137408623","76908529","60500094"
"Branch Metrics","Web","219808549","22897359","196911190"
"Taboola","Web","374959327","61307310","313652017"
"Ensighten","Web","8716556","1917314","6799242"
"Smaato","Web","31459112","16746724","14712388"
"Verizon","Web","47119652","29781062","17338590"
"Everest Technologies","Web","26271800","8110408","18161392"
"SpotXchange","Web","14090397","4837199","9253198"
"Microsoft OneDrive","Web","4398198225","2395555653","2002642572"
"Microsoft","Web","4471416151","796258335","3675157816"
"Revcontent","Web","13121823","2206734","10915089"
"New Relic","Web","98735467","59891801","38843666"
"Liftoff","Web","8999739","3045000","5954739"
"Conversant","Web","20572416","9117010","11455406"
"Teads","Web","38546608","7016559","31530049"
"Adform","Web","57099341","9083255","48016086"
"Pokemon GO","Gaming","175786594","18476599","157309995"
"Firebase Cloud Messaging","Web","655470433","360108392","295362041"
"Bidswitch","Web","46244678","19810713","26433965"
"Sharethrough","Web","164461919","68906233","95555686"
"AdColony","Web","48563185","11061870","37501315"
"Yieldmo","Web","35843913","6490131","29353782"
"Huawei","Web","48181283","7619380","40561903"
"DoubleVerify","Web","183072747","36530013","146542734"
"Avast","Web","41061704","9792339","31269365"
"PulsePoint","Web","10752819","3699650","7053169"
"Google Secure User Plane Location","Web","1163747","168788","994959"
"Sportradar","Web","63934719","5437946","58496773"
"Google Cloud Platform","Web","66348631","19929204","46419427"
"Tenor","Web","126369969","6865561","119504408"
"IronSource","Business Application","528064859","30997091","497067768"
"Grammarly","Web","581107484","178699179","402408305"
"Simpli.fi","Web","5039389","1262828","3776561"
"ByteDance","Web","1147648784","199872935","947775849"
"TikTok (Musical.ly)","Social Networking","89194660071","2721287398","86473372673"
"Alibaba Cloud","Web","21634365","12727658","8906707"
"Discord","Internet Instant Messaging","2694040543","812778328","1881262215"
"Apple News","Web","357430735","15525540","341905195"
"Vungle","Web","790790000","26794134","763995866"
"Google APIs","Web","5763145269","2721610557","3041534712"
"Amazon Cognito","Web","25952377","8398338","17554039"
"Unknown virtual protocol","Unclassified","286591095","68088193","218502902"
"Unknown virtual protocol","Unclassified","483752471","144272284","339480187"
"Google Pay","Web","16193075","3455735","12737340"
"Google Messages","Internet Instant Messaging","62048375","25523849","36524526"
"JWPLAYER","Web","803301988","15882614","787419374"
"Quora","Social Networking","12512677","1319351","11193326"
"Demandbase","Web","1545185","118418","1426767"
"Digicert","Web","22737212","4505800","18231412"
"Font Awesome","Web","19666726","1345276","18321450"
"Intercom","Web","324737898","137494446","187243452"
"SD-WAN Control","SD-WAN","29063543230","15802768596","13260774634"
"SD-WAN Management","SD-WAN","4199274541","1803648260","2395626281"
"TencentMeeting","Business Collaboration","244219474","44567313","199652161"
"BitTorrent","Peer to Peer","689330","41786","647544"
"Google Maps","Web","274866238","13698043","261168195"
"Network Time Protocol","Network Service","2376506","1299822","1076684"
"Secure POP3","Email","40562040","530806","40031234"
"Real Time Protocol","Business Collaboration","5707111169","3142949274","2564161895"
"Session Initiation Protocol","Business Application","2391138","1047515","1343623"
"Wikipedia.com","Web","60786258","2301853","58484405"
"Yahoo Search","Web","5147454","388336","4759118"
"Windows Live Hotmail","Email","208258704","19679879","188578825"
"Secure AIM","Internet Instant Messaging","6277412","272986","6004426"
"WordPress.com","Social Networking","59517971","1642907","57875064"
"Flickr","Social Networking","4940000","97752","4842248"
"Mail.ru Webmail","Email","2967648","553964","2413684"
"Xbox Live","Gaming","2897539","508537","2389002"
"Foursquare.com","Web","19077087","9661479","9415608"
"Last.fm","Media","405550","140600","264950"
"Tumblr","Social Networking","62233","15344","46889"
"Yelp.com","Web","14613158","386888","14226270"
"Yandex.ru","Web","130133125","40817303","89315822"
"Apple Update","Web","40666576","934821","39731755"
"Viber","Real Time Audio/Video","266851805","54555729","212296076"
"Tango Video Calls","Real Time Audio/Video","1164263","270846","893417"
"Netflix.com","Media","36502958192","1250479980","35252478212"
"Box","File Sharing","12777550","933404","11844146"
"Psiphon","Web","83105032","35962902","47142130"
"Salesforce","Business Application","24395052","5546821","18848231"
"Portal.TidalTV.com","Web","1856210","449808","1406402"
"GoToMeeting Online Meeting","Business Collaboration","109408","42231","67177"
"Slingbox","Media","2085349","66943","2018406"
"AccuWeather","Web","16344607","2653348","13691259"
"Adobe Acrobat DC (Document Cloud)","Web","119187163","5260481","113926682"
"Mozilla.com - Mozilla.org","Web","1625492572","89267774","1536224798"
"Naver Corporation (formerly NHN Corporation)","Web","163534332","82511811","81022521"
"SurveyMonkey.com","Web","188481","21136","167345"
"Vimeo","Web","120510014","2579861","117930153"
"Taobao","Web","12920127","2677366","10242761"
"Google App Engine","Business Application","9885632","3780756","6104876"
"Apple FaceTime","Real Time Audio/Video","55331965745","28260820030","27071145715"
"Samsung Apps","Web","181049973","14601148","166448825"
"Hulu","Media","7591373","137181","7454192"
"SoundCloud","Media","749072378","49634259","699438119"
"Amazon Prime Video","Media","3235040227","73295158","3161745069"
"Alibaba.com","Web","1440849","270549","1170300"
"Akamai Technologies CDN","Web","3134032507","68239841","3065792666"
"Limelight Networks CDN","Web","1228233228","24428421","1203804807"
"Microsoft Azure (previously Windows Azure)","Infrastructure","114905821","11133770","103772051"
"MiTalk Messenger (Miliao)","Internet Instant Messaging","15850984","750489","15100495"
"Rakuten.co.jp","Web","2596783","447507","2149276"
"Kakaku.com","Web","32165","2611","29554"
"Pornhub","Web","219396","79385","140011"
"Microsoft SharePoint Online (Office 365)","Business Application","132968232","52160848","80807384"
"Reddit.com","Web","889963440","28688721","861274719"
"Imgur.com","Storage and Backup","200972626","2367884","198604742"
"Google Documents (aka Google Drive)","Storage and Backup","286491858","102232418","184259440"
"Apple Maps","Web","10646546","488913","10157633"
"Paypal.com","Web","594829246","33502419","561326827"
"Telegraf.rs","Web","3124895","100463","3024432"
"Kijiji.ca","Web","190904557","20265996","170638561"
"AliExpress.com","Web","73770879","3079952","70690927"
"Ynet.co.il","Web","3240335","107641","3132694"
"Aol","Web","8908721","854866","8053855"
"AddThis","Web","25475942","1740961","23734981"
"Quantcast","Web","34170152","7091967","27078185"
"King Digital Entertainment","Gaming","16863465","3159817","13703648"
"Waze Social GPS Maps & Traffic","Web","105655962","8679648","96976314"
"Zendesk","Business Collaboration","15507806","490928","15016878"
"Google Safe Browsing","Web","323403544","79615860","243787684"
"Flurry","Business Application","133646440","46592079","87054361"
"Crashlytics","Web","257549110","15466546","242082564"
"InMobi","Web","126615864","60913530","65702334"
"Gravatar","Business Collaboration","4998991","801308","4197683"
"FreeWheel","Web","2803428","1086216","1717212"
"Nielsen","Web","8892286","1908684","6983602"
"Stickyads","Web","117520331","20364215","97156116"
"Mixpanel","Web","24284538","18241033","6043505"
"Cedexis","Web","6762862","2425980","4336882"
"Google Calendar","Web","84757691","22780070","61977621"
"OpenX","Web","23177607","8207697","14969910"
"LOTAME","Web","20067306","4091044","15976262"
"Sizmek (previously MediaMind)","Web","257619655","5867087","251752568"
"Bitbucket","Web","3325673","489612","2836061"
"Atlassian","Web","28325787","17724957","10600830"
"Google Tag Manager","Web","531137334","78213249","452924085"
"Helpshift","Web","1400708","350349","1050359"
"Urbanairship","Web","6727430","1387861","5339569"
"BootstrapCDN","Web","12815714","867638","11948076"
"Apple Music","Media","10843288235","269949670","10573338565"
"LogMeIn","Remote Desktop","166241","6806","159435"
"Fastly","Web","5039879","434090","4605789"
"UpLynk","Web","837245","149056","688189"
"NBC","Web","12979789","605873","12373916"
"Localytics","Web","2827057","666230","2160827"
"Moat","Web","252522889","69279322","183243567"
"Krux","Web","33839700","5245550","28594150"
"Periscope","Media","142457302","2441756","140015546"
"Microsoft Sway (Office 365)","Business Application","8480","1060","7420"
"Microsoft Office OneNote (Office 365)","Business Application","1953350","232679","1720671"
"Optimizely","Web","22238954","3378023","18860931"
"Zopim","Web","3317068","542742","2774326"
"Rackspace","Web","1836388950","169189177","1667199773"
"Signal","Web","3872012","303266","3568746"
"LiveChat","Web","13731841","1391528","12340313"
"Braintree","Web","584556","80014","504542"
"MediaMath","Web","44060151","6325671","37734480"
"jQuery","Web","21359372","1078967","20280405"
"TubeMogul","Web","2100996","208675","1892321"
"Umeng","Web","2595506","1238460","1357046"
"Uber (formerly UberCab)","Web","118967774","37834484","81133290"
"Slack","Web","195643810","8653712","186990098"
"Bazaarvoice","Web","19746757","1498257","18248500"
"hotjar","Web","74597235","34055126","40542109"
"ZoomMeetings","Business Collaboration","2749076362","472219112","2276857250"
"HyperText Transfer Protocol proxy","Network Service","269331262","46201463","223129799"
"Highwinds","Web","27685278","410173","27275105"
"StackExchange","Web","1860320","46304","1814016"
"StackOverflow","Web","1917156","114153","1803003"
"Tinder","Web","1099914168","50320178","1049593990"
"GIPHY","Web","410390124","8244005","402146119"
"IMO Video Calling Application","Media","98924687","44325777","54598910"
"Clash of Clans","Gaming","15085217","2880240","12204977"
"Supercell","Gaming","20472146","1095694","19376452"
"Microsoft Word Online (Office 365)","Business Collaboration","34514877","6204654","28310223"
"Signal Private Messenger (Open Whisper Systems)","Internet Instant Messaging","15495344","10461884","5033460"
"Bugsnag","Web","4980130","2019395","2960735"
"Vidyard","Web","21717898","174959","21542939"
"Apple Game Center","Gaming","29596487","5174009","24422478"
"ADventori","Web","314242","72149","242093"
"Tealium","Web","17974139","3901193","14072946"
"MGID","Web","16612548","915046","15697502"
"Amazon Chime","Business Collaboration","185515962","127059624","58456338"
"AnyDesk","Remote Desktop","54057476","15820066","38237410"
"MaxCDN","Web","90638","13143","77495"
"Media Innovation Group","Web","3285430","899544","2385886"
"Automatic Data Processing (ADP)","Web","63834481","3066320","60768161"
"Okta","Web","100861394","17754696","83106698"
"eXelate","Web","3877836","925046","2952790"
"WeTransfer","Web","26167372","1980785","24186587"
"Sonobi","Web","22628718","9199262","13429456"
"Cloudinary","Web","29304307","742841","28561466"
"Amplitude","Web","319575329","244096920","75478409"
"Microsoft teams","Internet Instant Messaging","3040571108","974187433","2066383675"
"Electronic Arts","Web","128885054","26742091","102142963"
"Appnext","Web","1794668","109710","1684958"
"Cisco","Web","12269313","3079555","9189758"
"Disqus","Web","36575416","3607767","32967649"
"Ubisoft","Gaming","740961","139537","601424"
"Alibaba Group","Web","689902","124461","565441"
"Mobile Legends","Gaming","1431697275","39850049","1391847226"
"AWS Console","Business Application","41085","22479","18606"
"Fandom","Web","4118550","311045","3807505"
"DAZN","Real Time Audio/Video","82060701","5191064","76869637"
"PubNub","Web","1466405","398779","1067626"
"Unknown virtual protocol","Unclassified","2812740","1320469","1492271"
"Unknown virtual protocol","Unclassified","2472242885","111401441","2360841444"
"Unknown virtual protocol","Unclassified","23624021","1014428","22609593"
"Unknown virtual protocol","Unclassified","2661403","66108","2595295"
"Unknown virtual protocol","Unclassified","11474","4436","7038"
"Unknown virtual protocol","Unclassified","38222205","32816406","5405799"
"Wireguard","Tunneling and VPN","16244071045","1196780127","15047290918"
"Bigo","Web","697468378","32507914","664960464"
"BAMTech","Real Time Audio/Video","5916725","2968521","2948204"
"Web Services Dynamic Discovery","Network Service","36914","22770","14144"
"Toutiao","Web","1123641","132770","990871"
"Wangwang","Internet Instant Messaging","428300","171217","257083"
"Workday","Business Application","23544209","1770437","21773772"
"Shopify","Web","79867798","1784986","78082812"
"DoorDash","Web","93390093","3299533","90090560"
"Houseparty","Real Time Audio/Video","262116","34523","227593"
"Likee","Internet Instant Messaging","124134687","16940274","107194413"
"Citrix","Web","189638","72627","117011"
"KOCHAVA","Web","2992846","754514","2238332"
"Sift Science","Web","875988","146628","729360"
"Spotify Audio","Real Time Audio/Video","1554585534","14080519","1540505015"
"UserReport","Web","4346931","407842","3939089"
"Pendo","Web","16858832","5057868","11800964"
"Go Daddy","Web","49336510","914310","48422200"
"Contentful","Web","573490901","31759730","541731171"
"Indeed","Web","173559577","77502127","96057450"
"Datadog","Web","2169449","1852943","316506"
"Unknown virtual protocol","Unclassified","395373","211568","183805"
"Border Gateway Protocol","Network Service","21891","10350","11541"
"Dailymotion.com","Media","1777114054","25812247","1751301807"
"eBay.com","Web","81292765","8200384","73092381"
"File Transfer Protocol","File Sharing","1260248","766966","493282"
"Google Earth","Web","7439","432","7007"
"Google Groups","Social Networking","18443","3233","15210"
"GPRS Tunneling Protocol","Tunneling and VPN","51246","19656","31590"
"IPsec (AH and ESP)","Tunneling and VPN","598645751","92376183","506269568"
"Layer 2 Tunneling Protocol","Tunneling and VPN","5516942","120507","5396435"
"McAfee Client update","Business Application","71395409","7236136","64159273"
"Netbios Name Service","Network Service","1170","1170","0"
"Network News Transport Protocol","Network Service","5652","2988","2664"
"Post Office Protocol (Version 3)","Email","9564416","242547","9321869"
"QQ","Internet Instant Messaging","1330987","255548","1075439"
"Real Time Control Protocol","Business Collaboration","2917424","1661125","1256299"
"Real Time Streaming Protocol","Media","1658351","473584","1184767"
"ShoutCast","Media","100092708","1479098","98613610"
"Simple Mail Transfer Protocol","Email","188392","120327","68065"
"Simple Mail Transfer Protocol Secure","Email","75135","31679","43456"
"Simple Network Management Protocol","Management","8505","8505","0"
"SOCKet Secure v5","Tunneling and VPN","2984","1756","1228"
"Secure Shell","Tunneling and VPN","6737768","334146","6403622"
"Telnet","Network Service","27845","4408","23437"
"Wireless Transaction Protocol","Network Service","85805","66232","19573"
"Simple Network Paging Protocol","Network Service","2375020","678300","1696720"
"4shared.com","Web","35311","7846","27465"
"Expedia.fr","Web","5519678","2122473","3397205"
"Travelocity.com","Web","7719","1014","6705"
"Realtor.com","Web","19736","2728","17008"
"Deezer","Web","28670956","2920678","25750278"
"Rambler.ru","Web","28542113","4819323","23722790"
"Steampowered.com","Gaming","333675","38233","295442"
"DeviantArt.com","Web","75028","2202","72826"
"Flixster.com","Web","944562","20556","924006"
"Goodreads.com","Web","449837","91873","357964"
"LibraryThing.com","Web","7641","1076","6565"
"Meetup","Web","10842418","1162655","9679763"
"Ning.com","Web","184543","4840","179703"
"Odnoklassniki.ru","Social Networking","2927243","145999","2781244"
"ResearchGATE.net","Web","5930817","152274","5778543"
"Vk.com (Vkontakte)","Social Networking","15454539","583231","14871308"
"Vox.com","Web","7283","1345","5938"
"Yammer.com","Business Application","1483015","31551","1451464"
"Yandex webmail","Email","200251","29863","170388"
"Adobe Flash Plugin Update","Web","546748","25071","521677"
"Teredo protocol","Tunneling and VPN","68516","36353","32163"
"Firefox Update","Web","6917","1729","5188"
"Java Update","Web","80186","2044","78142"
"Archive.org","Web","7980","1592","6388"
"Opera Update","Web","1727095","595034","1132061"
"BitDefender Update","Web","1559605","790359","769246"
"Symantec Norton AntiVirus Updates","Web","2897048","28024","2869024"
"Playstation Network","Gaming","86163","8696","77467"
"BBC Player","Media","26712","4862","21850"
"Garena","Web","4472","1022","3450"
"Dropbox","Storage and Backup","21896800","10457219","11439581"
"Google Translate","Web","18261232","5849193","12412039"
"iHeartRADIO","Media","908877","118159","790718"
"Livestream (formerly Mogulus)","Media","1215340","25289","1190051"
"Photobucket.com","Web","1760982","47514","1713468"
"QQMusic","Peer to Peer","314","174","140"
"Shutterfly.com","Web","251186","65527","185659"
"SiriusXm.com","Media","562017","83993","478024"
"YouKu","Media","1275106","1190992","84114"
"WebEx","Business Collaboration","6047373","1590465","4456908"
"Bloomberg.com","Web","6239435","183044","6056391"
"BlackBerry.com","Web","240784","95680","145104"
"Flash Media Playback","Media","270220","8184","262036"
"ABCNews","Web","3972696","129965","3842731"
"Alexa","Web","154632","18177","136455"
"AlJazeera.net","Web","977271","55075","922196"
"AmericanExpress","Web","1760608","970771","789837"
"ATT.com (AT&T)","Web","397754","34935","362819"
"Blogger","Web","1191489","55237","1136252"
"Capital One","Web","40179744","5619899","34559845"
"Cnet.com","Web","1873765","63276","1810489"
"CNN (Cable News Network)","Web","45787275","3176774","42610501"
"Comcast","Web","8844522","1054552","7789970"
"Daily Mail","Web","63507319","806069","62701250"
"Daum.net","Web","275127707","14002762","261124945"
"DirecTV.com","Web","1034015","62188","971827"
"Fox News","Web","12752404","954521","11797883"
"FoxSports.com","Web","854268","55813","798455"
"Groupon","Web","93145","18808","74337"
"IKEA.com","Web","8169471","323012","7846459"
"Intuit.com","Business Application","9602512","3255929","6346583"
"Kaspersky.com","Web","6522098","1973410","4548688"
"Monster.com","Web","59976","12693","47283"
"NASA.gov","Web","8690158","92646","8597512"
"NationalGeographic.com","Web","6352819","136854","6215965"
"NBA.com","Web","39429954","1697119","37732835"
"National Football League (NFL.com)","Web","41398449","4101989","37296460"
"Nike.com","Web","32276330","2533446","29742884"
"NYTimes.com","Web","181934728","8821632","173113096"
"PlayStation.com","Web","10067717","972087","9095630"
"Reuters.com","Web","4105330","113363","3991967"
"Reverso.net","Web","33369746","485766","32883980"
"Ryanair.com","Web","43694","7617","36077"
"Sky","Web","513881","34859","479022"
"SlideShare","Web","417156","13394","403762"
"Sports Illustrated","Web","2159016","188608","1970408"
"Sprint.com","Web","60507251","204068","60303183"
"Univision.com","Web","1029509","39657","989852"
"WashingtonPost.com","Web","4997515","370996","4626519"
"Xbox","Gaming","17180","2339","14841"
"Youdao.com","Web","2124325","805173","1319152"
"QQDownload","Peer to Peer","320","172","148"
"Sophos update","Business Application","41006","9438","31568"
"Sina Weibo","Web","3720518","67216","3653302"
"QQ WeiBo","Web","76353","38106","38247"
"GMX webmail","Email","172513","35488","137025"
"Line","Internet Instant Messaging","53082745","1550845","51531900"
"Scribd.com","Web","359094491","9266741","349827750"
"Shazam","Web","259601","23434","236167"
"TuneIn","Real Time Audio/Video","228040433","9899255","218141178"
"Coupang","Web","1015851","171939","843912"
"Zum.com","Web","294195","26192","268003"
"Donga.com","Web","40935","2077","38858"
"Gmarket.co.kr","Web","5024331","203880","4820451"
"Hankyung.com","Web","761452","21343","740109"
"mt","Web","248461","14691","233770"
"Nate.com","Web","106330","26602","79728"
"Tistory.com","Web","91772","28773","62999"
"Joongang Daily","Web","318552","48156","270396"
"163.com","Web","888858","268703","620155"
"Sohu.com","Web","17853","3021","14832"
"Ifeng.com","Web","1291464","151934","1139530"
"Hao123","Web","649848","150973","498875"
"Alipay","Web","99612","57942","41670"
"Sogou.com","Web","108951","78157","30794"
"360.cn","Web","1682326","441614","1240712"
"Datagram Transport Layer Security","Tunneling and VPN","801700181","321711636","479988545"
"ISO Base Media File Format","Real Time Audio/Video","96746209","1137558","95608651"
"KIK Messenger","Internet Instant Messaging","4351052","685696","3665356"
"MEGA","Peer to Peer","2280","1516","764"
"Ctrip.com","Web","11147336","403886","10743450"
"QQ Games","Gaming","4219041","3349909","869132"
"QQ Mail","Email","25348","18543","6805"
"QQ News","Web","741212","56712","684500"
"Tencent.com","Internet Instant Messaging","1794218","50382","1743836"
"MeetMe.com","Social Networking","16600171","526220","16073951"
"Nend.net","Web","74619","27723","46896"
"Speedtest","File Sharing","1076219","936124","140095"
"ESPN.go.com","Web","52721844","2544370","50177474"
"BuzzFeed.com","Web","1709763","281863","1427900"
"Internet Movie Database","Web","3119560","183184","2936376"
"ImageShack","File Sharing","110949","7024","103925"
"Evernote","Web","507692","371653","136039"
"JingDong","Web","388568","136261","252307"
"WebSocket","Network Service","1712810","225639","1487171"
"Bet365.com","Web","5004560","301002","4703558"
"DCinside.com","Web","99112269","9877725","89234544"
"Issuu.com","Web","974168","70155","904013"
"LastPass.com","Web","83187","12792","70395"
"Mendeley.com","File Sharing","157108","41398","115710"
"Microsoft Skype for Business (formerly Microsoft Lync)","Business Collaboration","11565","5492","6073"
"Saavn Bollywood Music","Media","452262","21731","430531"
"BBC","Web","62917134","2944449","59972685"
"AVG.com","Web","22892","3414","19478"
"T-Online.de","Web","392256","17403","374853"
"Marca.com","Web","222226","40151","182075"
"Goal.com","Web","889128","21049","868079"
"B92.net","Web","11019532","310882","10708650"
"craigslist","Web","4054157","352542","3701615"
"Ekantipur.com","Web","89828","5812","84016"
"Hurriyet.com.tr","Web","3652960","117056","3535904"
"Indiatimes","Web","8229496","2071320","6158176"
"Internet Small Computer Systems Interface","Network Service","820","230","590"
"Background Intelligent Transfer Service","File Sharing","70340036","6930300","63409736"
"Sahibinden.com","Web","19890150","1618411","18271739"
"Seznam.cz","Web","748873","20589","728284"
"Varzesh3.com","Web","2041866301","15710823","2026155478"
"Walla.co.il","Web","1326753","59501","1267252"
"Hotspot Shield","Tunneling and VPN","346755","143774","202981"
"Conviva","Infrastructure","1162661","629014","533647"
"EdgeCast Networks CDN","Infrastructure","7258","1036","6222"
"Clarin.com","Web","470105","11486","458619"
"Coccoc.com","Web","3617830","140341","3477489"
"Elcomercio.pe","Web","44189","2267","41922"
"Repubblica.it","Web","42774","3605","39169"
"Rt.com","Web","1786383","109327","1677056"
"Wp.pl","Web","2450107","660477","1789630"
"Elsalvador.com","Web","25692","1863","23829"
"Jutarnji.hr","Web","3096823","76573","3020250"
"Mako.co.il","Web","1392986","103729","1289257"
"Milliyet.com.tr","Web","1456626","67737","1388889"
"Onet.pl","Web","488997","17275","471722"
"Trend.az","Web","139180","3796","135384"
"VnExpress.net","Web","798770","120031","678739"
"Zing.vn","Web","42717","31598","11119"
"Perfect Dark","Peer to Peer","141799","62232","79567"
"Eltiempo","Web","4653845","510759","4143086"
"Fox Business Network","Web","16186","3836","12350"
"News","Web","1085342","69340","1016002"
"Gameloft Games","Gaming","2161521","287211","1874310"
"Tapatalk","Web","8354","4275","4079"
"Aparat","Web","703784","28507","675277"
"Yadro","Web","379225","208730","170495"
"Rovio Entertainment","Gaming","761428","341367","420061"
"Candy Crush Saga","Gaming","19630393","7697372","11933021"
"OpenStreetMap","Infrastructure","137872","4391","133481"
"Brightcove","Media","85440880","2501315","82939565"
"Plenty Of Fish","Web","51265071","24093798","27171273"
"Twitch","Media","89068483","2278171","86790312"
"BoldChat Live Chat","Internet Instant Messaging","2528106","605106","1923000"
"OkCupid","Web","1132957","332160","800797"
"Turner","Web","6490990","239587","6251403"
"zalo","Internet Instant Messaging","98593088","11451381","87141707"
"Tiempo","Web","1862819","43191","1819628"
"Inquirer","Web","2108031","65553","2042478"
"Ukr","Web","182853","40517","142336"
"ASANA","Web","256608","50920","205688"
"Abs.cbnnews","Web","552975","43480","509495"
"Eksisozluk","Web","133712","13572","120140"
"Amazon Cloud Drive","Web","46334","1957","44377"
"Lazada","Web","16383924","584843","15799081"
"Gettyimages","Web","10414474","567837","9846637"
"Theladbible","Web","735148","21067","714081"
"Onedio","Web","6507102","223173","6283929"
"Flipboard","Web","6025000","851590","5173410"
"Traffic Junky","Web","98594","36448","62146"
"quic","Network Service","7577466","3345008","4232458"
"CPMSTAR","Web","508251","114308","393943"
"ADTECH","Web","2656283","165519","2490764"
"AOL One","Web","5789397","1180881","4608516"
"Australian Broadcasting Corporation","Web","14447","3271","11176"
"Carsales","Web","128525","9827","118698"
"Realestate","Web","481269","89656","391613"
"Constant Contact","Web","12747303","1090996","11656307"
"GitHub","Web","199077425","2265111","196812314"
"Sabah","Web","9677","1707","7970"
"Skynewsarabia","Web","418514","23329","395185"
"Internet.org","Web","3485","1538","1947"
"Kakaocdn","Infrastructure","27361141","699254","26661887"
"My.com","Web","322800","165118","157682"
"Bizographics","Web","18792","4136","14656"
"Scotiabank","Web","53561235","7421331","46139904"
"Atlas Solutions","Web","514005","135978","378027"
"Gmanetwork","Web","91507","9957","81550"
"CBS Video","Web","305282634","6192445","299090189"
"Disney Channel","Web","2028837","95823","1933014"
"Jibjab","Web","35311488","910351","34401137"
"Rogers TV","Web","54936754","4568112","50368642"
"MoPub","Web","1437903","387288","1050615"
"Microsoft Translator (Bing Translator)","Web","85403","14836","70567"
"Sekindo","Web","8194","1443","6751"
"Perform","Web","194810388","9578939","185231449"
"Olark","Web","1176603","34421","1142182"
"Liveperson","Web","9174265","650469","8523796"
"Mapbox","Web","19232916","976573","18256343"
"ABS-CBN Entertainment","Web","1418470","109660","1308810"
"Rollout","Web","504645","73644","431001"
"Microsoft Excel Online (Office 365)","Web","121517751","60915294","60602457"
"Riffsy (Tenor.co)","Web","31974648","840597","31134051"
"Tune","Web","105786","28097","77689"
"Manorama Online","Web","2379183","62424","2316759"
"LKQD","Web","954080","346150","607930"
"Lookout Mobile Security","Business Application","418033","37340","380693"
"Bleacher Report","Web","224520893","4757752","219763141"
"Hola Web Proxy","Web","2371330","710555","1660775"
"MobFox","Web","139565","41000","98565"
"Google Photos (formerly Google Picasa)","Web","50408506","31430686","18977820"
"Baidu Maps","Web","1001366","145700","855666"
"Trippy","Web","26652","3580","23072"
"QQVideo","Web","2420562","84871","2335691"
"ICY (I Can Yell)","Media","476249","7192","469057"
"Younow","Web","66813832","30369112","36444720"
"MQ Telemetry Transport","Network Service","5124","2695","2429"
"Clicktale","Web","8488346","4393058","4095288"
"Adk2","Web","864899","27146","837753"
"CDNetworks","Infrastructure","44342636","1726104","42616532"
"Weborama","Web","615108","118346","496762"
"Newsday","Web","510753","36894","473859"
"Innovid","Web","393521331","11257469","382263862"
"Wix","Web","100765111","6074807","94690304"
"Eskimi","Web","61127","13592","47535"
"Namuwiki","Web","1800","324","1476"
"Qatarairways","Web","1541696","44790","1496906"
"Shutterstock","Web","3175658","348288","2827370"
"Ubuntu","Web","68995","2430","66565"
"Heroku","Web","1263901","212113","1051788"
"Divar","Web","1801090","19683","1781407"
"Amazon Music","Media","2171268","618058","1553210"
"Facebook Live","Media","618144947","612271334","5873613"
"Cheetah Mobile","Web","8342055","301416","8040639"
"Microsoft Powerpoint Online (Office 365)","Business Collaboration","7413235","1892272","5520963"
"StreamRail","Media","1986336","466412","1519924"
"Nintendo","Gaming","2116525","220857","1895668"
"Merojax","Web","1856","376","1480"
"OpenRTB","Web","18647257","15488679","3158578"
"Audible","Real Time Audio/Video","38524","14763","23761"
"En Son Haber","Web","2118251","42866","2075385"
"HK Observatory","Web","98099","26989","71110"
"Flashtalking","Web","354939908","9547537","345392371"
"Google Classroom","Web","2595849","543050","2052799"
"Samsung Update","Web","6452565002","284688887","6167876115"
"Yandex Disk","Web","795095","152976","642119"
"Wamba","Web","2153504","29673","2123831"
"ULP","Network Service","4938669","201516","4737153"
"Livescore","Web","728155","56731","671424"
"Booking.com","Web","17592738","503735","17089003"
"Walmart","Web","2848446","362051","2486395"
"Yandex Music","Real Time Audio/Video","47665361","1874509","45790852"
"DocuSign","Web","86246","12162","74084"
"Optus","Web","1730024","104697","1625327"
"Gfycat","Web","10770988","85257","10685731"
"T-Mobile","Web","153092","13898","139194"
"Chunghwa Telecom","Web","8488","3106","5382"
"Vivox","Internet Instant Messaging","649499","223123","426376"
"Citrix Cloud","Web","6863","988","5875"
"Kahoot!","Web","875025","35890","839135"
"Wall Street Journal","Web","394715","31676","363039"
"Niantic, Inc","Web","2136658","257171","1879487"
"Meitu","Web","19587177","1971893","17615284"
"Snow","Internet Instant Messaging","232289","27696","204593"
"Clash Royale","Gaming","157873","12182","145691"
"Origin","Web","748769","244264","504505"
"Canvas Student","Web","2855845","44714","2811131"
"Instructure","Web","959628","47917","911711"
"Mail.com","Email","911506","240490","671016"
"United Internet","Web","195365","61773","133592"
"Workplace By Facebook","Social Networking","313148","139103","174045"
"shopee.tw","Web","1798485","162617","1635868"
"Facebook Lite","Social Networking","4501106","793794","3707312"
"Kakao","Web","2892921","943298","1949623"
"Digioh","Web","3128756","105955","3022801"
"Apptimize","Web","187356","74124","113232"
"UC Browser","Web","2096285","1939444","156841"
"Mediascope","Web","827950","253738","574212"
"Data Saver","Web","7727969","632879","7095090"
"Adtelligent","Web","8049375","2478235","5571140"
"Symantec Endpoint Protection","Web","5795","1656","4139"
"Youtube Music","Media","403254","107283","295971"
"Akamai Video","Media","2995490","403166","2592324"
"Splunk Cloud","Storage and Backup","50241","40708","9533"
"Fox Networks","Web","1162443","52559","1109884"
"Text Me","Internet Instant Messaging","25908","4871","21037"
"AnchorFree","Tunneling and VPN","316206","186758","129448"
"textPlus","Internet Instant Messaging","41462","4005","37457"
"Epic_games","Gaming","845995","122302","723693"
"Unreal_engine","Gaming","245213502","79012083","166201419"
"IBM","Web","5736252","229712","5506540"
"Spring Tech VPN","Tunneling and VPN","230352","71109","159243"
"Microsoft AD Right Management Service","Business Application","70156","45275","24881"
"Barracuda Networks","Web","37844","9608","28236"
"RingCentral","Business Collaboration","104969","17168","87801"
"Google News","Web","2610267","176044","2434223"
"PlayerUnknown's BattleGrounds","Gaming","124652369","7627020","117025349"
"Visual IQ","Web","867616","327830","539786"
"Google One","Web","582647","22318","560329"
"I Want TV","Media","66222","2774","63448"
"League of Legends","Gaming","7288414","5135823","2152591"
"Discourse","Web","4222","312","3910"
"ExpressVPN","Tunneling and VPN","106142","46761","59381"
"TechRadar","Web","669439","31820","637619"
"Future_plc","Web","7634757","353638","7281119"
"Wish","Web","406648","7424","399224"
"MAkeMyTrip","Web","25635","3707","21928"
"Minecraft","Gaming","166430","86565","79865"
"WorkspaceOne","Web","452275","215205","237070"
"Opera VPN","Tunneling and VPN","2603005","677387","1925618"
"Target","Web","9491","2570","6921"
"iBooks","Web","4145931","577451","3568480"
"Tesla","Web","261139","57060","204079"
"Google GSuite","Web","57879663","32842455","25037208"
"W3Schools","Web","25682","2974","22708"
"OpenSignal","Web","3605911","3399543","206368"
"Megaphone","Web","4672527828","52590410","4619937418"
"UDP Data Transfer protocol","File Sharing","2525350","147866","2377484"
"TripAdvisor","Web","21428500","1259497","20169003"
"Moodle","Social Networking","24017206","1778540","22238666"
"Unknown virtual protocol","Unclassified","79386","34232","45154"
"NetEase","Web","635914","100148","535766"
"Unknown virtual protocol","Unclassified","209045","135155","73890"
"Unknown virtual protocol","Unclassified","143800","42727","101073"
"Unknown virtual protocol","Unclassified","735252","21574","713678"
"Unknown virtual protocol","Unclassified","22191197","8803590","13387607"
"Unknown virtual protocol","Unclassified","25262587","343830","24918757"
"Eurosport","Web","26565","7051","19514"
"Bumble","Web","96531596","6310737","90220859"
"National Public Radio","Web","1095518","64532","1030986"
"Acast","Real Time Audio/Video","2667077","178864","2488213"
"Raknet","Gaming","926628870","631266971","295361899"
"Mario Kart Tour","Gaming","6575289","3153269","3422020"
"Firework","Internet Instant Messaging","1312079","253031","1059048"
"Banggood","Web","135859","25784","110075"
"Disney Plus","Real Time Audio/Video","729510401","6934086","722576315"
"Engage Digital","Network Service","250165","4185","245980"
"Agora","Network Service","4359","1488","2871"
"Grand Theft Auto 5","Gaming","2864912","901730","1963182"
"Airbnb","Web","4146159","207948","3938211"
"Activision-Blizzard","Web","1015827","32630","983197"
"Zhenai","Web","3827","2277","1550"
"MediaLab","Web","1372418","849509","522909"
"Netease Games","Gaming","2226736","14365","2212371"
"Advanced Hosting","Web","13438811","136677","13302134"
"Service Now","Web","620618","167026","453592"
"StackPath","Web","304201","84101","220100"
"Ximalaya","Real Time Audio/Video","45583","14016","31567"
"Uber Eats","Web","3005515","448490","2557025"
"Roblox","Gaming","786163370","67853778","718309592"
"BridTV","Real Time Audio/Video","589338","28527","560811"
"Acronis Cloud","Web","865","569","296"
"Acronis Backup","File Sharing","5685","1661","4024"
"Anten","Real Time Audio/Video","831219","14302","816917"
"Microsoft Dynamics","Business Application","15958","2647","13311"
"Digital Turbine","Web","152709","34675","118034"
"7digital","Real Time Audio/Video","15183","1493","13690"
"Pluto TV","Real Time Audio/Video","32479767","1264901","31214866"
"adRise","Real Time Audio/Video","72954","11351","61603"
"Tubi TV","Real Time Audio/Video","976323","57029","919294"
"Amazon Alexa Assistant","Business Collaboration","170372","36682","133690"
"Yubo","Internet Instant Messaging","148959","25225","123734"
"Connatix","Real Time Audio/Video","84029240","6191562","77837678"
"Minute Media","Web","185582305","4713849","180868456"
" Revolut","Web","6488","839","5649"
"Jitsi","Real Time Audio/Video","70549","5426","65123"
"Coursera","Web","12016059","5066764","6949295"
"The Blaze","Web","2263962","44047","2219915"
"WordReference.com","Web","70010","11291","58719"
"E! Online","Web","1310383","47165","1263218"
"Hotels.com","Web","99529","2420","97109"
"NHL.com","Web","91843106","2133002","89710104"
"Official Major League Baseball","Web","490788","9765","481023"
"Priceline.com","Web","16659944","3543858","13116086"
"Rotten Tomattoes","Web","1216516","27819","1188697"
"SFGate","Web","1720611","199800","1520811"
"Slate Magazine","Web","1452691","182708","1269983"
"TIME","Web","93786","2815","90971"
"TMZ","Web","586750","38381","548369"
"Nvidia","Web","58438","1319","57119"
"Geforce Now","Gaming","2046077","36126","2009951"
"Call of Duty Mobile","Gaming","27345483","5870044","21475439"
"The Walt Disney Company","Web","1035444","149982","885462"
"Wired","Web","783003","23162","759841"
"Kickstarter","Web","3649565","69353","3580212"
"FedEx","Web","22735772","2162877","20572895"
"Kayak","Web","14654493","339942","14314551"
"Rediff","Web","30710","11671","19039"
"Eventbrite","Web","7714882","126879","7588003"
"G-Core Labs","Web","8967","2670","6297"
"WarnerMedia","Web","313137563","5539321","307598242"
"Bilibili","Web","215985315","4665668","211319647"
"Etahub","Web","11082","3177","7905"
"Unknown virtual protocol","Unclassified","708544","185325","523219"
"h323","Real Time Audio/Video","1093850","7281","1086569"
"ShoreTel","Business Collaboration","74796","28968","45828"
"ZoomCRC","Business Collaboration","8844","4320","4524"
