"Application","Category","Total Bytes","Bytes Received","Bytes Sent"
"Domain Name Service","Network Service","937909202","427496291","510412911"
"eBay.com","Web","221849195","21470732","200378463"
"Google Search","Web","744772768","100439003","644333765"
"Google Maps","Web","92376330","6659781","85716549"
"HyperText Transfer Protocol","Web","2032162521","735916375","1296246146"
"HyperText Transfer Protocol Secure","Web","21192079182","1341995603","19850083579"
"Internet Control Message Protocol","Network Service","4527471073","2719040010","1808431063"
"Internet Message Access Protocol version 4","Email","111779978","39867155","71912823"
"Internet Protocol","Network Service","0","0","0"
"XMPP Protocol (Jabber)","Business Collaboration","984797","526700","458097"
"Real Time Protocol","Business Collaboration","14357212787","2806212439","11551000348"
"Session Initiation Protocol","Business Application","86824185","57802896","29021289"
"Simple Object Access Protocol","Network Service","1400492143","654616432","745875711"
"Secure Socket Layer","Tunneling and VPN","13629814111","2203556890","11426257221"
"Syslog","Management","183777680","183777680","0"
"Transmission Control Protocol","Other TCP/UDP","677809790191","647970044315","29839745876"
"User Datagram Protocol","Other TCP/UDP","166318066910","15617973775","150700093135"
"Youtube.com","Media","11610859318","428955279","11181904039"
"Facebook","Social Networking","72427293973","2490968432","69936325541"
"Google Ads","Web","1697472196","309054132","1388418064"
"Apple Generic Services","Web","6072717317","216467348","5856249969"
"Online Certificate Status Protocol","Business Application","15941034","5999760","9941274"
"iTunes","Media","689881218","90949983","598931235"
"TeamViewer","Remote Desktop","1585863691","1399252981","186610710"
"Bing.com (formerly MSN Search)","Web","645630627","114778681","530851946"
"Windows Update","Web","6883605240","535191634","6348413606"
"Chrome Update","Web","808207865","34843945","773363920"
"Trendmicro Update protocol","Web","4931539","2497134","2434405"
"Google Analytics,Google Marketing Platform","Web","350863798","94164706","256699092"
"Google GStatic","Web","3001425897","138920244","2862505653"
"Dropbox","Storage and Backup","2273599212","938025813","1335573399"
"Google Generic","Web","1375415202","536910856","838504346"
"AccuWeather","Web","19223813","2504923","16718890"
"Amazon Generic Services","Web","4621505645","1557259350","3064246295"
"WhatsApp Messenger","Internet Instant Messaging","54393140536","13145260444","41247880092"
"Apple Push Notification Service","Web","367076470","227575742","139500728"
"iOS over-the-air (OTA) update","Web","1795674984","23845621","1771829363"
"Google Play Store","Media","1760648213","248047564","1512600649"
"iCloud (Apple)","Storage and Backup","12003027659","3143066835","8859960824"
"Instagram","Web","45155658160","1756781210","43398876950"
"Amazon Web Services/Cloudfront CDN","Infrastructure","25951201099","18881555892","7069645207"
"Amazon Prime Video","Media","148123977","7708374","140415603"
"CloudFlare CDN","Infrastructure","8316630338","248121128","8068509210"
"Microsoft Office 365","Business Collaboration","1412167994","133690803","1278477191"
"Pinterest","Web","1026852913","63976362","962876551"
"Microsoft Outlook (Office 365)","Business Application","943208497","276464128","666744369"
"Kijiji.ca","Web","88574313","5329729","83244584"
"Google Accounts","Web","209443750","76875584","132568166"
"Amazon Ad System","Web","340789375","87087775","253701600"
"Snapchat","Social Networking","15084488772","1693577578","13390911194"
"ScorecardResearch","Web","27061802","7428873","19632929"
"Bitstrips","Social Networking","407844451","15987945","391856506"
"Adobe","Business Application","149570095","30186362","119383733"
"Samsung","Web","225304980","82427604","142877376"
"Facebook Messenger","Internet Instant Messaging","4306895983","1620477266","2686418717"
"AppsFlyer","Business Application","62900528","22686336","40214192"
"Mixpanel","Web","13841613","9199732","4641881"
"Google Cloud Storage","Web","2094534140","1791498826","303035314"
"Google Cloud Messaging","Web","170163437","37195168","132968269"
"Apple Location","Web","2307124773","199932768","2107192005"
"AppNexus","Web","254685348","149137879","105547469"
"HyperText Transfer Protocol version 2","Web","13655732007","484233211","13171498796"
"Google Tag Manager","Web","256462874","18794452","237668422"
"Ad Safe Protected","Web","106558087","16400829","90157258"
"Helpshift","Web","1632934","409184","1223750"
"Adjust.com","Web","21924597","8307814","13616783"
"Android connectivity Manager","Network Service","22232588","9842358","12390230"
"Branch Metrics","Web","87252724","21922956","65329768"
"Taboola","Web","237218071","31928784","205289287"
"Microsoft","Web","2948456880","556846794","2391610086"
"Uber (formerly UberCab)","Web","110228600","42680775","67547825"
"Conversant","Web","9909420","2447197","7462223"
"HyperText Transfer Protocol proxy","Network Service","14620450","5753035","8867415"
"Amazon Music","Media","1713107","574023","1139084"
"Google Cloud Platform","Web","42585230","5553293","37031937"
"TikTok (Musical.ly)","Social Networking","82653782468","3521035418","79132747050"
"Google APIs","Web","2421149611","550161882","1870987729"
"Amazon Cognito","Web","28880262","9024824","19855438"
"Unknown virtual protocol","Unclassified","378532171","118339560","260192611"
"SD-WAN Control","SD-WAN","27370076015","14576961063","12793114952"
"SD-WAN Management","SD-WAN","3999578479","1658271271","2341307208"
"TencentMeeting","Business Collaboration","141489031","26076818","115412213"
"Advance Message Queuing Protocol","Network Service","1972","1084","888"
"BitTorrent","Peer to Peer","48534","5341","43193"
"Connection Oriented Transfer Protocol","Network Service","2722","2056","666"
"Dailymotion.com","Media","55636757","4861791","50774966"
"Google Mail","Email","1293675982","161318119","1132357863"
"Google Earth","Web","18390","2925","15465"
"Google Groups","Social Networking","134449","3241","131208"
"Independant Computing Architecture (Citrix)","Remote Desktop","5916","3252","2664"
"Internet Message Access Protocol Secure","Email","12196744","2190067","10006677"
"IPsec (AH and ESP)","Tunneling and VPN","18860402","6656676","12203726"
"Internet Security Association and Key Management Protocol","Tunneling and VPN","115746414","20626672","95119742"
"Kerberos","Authentication","10623","6990","3633"
"Lighweight Directory Access Protocol","Authentication","16250","9884","6366"
"McAfee Client update","Business Application","39653890","5953762","33700128"
"Netbios Name Service","Network Service","10482","10062","420"
"Network Time Protocol","Network Service","818181","569918","248263"
"Post Office Protocol (Version 3)","Email","1038349","138450","899899"
"Secure POP3","Email","618802","57933","560869"
"Port Mapper","Network Service","11282","7322","3960"
"Point-to-Point Tunneling Protocol","Tunneling and VPN","3139","1732","1407"
"QQ","Internet Instant Messaging","294599","109476","185123"
"Remote Desktop Protocol (Windows Terminal Server)","Remote Desktop","252460","149250","103210"
"Real Time Control Protocol","Business Collaboration","354484","136385","218099"
"Real Time Streaming Protocol","Media","16075","9211","6864"
"Skype and Teams","Business Collaboration","93578965","21104339","72474626"
"Server Message Block (Windows File Server)","File Sharing","37006","25720","11286"
"Simple Mail Transfer Protocol","Email","91112","31329","59783"
"Simple Mail Transfer Protocol Secure","Email","29377","21534","7843"
"Simple Network Management Protocol","Management","72585","72585","0"
"SOCKet Secure v4","Tunneling and VPN","26683","17746","8937"
"SOCKet Secure v5","Tunneling and VPN","12856","7962","4894"
"Secure Shell","Tunneling and VPN","3159","2160","999"
"Session Traversal Utilities for NAT","Business Collaboration","6221005","1948072","4272933"
"Tabular Data Stream","Business Application","6566","3932","2634"
"Transparent Network Service (Oracle)","Business Application","2122","1456","666"
"Wikipedia.com","Web","55348197","2098210","53249987"
"X Window System","Business Application","12752","8102","4650"
"Yahoo Search","Web","3185640","278620","2907020"
"Yahoo Mail v.2.0","Email","114504985","19663153","94841832"
"SecondLife.com","Web","47896","20056","27840"
"Windows Live Hotmail","Email","466462909","29254120","437208789"
"Simple Network Paging Protocol","Network Service","23333967","3675180","19658787"
"Secure AIM","Internet Instant Messaging","467866","71183","396683"
"Ask.com","Web","1125559","93664","1031895"
"Expedia.fr","Web","2482946","932137","1550809"
"Travelocity.com","Web","34369","4743","29626"
"Realtor.com","Web","36326","6281","30045"
"WordPress.com","Social Networking","111087478","2341622","108745856"
"Flickr","Social Networking","4884746","312223","4572523"
"LinkedIn","Social Networking","753448347","46785207","706663140"
"Mail.ru Webmail","Email","508989","62869","446120"
"Steampowered.com","Gaming","50208782","1262412","48946370"
"Xbox Live","Gaming","5041679","826071","4215608"
"Badoo.com","Internet Instant Messaging","61008","7040","53968"
"Classmates","Social Networking","1311706","122669","1189037"
"DeviantArt.com","Web","81904","3705","78199"
"Foursquare.com","Web","783745","284142","499603"
"Goodreads.com","Web","287602","61199","226403"
"Last.fm","Media","7183245","98620","7084625"
"Meetup","Web","2981105","1277139","1703966"
"Odnoklassniki.ru","Social Networking","269827089","3913448","265913641"
"ResearchGATE.net","Web","710434","34835","675599"
"ReverbNation.com","Web","20947","5011","15936"
"Tumblr","Social Networking","2909663293","93158712","2816504581"
"Twitter","Social Networking","2051256828","77377755","1973879073"
"Vk.com (Vkontakte)","Social Networking","33352062","375393","32976669"
"Yammer.com","Business Application","9494","1219","8275"
"Yelp.com","Web","18118112","582844","17535268"
"Yandex.ru","Web","7307782","2693012","4614770"
"Spotify","Media","2170398494","159375860","2011022634"
"Baidu.com","Web","8181305","816186","7365119"
"Adobe Flash Plugin Update","Web","10582","2616","7966"
"Teredo protocol","Tunneling and VPN","1762","1452","310"
"Firefox Update","Web","8760824","314318","8446506"
"Apple Update","Web","18330672","1023319","17307353"
"Archive.org","Web","2187431","104865","2082566"
"Opera Update","Web","778624","207042","571582"
"Fsecure Update","Web","193696","19075","174621"
"BitDefender Update","Web","6241845","4299647","1942198"
"Symantec Norton AntiVirus Updates","Web","6640433","79373","6561060"
"Viber","Real Time Audio/Video","34209181","9127415","25081766"
"Playstation Network","Gaming","28355","3505","24850"
"Avira Update","Web","14280","3265","11015"
"Netflix.com","Media","13404200301","193805481","13210394820"
"BBC Player","Media","12425","4357","8068"
"Concur","Business Application","5290245","695926","4594319"
"Google Translate","Web","19670070","4486502","15183568"
"iHeartRADIO","Media","88789","11100","77689"
"PartyPoker.com","Gaming","667864","53049","614815"
"Psiphon","Web","9840","5206","4634"
"Salesforce","Business Application","84094632","29412832","54681800"
"Portal.TidalTV.com","Web","660749","161115","499634"
"UStream","Media","46913278","661423","46251855"
"SiriusXm.com","Media","28114378","2162201","25952177"
"YouKu","Media","1086828","1027050","59778"
"Zoho CRM","Business Application","35541","6812","28729"
"GoToMeeting Online Meeting","Business Collaboration","21877","9301","12576"
"WebEx","Business Collaboration","8458369","2891697","5566672"
"Slingbox","Media","1720006","75458","1644548"
"Bloomberg.com","Web","2552019","257076","2294943"
"Internet Inter-ORB Protocol","Network Service","4976","3014","1962"
"BlackBerry.com","Web","700945","633119","67826"
"Netware Core Protocol","Management","6659","3920","2739"
"10086.cn","Web","12529","8055","4474"
"Adobe Acrobat DC (Document Cloud)","Web","8661687","999955","7661732"
"Alexa","Web","11125","943","10182"
"AlJazeera.net","Web","7987","1535","6452"
"ATT.com (AT&T)","Web","17897","5576","12321"
"Blogger","Web","2877143","141861","2735282"
"Capital One","Web","3962686","1632415","2330271"
"Cnet.com","Web","1925300","78702","1846598"
"CNN (Cable News Network)","Web","33703919","5894077","27809842"
"Comcast","Web","3437531","92468","3345063"
"Daily Mail","Web","11227282","263466","10963816"
"Daum.net","Web","10801944","730418","10071526"
"Fox News","Web","9221709","1041708","8180001"
"FoxSports.com","Web","5538701","175765","5362936"
"Groupon","Web","1680652","89050","1591602"
"IKEA.com","Web","19059","3229","15830"
"Intuit.com","Business Application","1082087","152271","929816"
"Kaspersky.com","Web","400027","176324","223703"
"Match.com","Web","31453","25989","5464"
"Monster.com","Web","21382","3904","17478"
"Mozilla.com - Mozilla.org","Web","255869635","34164317","221705318"
"NASA.gov","Web","7754251","175112","7579139"
"Naver Corporation (formerly NHN Corporation)","Web","120198643","8200941","111997702"
"NBA.com","Web","1029252","32985","996267"
"National Football League (NFL.com)","Web","64128978","5106393","59022585"
"Nike.com","Web","3898432","416873","3481559"
"NYTimes.com","Web","34844551","1729266","33115285"
"PlayStation.com","Web","5920721","841878","5078843"
"Reuters.com","Web","1677210","40350","1636860"
"Reverso.net","Web","502767","12892","489875"
"Sky","Web","2043798","814812","1228986"
"SlideShare","Web","65245","4223","61022"
"Sports Illustrated","Web","2410048","41244","2368804"
"SurveyMonkey.com","Web","117408","20570","96838"
"Univision.com","Web","758363","35962","722401"
"Vimeo","Web","291353723","12533594","278820129"
"WashingtonPost.com","Web","1178122","37300","1140822"
"Weather.com","Web","22926765","1333093","21593672"
"Xbox","Gaming","22941012","1139798","21801214"
"XNXX","Web","12792","4486","8306"
"Xvideos.com","Media","1986359","390624","1595735"
"Youdao.com","Web","197040","90204","106836"
"Youm7.com","Web","4016","984","3032"
"Sina.com.cn","Internet Instant Messaging","4339822","190259","4149563"
"Taobao","Web","25594952","2747366","22847586"
"QQ WeiBo","Web","1146","781","365"
"Google App Engine","Business Application","15748029","2896708","12851321"
"Apple App Store","Web","13288956835","264404314","13024552521"
"Windows Marketplace","Web","747899654","57023241","690876413"
"Apple FaceTime","Real Time Audio/Video","526035176","263257435","262777741"
"Samsung Apps","Web","112028283","8127553","103900730"
"Line","Internet Instant Messaging","917559","73174","844385"
"Scribd.com","Web","137839","9370","128469"
"Shazam","Web","766941","59635","707306"
"SoundCloud","Media","73475401","5206206","68269195"
"TuneIn","Real Time Audio/Video","483644901","7113482","476531419"
"KakaoTalk","Internet Instant Messaging","10296054","670793","9625261"
"QQ.com","Web","109156824","2392571","106764253"
"163.com","Web","493794","208774","285020"
"Alipay","Web","199862","97897","101965"
"Sogou.com","Web","91442","77639","13803"
"360.cn","Web","7499","2229","5270"
"Alibaba.com","Web","7688755","754766","6933989"
"iQiyi","Web","51031","26621","24410"
"51.la","Web","8685","7111","1574"
"Akamai Technologies CDN","Web","781252567","18640550","762612017"
"Zynga.com","Gaming","4080625","1118658","2961967"
"Limelight Networks CDN","Web","1579789276","32714224","1547075052"
"Microsoft Azure (previously Windows Azure)","Infrastructure","691166673","21515869","669650804"
"Datagram Transport Layer Security","Tunneling and VPN","977098235","153664457","823433778"
"ISO Base Media File Format","Real Time Audio/Video","9398973","169017","9229956"
"Yahoo.com","Web","917921741","107607230","810314511"
"KIK Messenger","Internet Instant Messaging","48451918","2461073","45990845"
"WeChat","Internet Instant Messaging","496973201","41734980","455238221"
"MiTalk Messenger (Miliao)","Internet Instant Messaging","174538","26483","148055"
"FC2.com","Social Networking","70769","2048","68721"
"Rakuten.co.jp","Web","797582","101176","696406"
"Ctrip.com","Web","7615","2971","4644"
"QQ Games","Gaming","35389","16373","19016"
"QQ News","Web","98164","8165","89999"
"Tencent.com","Internet Instant Messaging","307662","20406","287256"
"Pornhub","Web","8509","1327","7182"
"Google Talk (incl. Hangouts and Allo and Duo)","Real Time Audio/Video","9214017828","2240471818","6973546010"
"Zoho Corporation","Business Application","34680447","14070042","20610405"
"Nokia Here API","Web","279943","171995","107948"
"MeetMe.com","Social Networking","116232","21487","94745"
"Microsoft SharePoint Online (Office 365)","Business Application","112599632","43470497","69129135"
"Speedtest","File Sharing","955521","766508","189013"
"ESPN.go.com","Web","21171929","1787494","19384435"
"BuzzFeed.com","Web","2245552","328277","1917275"
"Reddit.com","Web","822389835","35049124","787340711"
"Internet Movie Database","Web","51378487","1492723","49885764"
"Apple SIRI","Web","152550576","126248880","26301696"
"Imgur.com","Storage and Backup","5701721","126908","5574813"
"ImageShack","File Sharing","50475","1911","48564"
"Google Documents (aka Google Drive)","Storage and Backup","43688494","10597540","33090954"
"Evernote","Web","13821868","798487","13023381"
"JingDong","Web","135752","27101","108651"
"Apple Maps","Web","1753263","84921","1668342"
"WebSocket","Network Service","1068734","228049","840685"
"Bet365.com","Web","24240","6881","17359"
"LastPass.com","Web","7554","927","6627"
"Mendeley.com","File Sharing","98220","31614","66606"
"Bitcoin client","Peer to Peer","1972","1084","888"
"Paypal.com","Web","68655737","5578812","63076925"
"Orange.com","Web","3393","1494","1899"
"BBC","Web","54539637","3134825","51404812"
"AVG.com","Web","1306784","32739","1274045"
"Marca.com","Web","518944","107060","411884"
"Kooora.com","Web","915406","280331","635075"
"Yield Manager","Web","5216","1222","3994"
"craigslist","Web","5593414","364236","5229178"
"Gazeta.pl","Web","593054","119721","473333"
"Hurriyet.com.tr","Web","53825","14208","39617"
"Internet Small Computer Systems Interface","Network Service","4641","2050","2591"
"Background Intelligent Transfer Service","File Sharing","79878767","8317636","71561131"
"Hotspot Shield","Tunneling and VPN","7153","2305","4848"
"AllMusic.com","Media","3098778","278053","2820725"
"Conviva","Infrastructure","2901433","1534548","1366885"
"AliExpress.com","Web","69642261","1740413","67901848"
"Wp.pl","Web","97657","31737","65920"
"Milliyet.com.tr","Web","90168","13163","77005"
"Stuff.co.nz","Web","79983","2132","77851"
"Eltiempo","Web","4931","664","4267"
"Aol","Web","10426098","2149228","8276870"
"Gameloft Games","Gaming","669735","96664","573071"
"AddThis","Web","14034822","929474","13105348"
"Yadro","Web","26425","10605","15820"
"Nokia","Web","17483","14693","2790"
"Turn","Web","3023181","723430","2299751"
"Quantcast","Web","14697396","2860628","11836768"
"Telegram","Internet Instant Messaging","473486847","35981472","437505375"
"Rovio Entertainment","Gaming","5437792","349599","5088193"
"Candy Crush Saga","Gaming","2991685","1187760","1803925"
"King Digital Entertainment","Gaming","2185861","90036","2095825"
"Waze Social GPS Maps & Traffic","Web","7356346","584574","6771772"
"Fsecure","Web","4015","2347","1668"
"Symantec","Web","9386653","1208271","8178382"
"Oracle","Web","6869073","1860546","5008527"
"Almasryalyoum","Web","22786","936","21850"
"TRUSTe","Web","26050405","2011039","24039366"
"OpenStreetMap","Infrastructure","200619","4628","195991"
"Criteo","Web","124674651","25375725","99298926"
"Zendesk","Business Collaboration","5632680","180512","5452168"
"Google Safe Browsing","Web","12151311","1765649","10385662"
"World Series of Poker","Gaming","121061230","7742264","113318966"
"Inneractive","Web","303768231","234398063","69370168"
"Flurry","Business Application","43937978","7439425","36498553"
"Crittercism","Business Application","15952","104","15848"
"Crashlytics","Web","74904287","10796824","64107463"
"Brightcove","Media","27441741","2376651","25065090"
"Plenty Of Fish","Web","306949147","139044441","167904706"
"Twitch","Media","310469762","9848256","300621506"
"BoldChat Live Chat","Internet Instant Messaging","1444097","430012","1014085"
"OkCupid","Web","11009872","7116492","3893380"
"InMobi","Web","255808238","83774670","172033568"
"Gravatar","Business Collaboration","1117139","145079","972060"
"FreeWheel","Web","2083784","375657","1708127"
"Xiaomi","Web","1981646","639596","1342050"
"Turner","Web","1272040","148806","1123234"
"Nielsen","Web","5302188","1209238","4092950"
"zalo","Internet Instant Messaging","474605","46917","427688"
"Stickyads","Web","9557584","3493032","6064552"
"battlenet","Gaming","36554","11745","24809"
"4CHAN","Web","4112","2633","1479"
"JAVA-RMI","Network Service","7225","4264","2961"
"Smart AdServer","Web","89426173","20458710","68967463"
"Cedexis","Web","9604250","3010887","6593363"
"Amazon Cloud Drive","Web","1526025239","1475048219","50977020"
"Lazada","Web","2764537","89893","2674644"
"Gettyimages","Web","1343728","43778","1299950"
"Curse Inc.","Gaming","146264","4383","141881"
"Google Calendar","Web","15702707","3464896","12237811"
"Clien","Web","3420422","112447","3307975"
"Flipboard","Web","8925089","1013475","7911614"
"Traffic Junky","Web","40705","14512","26193"
"quic","Network Service","3548568","1115965","2432603"
"OpenX","Web","8146625","2050914","6095711"
"PubMatic","Web","74059223","35451877","38607346"
"Index Exchange (previously Casale Media)","Web","32025818","10130639","21895179"
"LOTAME","Web","12669490","1585516","11083974"
"Rubicon Project","Web","96411339","36023645","60387694"
"CPMSTAR","Web","74402","15592","58810"
"ADTECH","Web","1956188","83101","1873087"
"Sizmek (previously MediaMind)","Web","149365114","3119241","146245873"
"AOL One","Web","6365077","234589","6130488"
"Rlcdn","Web","9771078","1771410","7999668"
"Realestate","Web","239056","42168","196888"
"Constant Contact","Web","49141506","7175935","41965571"
"GitHub","Web","37857105","725480","37131625"
"Sabah","Web","18064","3000","15064"
"Atlassian","Web","1701123","138676","1562447"
"Pastebin","Web","2131","910","1221"
"Kakaocdn","Infrastructure","10042640","209069","9833571"
"Advertising.com","Web","5506674","1768964","3737710"
"Facebook Embedded Video","Media","3772118702","60797872","3711320830"
"Bizographics","Web","24451","5331","19120"
"Yallakora","Web","567447","56005","511442"
"Scotiabank","Web","35468424","4964949","30503475"
"Atlas Solutions","Web","325440","74492","250948"
"Urbanairship","Web","3308362","920661","2387701"
"BootstrapCDN","Web","3593544","233944","3359600"
"Apple Music","Media","868885649","25760758","843124891"
"Outbrain","Web","70656297","11222694","59433603"
"CBS Video","Web","45728593","579698","45148895"
"LogMeIn","Remote Desktop","187531","6927","180604"
"Fastly","Web","2239581","141588","2097993"
"Unruly","Web","2210799","820594","1390205"
"Disney Channel","Web","2417377","140706","2276671"
"Rogers TV","Web","18156819","1298957","16857862"
"UpLynk","Web","728499","128902","599597"
"NBC","Web","7124372","545930","6578442"
"Localytics","Web","1007894","346564","661330"
"MoPub","Web","443100","121990","321110"
"Applovin","Web","1750644589","595723796","1154920793"
"Moat","Web","148093411","39522726","108570685"
"Krux","Web","6319885","821065","5498820"
"Perform","Web","2743312","150775","2592537"
"Periscope","Media","269692681","2272290","267420391"
"Microsoft Sway (Office 365)","Business Application","8526","1106","7420"
"Microsoft Office OneNote (Office 365)","Business Application","1548833","579043","969790"
"Heap","Web","24292812","12519134","11773678"
"Optimizely","Web","14867004","3131992","11735012"
"Liveperson","Web","19949695","1735096","18214599"
"Rovi corporation","Web","6331057","307250","6023807"
"Zopim","Web","1317221","188797","1128424"
"Mapbox","Web","10042421","427983","9614438"
"SDE","Web","1938","428","1510"
"Microsoft Excel Online (Office 365)","Web","8252618","2766849","5485769"
"Rackspace","Web","1733224672","155186309","1578038363"
"Signal","Web","1298628","149437","1149191"
"LiveChat","Web","657642","44373","613269"
"Riffsy (Tenor.co)","Web","1117089","39420","1077669"
"Ensighten","Web","5973924","751671","5222253"
"Tune","Web","152683","38190","114493"
"Smaato","Web","21195407","11370130","9825277"
"Braintree","Web","371431","97539","273892"
"Verizon","Web","116570668","100259015","16311653"
"MediaMath","Web","12709942","3836202","8873740"
"LKQD","Web","173700","53880","119820"
"jQuery","Web","10967239","565836","10401403"
"Everest Technologies","Web","50454763","5329785","45124978"
"TubeMogul","Web","668403","86418","581985"
"Bleacher Report","Web","1408219","36351","1371868"
"SpotXchange","Web","5504289","2248656","3255633"
"Microsoft OneDrive","Web","490167634","439682150","50485484"
"Umeng","Web","337536","182084","155452"
"Revcontent","Web","18062057","1533033","16529024"
"New Relic","Web","37515752","21235720","16280032"
"MobFox","Web","56199","16871","39328"
"Yandex Maps","Web","9150","2973","6177"
"Google Photos (formerly Google Picasa)","Web","16415853","2702986","13712867"
"Liftoff","Web","2113822","765158","1348664"
"Baidu Maps","Web","86410","15438","70972"
"Bank of America","Web","2522974","179159","2343815"
"QQVideo","Web","1182911","48037","1134874"
"Slack","Web","136725838","6941314","129784524"
"ICY (I Can Yell)","Media","13708805","210409","13498396"
"Ethernet/IP","Network Service","1436961","1360446","76515"
"Younow","Web","143889093","63771352","80117741"
"Bazaarvoice","Web","5594518","413727","5180791"
"Teads","Web","14811969","1886362","12925607"
"MQ Telemetry Transport","Network Service","3268","2002","1266"
"Clicktale","Web","6245651","3148033","3097618"
"Adk2","Web","32729","2091","30638"
"Adform","Web","21067306","3787344","17279962"
"hotjar","Web","25458002","11651137","13806865"
"ZoomMeetings","Business Collaboration","2550137130","840204026","1709933104"
"Pokemon GO","Gaming","183936258","8280193","175656065"
"CDNetworks","Infrastructure","11917","1967","9950"
"Weborama","Web","68588","16690","51898"
"Constrained Application Protocol","Network Service","3280","2176","1104"
"Highwinds","Web","34685377","566262","34119115"
"Wells Fargo","Web","5713436","1513735","4199701"
"Innovid","Web","280476566","6488631","273987935"
"StackOverflow","Web","465971","9403","456568"
"Wix","Web","27018537","1279488","25739049"
"Tinder","Web","540747250","21133365","519613885"
"GIPHY","Web","138643360","3584598","135058762"
"Shutterstock","Web","2734030","73478","2660552"
"Firebase Cloud Messaging","Web","431899688","191976620","239923068"
"Heroku","Web","2930097","521285","2408812"
"IMO Video Calling Application","Media","10414047","3051542","7362505"
"Bidswitch","Web","23128986","8377176","14751810"
"Clash of Clans","Gaming","80236951","6500044","73736907"
"Supercell","Gaming","3185644","871890","2313754"
"Microsoft Word Online (Office 365)","Business Collaboration","5425789","266496","5159293"
"Microsoft Powerpoint Online (Office 365)","Business Collaboration","8865363","811658","8053705"
"OPC Unified Architecture","Web","1972","1084","888"
"Signal Private Messenger (Open Whisper Systems)","Internet Instant Messaging","2867025","833831","2033194"
"StreamRail","Media","170778","27553","143225"
"Bugsnag","Web","8966727","7173719","1793008"
"Vidyard","Web","140058","18443","121615"
"Apple Game Center","Gaming","14784080","3737915","11046165"
"Nintendo","Gaming","3212524","121933","3090591"
"ADventori","Web","133907","33811","100096"
"Tealium","Web","8085440","1751589","6333851"
"Audible","Real Time Audio/Video","646194","443914","202280"
"Flashtalking","Web","6489252","960714","5528538"
"Sharethrough","Web","46393758","14611490","31782268"
"AdColony","Web","17579322","6036142","11543180"
"Yieldmo","Web","29526276","4334066","25192210"
"Google Classroom","Web","5165238","3143155","2022083"
"Samsung Update","Web","3045389045","57525584","2987863461"
"Huawei","Web","2364092","998151","1365941"
"Mail.Ru Love","Web","4032","1337","2695"
"MGID","Web","29992171","1046227","28945944"
"ULP","Network Service","1248855","55333","1193522"
"Amazon Chime","Business Collaboration","39809","7372","32437"
"Savefrom","Web","5843292","1162100","4681192"
"MaxCDN","Web","2051657","144462","1907195"
"DoubleVerify","Web","93373899","17208754","76165145"
"Media Innovation Group","Web","1736720","453444","1283276"
"Booking.com","Web","31907713","4280251","27627462"
"Walmart","Web","3967004","2223369","1743635"
"Avast","Web","27815025","3621247","24193778"
"DocuSign","Web","62606958","2621296","59985662"
"Okta","Web","95740579","22046549","73694030"
"PulsePoint","Web","5176341","1541508","3634833"
"eXelate","Web","1956866","497706","1459160"
"Autodesk Fusion 360","Tunneling and VPN","1633480","175361","1458119"
"Sonobi","Web","11868536","4604820","7263716"
"Cloudinary","Web","47558583","913833","46644750"
"Optus","Web","840028","34028","806000"
"Google Secure User Plane Location","Web","609398","100796","508602"
"Gfycat","Web","59282","22793","36489"
"Amplitude","Web","103267450","96165950","7101500"
"T-Mobile","Web","663815","56756","607059"
"Kahoot!","Web","3000557","22199","2978358"
"Sportradar","Web","1255549","100166","1155383"
"Wall Street Journal","Web","33190608","5600539","27590069"
"ChinaNetCenter ","Web","2841","1111","1730"
"Niantic, Inc","Web","4700477","1033199","3667278"
"Snow","Internet Instant Messaging","3330267","279738","3050529"
"Clash Royale","Gaming","106737219","7107030","99630189"
"Mail.com","Email","71900435","14590411","57310024"
"United Internet","Web","11672699","1382801","10289898"
"Workplace By Facebook","Social Networking","6996820","3881503","3115317"
"Microsoft teams","Internet Instant Messaging","3141631150","1083398018","2058233132"
"Electronic Arts","Web","271375560","10369672","261005888"
"Facebook Lite","Social Networking","4819125","553580","4265545"
"Demonware","Web","117973138","26389162","91583976"
"Kakao","Web","389013","94063","294950"
"Digioh","Web","1114636","35818","1078818"
"Apptimize","Web","79796","16640","63156"
"UC Browser","Web","443161","393065","50096"
"x_vpn","Tunneling and VPN","503824","50075","453749"
"Mediascope","Web","67991","15669","52322"
"Data Saver","Web","4908832","250620","4658212"
"kafka","Network Service","58733","6286","52447"
"Domain Name Service Crypt","Network Service","1792504","885594","906910"
"Adtelligent","Web","1578960","545056","1033904"
"Youtube Music","Media","96846","7780","89066"
"Akamai Video","Media","439124318","10263616","428860702"
"Appnext","Web","55264","7453","47811"
"Tenor","Web","4562795","1025367","3537428"
"Cisco","Web","8112909","1715502","6397407"
"IronSource","Business Application","267339787","26389647","240950140"
"Splunk Cloud","Storage and Backup","595284","329950","265334"
"Fortnite","Gaming","87419239","21523611","65895628"
"Fox Networks","Web","5718308","178665","5539643"
"9GAG","File Sharing","34671","6130","28541"
"Text Me","Internet Instant Messaging","9617348","2724464","6892884"
"AnchorFree","Tunneling and VPN","64880","24686","40194"
"Epic_games","Gaming","18748509","8727657","10020852"
"Vonage Mobile","Media","105336","30659","74677"
"Disqus","Web","23793696","1641803","22151893"
"IBM","Web","1984990","96913","1888077"
"Grammarly","Web","25260168","10266227","14993941"
"Spring Tech VPN","Tunneling and VPN","28770","28770","0"
"Simpli.fi","Web","6368092","563186","5804906"
"ByteDance","Web","701668941","132746731","568922210"
"Barracuda Networks","Web","3925265","407372","3517893"
"RingCentral","Business Collaboration","304800","101357","203443"
"Google News","Web","837660","103109","734551"
"PlayerUnknown's BattleGrounds","Gaming","6506","1226","5280"
"Visual IQ","Web","256473","63213","193260"
"Alibaba Group","Web","392097","71981","320116"
"Alibaba Cloud","Web","46436251","18392206","28044045"
"League of Legends","Gaming","3756932","760451","2996481"
"Discord","Internet Instant Messaging","4369425875","63825421","4305600454"
"CarbonBlack website","Web","4830565","3945528","885037"
"ExpressVPN","Tunneling and VPN","631465","252811","378654"
"Redis","Business Application","5650","3019","2631"
"TechRadar","Web","1862437","92988","1769449"
"Future_plc","Web","5056370","299943","4756427"
"Inskin","Web","104692","8128","96564"
"Monday.com","Web","9241219","968745","8272474"
"Wish","Web","253590","10371","243219"
"Google Play Books","Web","970270","139295","830975"
"DICOM","Network Service","1334","680","654"
"ProtonMail","Email","589582","48763","540819"
"Minecraft","Gaming","369627","183954","185673"
"AWS Console","Business Application","6216429","4782659","1433770"
"Ted Conferences","Web","66206231","819009","65387222"
"Prezi","Web","23796","2105","21691"
"Basecamp","Business Application","6015020","2291558","3723462"
"Apple News","Web","195497977","8452027","187045950"
"iBooks","Web","14177970","755761","13422209"
"Fandom","Web","388797","11331","377466"
"Tesla","Web","3742244","109691","3632553"
"Google GSuite","Web","49441275","4318011","45123264"
"Vungle","Web","237337492","10050790","227286702"
"W3Schools","Web","481613","70959","410654"
"OpenSignal","Web","48473","43310","5163"
"Megaphone","Web","1613044909","20089869","1592955040"
"HTTP Injector","Tunneling and VPN","19167","7413","11754"
"TripAdvisor","Web","50744876","2087796","48657080"
"PubNub","Web","5736054","1603198","4132856"
"Yolo","Web","167934","72511","95423"
"Unknown virtual protocol","Unclassified","693435274","62846469","630588805"
"Unknown virtual protocol","Unclassified","24163474","954142","23209332"
"Unknown virtual protocol","Unclassified","4912514","415301","4497213"
"Unknown virtual protocol","Unclassified","39401679","4101442","35300237"
"Unknown virtual protocol","Unclassified","366673","172401","194272"
"NetEase","Web","6149851","88551","6061300"
"Unknown virtual protocol","Unclassified","326007","271520","54487"
"Unknown virtual protocol","Unclassified","213689","76278","137411"
"Unknown virtual protocol","Unclassified","14360472","516509","13843963"
"Unknown virtual protocol","Unclassified","6987971","5403530","1584441"
"Unknown virtual protocol","Unclassified","5366968","147960","5219008"
"Google Blog","Web","11940","2067","9873"
"Google Pay","Web","9377057","2398620","6978437"
"Bumble","Web","227416293","14960855","212455438"
"National Public Radio","Web","4613406","278644","4334762"
"Acast","Real Time Audio/Video","34369015","169854","34199161"
"Raknet","Gaming","9442","2562","6880"
"Wireguard","Tunneling and VPN","4983133898","339580552","4643553346"
"Mario Kart Tour","Gaming","1459425","524867","934558"
"Firework","Internet Instant Messaging","1665435","273377","1392058"
"Google Messages","Internet Instant Messaging","20471318","6984183","13487135"
"JWPLAYER","Web","289240455","5405597","283834858"
"Bigo","Web","10733330","382571","10350759"
"BAMTech","Real Time Audio/Video","30882466","14397892","16484574"
"Disney Plus","Real Time Audio/Video","5087997842","39166228","5048831614"
"Agora","Network Service","677379","259825","417554"
"Grand Theft Auto 5","Gaming","383631","36928","346703"
"Quora","Social Networking","32819302","13704427","19114875"
"Toutiao","Web","153075","19262","133813"
"Tuchong","Web","27855277","26678530","1176747"
"Airbnb","Web","10905409","546862","10358547"
"Activision-Blizzard","Web","159326","96776","62550"
"MediaLab","Web","590912","369693","221219"
"Wangwang","Internet Instant Messaging","443267","286223","157044"
"Code42","Web","1209232","117456","1091776"
"Advanced Hosting","Web","6631174","74168","6557006"
"Workday","Business Application","11847751","1106272","10741479"
"Shopify","Web","113859088","2796478","111062610"
"StackPath","Web","2892972","85087","2807885"
"Ximalaya","Real Time Audio/Video","11451","8886","2565"
"Uber Eats","Web","3734765","994565","2740200"
"DoorDash","Web","270471","137962","132509"
"Fifa","Gaming","5054921","564176","4490745"
"Houseparty","Real Time Audio/Video","289554","42661","246893"
"Roblox","Gaming","1587589716","103179409","1484410307"
"Likee","Internet Instant Messaging","7391307","1657635","5733672"
"Citrix","Web","324750","124700","200050"
"Microsoft Dynamics","Business Application","9474652","2066838","7407814"
"Digital Turbine","Web","221495388","1731273","219764115"
"Pluto TV","Real Time Audio/Video","2578856","87058","2491798"
"adRise","Real Time Audio/Video","29290","5125","24165"
"Tubi TV","Real Time Audio/Video","26229","6461","19768"
"Demandbase","Web","975498","53321","922177"
"KOCHAVA","Web","1361596","328140","1033456"
"Sift Science","Web","596741","117774","478967"
"Amazon Alexa Assistant","Business Collaboration","3053724","798407","2255317"
"Spotify Audio","Real Time Audio/Video","1029795459","14851460","1014943999"
"Yubo","Internet Instant Messaging","764428","443425","321003"
"Connatix","Real Time Audio/Video","68674954","3836753","64838201"
"Minute Media","Web","37222123","353821","36868302"
"UserReport","Web","182796","31241","151555"
"Xbox Cloud Gaming","Gaming","87405","43347","44058"
"Pendo","Web","11285203","3451030","7834173"
"Jitsi","Real Time Audio/Video","44418629","7742090","36676539"
"Go Daddy","Web","33298751","672694","32626057"
"Contentful","Web","333732605","11324125","322408480"
"Coursera","Web","2129340","72480","2056860"
"The Blaze","Web","6139330","113370","6025960"
"E! Online","Web","85171","2883","82288"
"Hotels.com","Web","142184","8333","133851"
"Indeed","Web","40590946","11230307","29360639"
"NHL.com","Web","13137010","488531","12648479"
"Official Major League Baseball","Web","569323","24430","544893"
"Rotten Tomattoes","Web","85355","3298","82057"
"Slate Magazine","Web","775164","32022","743142"
"The Daily Beast","Web","157105","5711","151394"
"The Free Dictionary","Web","11102","3106","7996"
"Nvidia","Web","33034725","25882943","7151782"
"Geforce Now","Gaming","3942241","2113622","1828619"
"Call of Duty Mobile","Gaming","1178180","209631","968549"
"The Walt Disney Company","Web","102678","34247","68431"
"Wired","Web","88924","6054","82870"
"Kickstarter","Web","103598174","1349425","102248749"
"FedEx","Web","10479882","914697","9565185"
"Kayak","Web","22598403","861957","21736446"
"Eventbrite","Web","4457685","124719","4332966"
"WarnerMedia","Web","56859033","1297538","55561495"
"Bilibili","Web","169675710","5158080","164517630"
"Wargaming","Web","3282","304","2978"
"Digicert","Web","23043233","3297005","19746228"
"Datadog","Web","208451","123710","84741"
"Font Awesome","Web","14445965","1184436","13261529"
"Intercom","Web","36109680","11049523","25060157"
"Unknown virtual protocol","Unclassified","7770","1306","6464"
"Unknown virtual protocol","Unclassified","23084","14005","9079"
"ShoreTel","Business Collaboration","14880","5712","9168"
"RingCentralApp","Business Collaboration","37401","17354","20047"
"Microsoft Power BI (Office 365)","Web","28953","4160","24793"
"UDP Data Transfer protocol","File Sharing","26292","832","25460"
"Unknown virtual protocol","Unclassified","114041","18611","95430"
