"Application","Category","Total Bytes","Bytes Received","Bytes Sent"
"Domain Name Service","Network Service","1135693333","502090080","633603253"
"Google Mail","Email","2403160203","293231819","2109928384"
"Google Search","Web","1364424412","166933857","1197490555"
"Google Maps","Web","302842719","32169677","270673042"
"HyperText Transfer Protocol","Web","3577830132","118049835","3459780297"
"HyperText Transfer Protocol Secure","Web","578380969583","4184758652","574196210931"
"Internet Control Message Protocol","Network Service","4193307186","2520241714","1673065472"
"Internet Message Access Protocol version 4","Email","111278749","34250866","77027883"
"Internet Message Access Protocol Secure","Email","50130947","4604922","45526025"
"Internet Protocol","Network Service","0","0","0"
"Internet Security Association and Key Management Protocol","Tunneling and VPN","2010523318","172468060","1838055258"
"XMPP Protocol (Jabber)","Business Collaboration","27530639","2945034","24585605"
"Network Time Protocol","Network Service","815423","433418","382005"
"Post Office Protocol (Version 3)","Email","520641","11156","509485"
"QQ","Internet Instant Messaging","99003188","23586768","75416420"
"Skype and Teams","Business Collaboration","296925574","17765454","279160120"
"Simple Object Access Protocol","Network Service","3411147648","790254518","2620893130"
"Secure Socket Layer","Tunneling and VPN","108666825195","3210223015","105456602180"
"Session Traversal Utilities for NAT","Business Collaboration","198158139","78131872","120026267"
"Transmission Control Protocol","Other TCP/UDP","11304222102","325978913","10978243189"
"User Datagram Protocol","Other TCP/UDP","333980279923","21882097344","312098182579"
"Yahoo Mail v.2.0","Email","218196338","42597822","175598516"
"Youtube.com","Media","108178093944","2055446149","106122647795"
"Facebook","Social Networking","189100656025","4341106044","184759549981"
"Google Ads","Web","2844618946","316314538","2528304408"
"Windows Live Hotmail","Email","137520754","17533043","119987711"
"Expedia.fr","Web","14385998","4784721","9601277"
"WordPress.com","Social Networking","95611638","2701132","92910506"
"LinkedIn","Social Networking","1231981716","93603383","1138378333"
"Apple Generic Services","Web","31992363500","488150281","31504213219"
"Online Certificate Status Protocol","Business Application","89452722","12948358","76504364"
"Steampowered.com","Gaming","656229116","11731804","644497312"
"Xbox Live","Gaming","689502610","2604322","686898288"
"Foursquare.com","Web","2818856","514353","2304503"
"Twitter","Social Networking","3944761040","151912379","3792848661"
"Vk.com (Vkontakte)","Social Networking","554215240","25075458","529139782"
"Yandex.ru","Web","21566597","5535744","16030853"
"iTunes","Media","12456376843","237504133","12218872710"
"Spotify","Media","10486329263","425178973","10061150290"
"TeamViewer","Remote Desktop","644183011","410695432","233487579"
"Bing.com (formerly MSN Search)","Web","536271107","64648142","471622965"
"Baidu.com","Web","1164667327","104893199","1059774128"
"Adobe Flash Plugin Update","Web","346729","27165","319564"
"Windows Update","Web","4922962237","233965052","4688997185"
"Chrome Update","Web","495820330","12089759","483730571"
"Opera Update","Web","3021454","997109","2024345"
"BitDefender Update","Web","434271","135170","299101"
"Viber","Real Time Audio/Video","17824126","1288941","16535185"
"Netflix.com","Media","57904283938","562913607","57341370331"
"Google Analytics,Google Marketing Platform","Web","521963908","122186569","399777339"
"Google GStatic","Web","5761757561","217367043","5544390518"
"Salesforce","Business Application","17455089","3958383","13496706"
"YouKu","Media","1801725","1408940","392785"
"WHOIS","Network Service","2243","92","2151"
"Google Generic","Web","2759090186","668804852","2090285334"
"AccuWeather","Web","26029811","3498458","22531353"
"Amazon Generic Services","Web","5661619008","1413760031","4247858977"
"CNN (Cable News Network)","Web","69396241","10916137","58480104"
"Daily Mail","Web","238023374","8696316","229327058"
"Daum.net","Web","194140561","6568178","187572383"
"Mozilla.com - Mozilla.org","Web","53063571","8969466","44094105"
"Naver Corporation (formerly NHN Corporation)","Web","507683555","37114373","470569182"
"Reuters.com","Web","11816712","365719","11450993"
"Vimeo","Web","518098039","3434392","514663647"
"Weather.com","Web","41469801","4017985","37451816"
"Xbox","Gaming","2934415","73875","2860540"
"QQDownload","Peer to Peer","15830","6618","9212"
"WhatsApp Messenger","Internet Instant Messaging","29483674617","12362055304","17121619313"
"OICQ","Internet Instant Messaging","84496","50571","33925"
"Taobao","Web","94229510","13529871","80699639"
"QQ WeiBo","Web","2006399","335017","1671382"
"Apple App Store","Web","21389058167","285724709","21103333458"
"Windows Marketplace","Web","1167519797","38130034","1129389763"
"GMX webmail","Email","1792262","358228","1434034"
"Apple FaceTime","Real Time Audio/Video","11774172972","5825811827","5948361145"
"Apple Push Notification Service","Web","635188366","440184668","195003698"
"iOS over-the-air (OTA) update","Web","11672902119","95209187","11577692932"
"Samsung Apps","Web","96703863","7919729","88784134"
"Google Play Store","Media","3056341726","294571254","2761770472"
"Line","Internet Instant Messaging","3236504245","1793154889","1443349356"
"iCloud (Apple)","Storage and Backup","37044975524","18905933125","18139042399"
"Instagram","Web","173999918153","5171669959","168828248194"
"SoundCloud","Media","419519796","21614856","397904940"
"Amazon Web Services/Cloudfront CDN","Infrastructure","33621394300","2469172464","31152221836"
"Amazon Prime Video","Media","2528423464","32597578","2495825886"
"QQ.com","Web","4904763045","100843657","4803919388"
"Sohu.com","Web","3572934","392979","3179955"
"Alipay","Web","48253289","3067295","45185994"
"Sogou.com","Web","2973663","985519","1988144"
"Tianya","Web","33500","3734","29766"
"360.cn","Web","42768098","6520139","36247959"
"Alibaba.com","Web","159772956","35215621","124557335"
"Akamai Technologies CDN","Web","10680635808","210138325","10470497483"
"Microsoft Azure (previously Windows Azure)","Infrastructure","227592502","11248743","216343759"
"ISO Base Media File Format","Real Time Audio/Video","855108669","8993208","846115461"
"Yahoo.com","Web","1557768975","160019951","1397749024"
"WeChat","Internet Instant Messaging","50292372368","1395309018","48897063350"
"Goo.ne.jp","Web","2497075","95818","2401257"
"Nikkei.com","Web","2591426","146193","2445233"
"QQ Games","Gaming","6273015","1202176","5070839"
"QQ Mail","Email","3532810","1085213","2447597"
"Tencent.com","Internet Instant Messaging","82006742","4119729","77887013"
"CloudFlare CDN","Infrastructure","88585134757","597616446","87987518311"
"Microsoft Office 365","Business Collaboration","1276471772","131655224","1144816548"
"Zoho Corporation","Business Application","27546573","14618824","12927749"
"ESPN.go.com","Web","119074059","6470428","112603631"
"Pinterest","Web","927745246","42998114","884747132"
"Microsoft Outlook (Office 365)","Business Application","1073121980","264656299","808465681"
"Reddit.com","Web","6666797320","168744063","6498053257"
"Internet Movie Database","Web","66963583","2057083","64906500"
"Apple SIRI","Web","102988143","59729061","43259082"
"Imgur.com","Storage and Backup","543157895","4369837","538788058"
"Google Documents (aka Google Drive)","Storage and Backup","205057704","63571381","141486323"
"Apple Maps","Web","5130077","306937","4823140"
"Paypal.com","Web","16613604","1998161","14615443"
"MercadoLibre (aka MercadoLivre)","Web","992566","237138","755428"
"Conviva","Infrastructure","3489367","2228094","1261273"
"AliExpress.com","Web","60825498","1846670","58978828"
"Wp.pl","Web","84157","18167","65990"
"Google Accounts","Web","851805608","244099290","607706318"
"Amazon Ad System","Web","331919724","67752371","264167353"
"Snapchat","Social Networking","10765683317","772479009","9993204308"
"Turn","Web","7305847","1800545","5505302"
"ScorecardResearch","Web","642744650","13811058","628933592"
"Quantcast","Web","37789357","6012554","31776803"
"Telegram","Internet Instant Messaging","2441091419","70413643","2370677776"
"Oracle","Web","11275438","3203117","8072321"
"Bitstrips","Social Networking","435821696","22514592","413307104"
"Criteo","Web","250124996","39981499","210143497"
"Adobe","Business Application","636225621","87624264","548601357"
"Google Safe Browsing","Web","269800056","201820246","67979810"
"Inneractive","Web","170202972","113640728","56562244"
"Flurry","Business Application","73344782","20226684","53118098"
"Samsung","Web","231337782","93245047","138092735"
"Crashlytics","Web","64298987","4924551","59374436"
"Brightcove","Media","373149261","2881505","370267756"
"Facebook Messenger","Internet Instant Messaging","11179338740","5177569733","6001769007"
"InMobi","Web","350301879","30767635","319534244"
"AppsFlyer","Business Application","119850261","31873913","87976348"
"FreeWheel","Web","2201017","600576","1600441"
"Xiaomi","Web","6537361101","135797355","6401563746"
"Turner","Web","29524225","650447","28873778"
"Nielsen","Web","29956895","2777460","27179435"
"Stickyads","Web","23367763","11875234","11492529"
"Mixpanel","Web","14147486","9835171","4312315"
"Smart AdServer","Web","100324637","42643799","57680838"
"Taobao Ad Network and Exchange","Web","6612159","4782171","1829988"
"Cedexis","Web","11826824","2995487","8831337"
"Google Cloud Storage","Web","1195250454","387727397","807523057"
"Google Cloud Messaging","Web","185262336","37625551","147636785"
"Apple Location","Web","5154254391","514254279","4640000112"
"OpenX","Web","13450676","3669691","9780985"
"PubMatic","Web","197376837","114805651","82571186"
"Index Exchange (previously Casale Media)","Web","52450639","20807311","31643328"
"LOTAME","Web","16254411","2980907","13273504"
"Rubicon Project","Web","203217539","79630292","123587247"
"Sizmek (previously MediaMind)","Web","24560512","1086374","23474138"
"AppNexus","Web","753859212","416004600","337854612"
"Rlcdn","Web","17871766","3559502","14312264"
"HyperText Transfer Protocol version 2","Web","35776476936","702735209","35073741727"
"GitHub","Web","1199393218","6660200","1192733018"
"Google Tag Manager","Web","397147815","17568037","379579778"
"Facebook Embedded Video","Media","9517856971","76872976","9440983995"
"Ad Safe Protected","Web","172972403","24539917","148432486"
"Adjust.com","Web","35535435","14907593","20627842"
"Urbanairship","Web","7318249","2152891","5165358"
"BootstrapCDN","Web","7123881","418230","6705651"
"Apple Music","Media","1407544178","13806788","1393737390"
"Outbrain","Web","161091819","27000950","134090869"
"Unruly","Web","11219257","5519209","5700048"
"Disney Channel","Web","8519170","251176","8267994"
"Rogers TV","Web","32946598","2975943","29970655"
"NBC","Web","31516749","2825144","28691605"
"Localytics","Web","6767507","1136334","5631173"
"MoPub","Web","330043","87038","243005"
"Applovin","Web","1438275309","399034096","1039241213"
"Android connectivity Manager","Network Service","19715282","10024634","9690648"
"Moat","Web","208472177","56761620","151710557"
"Krux","Web","24241640","2188980","22052660"
"Periscope","Media","5643676","249602","5394074"
"Branch Metrics","Web","273680085","41872113","231807972"
"Optimizely","Web","27065647","3041913","24023734"
"Taboola","Web","369265699","56178067","313087632"
"Ensighten","Web","26196751","1514113","24682638"
"Smaato","Web","15774793","5802431","9972362"
"MediaMath","Web","12255108","4676012","7579096"
"Everest Technologies","Web","22647024","7087441","15559583"
"SpotXchange","Web","20289973","6925368","13364605"
"Microsoft OneDrive","Web","737520353","459612401","277907952"
"Microsoft","Web","2821162089","633320354","2187841735"
"Umeng","Web","9480080","4946775","4533305"
"Revcontent","Web","112918021","4375387","108542634"
"New Relic","Web","104543111","57815130","46727981"
"Liftoff","Web","3089456","1119354","1970102"
"Baidu Maps","Web","10230001","1440744","8789257"
"Conversant","Web","8273369","2754148","5519221"
"Teads","Web","201232340","8600053","192632287"
"Adform","Web","33613700","4393133","29220567"
"hotjar","Web","208334800","15470544","192864256"
"HyperText Transfer Protocol proxy","Network Service","40212020","12924485","27287535"
"Highwinds","Web","67228510","1068237","66160273"
"Tinder","Web","1691333039","44891779","1646441260"
"Firebase Cloud Messaging","Web","1418879432","1082549200","336330232"
"IMO Video Calling Application","Media","25642491","2381226","23261265"
"Bidswitch","Web","47903646","18640698","29262948"
"Bugsnag","Web","6294669","3725374","2569295"
"Apple Game Center","Gaming","157912433","140831949","17080484"
"Flashtalking","Web","60152382","5084839","55067543"
"Sharethrough","Web","111017927","23677244","87340683"
"AdColony","Web","23790694","8194655","15596039"
"Yieldmo","Web","25624818","4642026","20982792"
"Huawei","Web","908574850","33212873","875361977"
"MGID","Web","9755711","413779","9341932"
"ULP","Network Service","10888642","232751","10655891"
"DoubleVerify","Web","148847921","24705857","124142064"
"Media Innovation Group","Web","2148172","589416","1558756"
"Avast","Web","87020874","4194270","82826604"
"PulsePoint","Web","11645142","3840567","7804575"
"eXelate","Web","4011613","1085111","2926502"
"Sonobi","Web","27367302","12481234","14886068"
"Google Secure User Plane Location","Web","2528888","377803","2151085"
"Amplitude","Web","238176138","212072855","26103283"
"Google Cloud Platform","Web","88292450","18388636","69903814"
"United Internet","Web","216030","56870","159160"
"Microsoft teams","Internet Instant Messaging","791679077","67440789","724238288"
"Kakao","Web","3693637","842364","2851273"
"Apptimize","Web","276103","81458","194645"
"UC Browser","Web","9285283","3082823","6202460"
"Tenor","Web","63915055","10296357","53618698"
"Cisco","Web","16304643","7886217","8418426"
"Disqus","Web","84497960","5825500","78672460"
"Grammarly","Web","121304140","39943608","81360532"
"Simpli.fi","Web","20232499","1583502","18648997"
"ByteDance","Web","788799797","135731118","653068679"
"TikTok (Musical.ly)","Social Networking","105679383319","2605830390","103073552929"
"Visual IQ","Web","736053","219409","516644"
"Alibaba Group","Web","8609823","592159","8017664"
"Alibaba Cloud","Web","208749753","16366751","192383002"
"Discord","Internet Instant Messaging","1676037344","53370636","1622666708"
"ExpressVPN","Tunneling and VPN","2673998","765336","1908662"
"WorkspaceOne","Web","79889","34221","45668"
"Apple News","Web","381333277","12749581","368583696"
"Google GSuite","Web","5342644","1056347","4286297"
"Vungle","Web","307783142","13373960","294409182"
"Google APIs","Web","7344422059","2815808949","4528613110"
"TripAdvisor","Web","42236095","1547652","40688443"
"Amazon Cognito","Web","32946715","10491964","22454751"
"Unknown virtual protocol","Unclassified","18199809967","223860223","17975949744"
"Unknown virtual protocol","Unclassified","118370562","2474037","115896525"
"Unknown virtual protocol","Unclassified","1136082304","280929618","855152686"
"NetEase","Web","338349306","6524971","331824335"
"Unknown virtual protocol","Unclassified","1720899","863853","857046"
"Unknown virtual protocol","Unclassified","247492495","65625548","181866947"
"Unknown virtual protocol","Unclassified","8687547","4451647","4235900"
"Google Pay","Web","17474102","3486370","13987732"
"Google Messages","Internet Instant Messaging","131288190","36647005","94641185"
"Baidu Tieba","Social Networking","31766963","4000638","27766325"
"Wangwang","Internet Instant Messaging","11815043","5151913","6663130"
"Shopify","Web","190858274","3459956","187398318"
"Roblox","Gaming","4507114972","292580713","4214534259"
"Likee","Internet Instant Messaging","7145356","1782812","5362544"
"KOCHAVA","Web","2313631","588644","1724987"
"Spotify Audio","Real Time Audio/Video","19542766585","245912140","19296854445"
"Pendo","Web","26846009","4743523","22102486"
"Go Daddy","Web","8727457","656883","8070574"
"NHL.com","Web","60407878","2990319","57417559"
"The Walt Disney Company","Web","43920262","1685433","42234829"
"WarnerMedia","Web","69436671","706992","68729679"
"Bilibili","Web","3656864887","107187746","3549677141"
"Digicert","Web","25085251","5034219","20051032"
"Font Awesome","Web","26407678","1538280","24869398"
"Unknown virtual protocol","Unclassified","843470","327150","516320"
"SD-WAN Control","SD-WAN","17584604783","9563310211","8021294572"
"SD-WAN Management","SD-WAN","4085899749","1710319559","2375580190"
"TencentMeeting","Business Collaboration","7704740511","561776662","7142963849"
"Dailymotion.com","Media","1205783935","25545427","1180238508"
"McAfee Client update","Business Application","115436090","9223356","106212734"
"Wikipedia.com","Web","245877742","33216886","212660856"
"Yahoo Search","Web","4687820","409170","4278650"
"Deezer","Web","192620827","615707","192005120"
"ResearchGATE.net","Web","5577921","209228","5368693"
"Tumblr","Social Networking","232037955","2531957","229505998"
"Yelp.com","Web","41837614","1320274","40517340"
"Archive.org","Web","183620122","1413927","182206195"
"UUSee Protocol","Media","8292748","1092898","7199850"
"Dropbox","Storage and Backup","52245746","19055487","33190259"
"Google Translate","Web","37126641","10665368","26461273"
"Psiphon","Web","8198597","1744593","6454004"
"Portal.TidalTV.com","Web","2228005","545430","1682575"
"Alexa","Web","183128","17733","165395"
"NBA.com","Web","1365110","48461","1316649"
"Nike.com","Web","71624336","15619447","56004889"
"NYTimes.com","Web","119164888","3566259","115598629"
"SurveyMonkey.com","Web","77667","12730","64937"
"WashingtonPost.com","Web","9161425","414556","8746869"
"Sina.com.cn","Internet Instant Messaging","30187098","1251910","28935188"
"Sina Weibo","Web","266457301","14861660","251595641"
"163.com","Web","81235684","29791980","51443704"
"Google Talk (incl. Hangouts and Allo and Duo)","Real Time Audio/Video","131444900","41826466","89618434"
"Nokia Here API","Web","4762303","224021","4538282"
"Microsoft SharePoint Online (Office 365)","Business Application","226616370","29409961","197206409"
"Bet365.com","Web","35590771","3488063","32102708"
"Mendeley.com","File Sharing","39476","19105","20371"
"BBC","Web","62254626","2579884","59674742"
"Bdnews24.com","Web","357789","24727","333062"
"craigslist","Web","122673687","10100428","112573259"
"Echoroukonline.com","Web","171859","28403","143456"
"Kijiji.ca","Web","4212289","198756","4013533"
"Seznam.cz","Web","586337","103993","482344"
"AllMusic.com","Media","24338","1675","22663"
"Aol","Web","7538487","472831","7065656"
"AddThis","Web","38327741","2205417","36122324"
"Symantec","Web","444213424","5492610","438720814"
"TRUSTe","Web","49697575","5039719","44657856"
"Zendesk","Business Collaboration","14036323","439350","13596973"
"Twitch","Media","9615748206","170763532","9444984674"
"BoldChat Live Chat","Internet Instant Messaging","3584915","698671","2886244"
"Gravatar","Business Collaboration","12070794","1729072","10341722"
"Google Calendar","Web","24043235","6880599","17162636"
"Realestate","Web","257694","50508","207186"
"Atlassian","Web","1371351","808944","562407"
"Advertising.com","Web","5008032","1296102","3711930"
"Scotiabank","Web","41619491","8369097","33250394"
"Atlas Solutions","Web","790679","198466","592213"
"Fastly","Web","75246626","816035","74430591"
"UpLynk","Web","7183303","152643","7030660"
"Microsoft Office OneNote (Office 365)","Business Application","96027705","67792457","28235248"
"Heap","Web","27727343","14867389","12859954"
"Rovi corporation","Web","1146370","52628","1093742"
"Zopim","Web","2956789","483944","2472845"
"Rollout","Web","878414","322187","556227"
"Rackspace","Web","1674076488","40477144","1633599344"
"LiveChat","Web","4198441","416605","3781836"
"Verizon","Web","16907736","11053738","5853998"
"LKQD","Web","1072547","397568","674979"
"jQuery","Web","21042561","908157","20134404"
"Kalerkantho","Web","15456100","1207678","14248422"
"Google Photos (formerly Google Picasa)","Web","217166886","118700166","98466720"
"Uber (formerly UberCab)","Web","642359740","24807946","617551794"
"QQVideo","Web","188851998","2968080","185883918"
"Bazaarvoice","Web","30423427","2125610","28297817"
"Clicktale","Web","20976673","10394638","10582035"
"ZoomMeetings","Business Collaboration","6893066553","2663479984","4229586569"
"Pokemon GO","Gaming","31464808","8345659","23119149"
"Weborama","Web","372821","75680","297141"
"Innovid","Web","478223532","5404503","472819029"
"GIPHY","Web","902032716","9535273","892497443"
"Eskimi","Web","18043","2360","15683"
"Heroku","Web","841843","170946","670897"
"Amazon Music","Media","14975749","2450252","12525497"
"Signal Private Messenger (Open Whisper Systems)","Internet Instant Messaging","33471782","10151048","23320734"
"Prothom Alo","Web","29152964","937641","28215323"
"ADventori","Web","295451","68781","226670"
"Tealium","Web","16713125","5241395","11471730"
"HK Observatory","Web","74574","14978","59596"
"AnyDesk","Remote Desktop","287179","116976","170203"
"Okta","Web","190445105","60129647","130315458"
"Gfycat","Web","143867410","775817","143091593"
"T-Mobile","Web","407824","109182","298642"
"Snow","Internet Instant Messaging","1736951","105075","1631876"
"Canvas Student","Web","110689589","787555","109902034"
"Adtelligent","Web","6412014","1768924","4643090"
"Akamai Video","Media","306032879","6866120","299166759"
"IronSource","Business Application","202653468","11996924","190656544"
"Text Me","Internet Instant Messaging","18588564","3793725","14794839"
"textPlus","Internet Instant Messaging","106697","19873","86824"
"IBM","Web","4378504","512671","3865833"
"League of Legends","Gaming","326621281","53211917","273409364"
"Mobile Legends","Gaming","11137026883","314702796","10822324087"
"Future_plc","Web","17584907","696933","16887974"
"Target","Web","247343","9895","237448"
"AnonyTun","Tunneling and VPN","274224","147983","126241"
"PubNub","Web","2704325","571848","2132477"
"Unknown virtual protocol","Unclassified","1190238","516762","673476"
"Acast","Real Time Audio/Video","308541648","4571974","303969674"
"Wireguard","Tunneling and VPN","9489752755","864111892","8625640863"
"JWPLAYER","Web","627378620","9310272","618068348"
"Quora","Social Networking","94821130","45243001","49578129"
"Airbnb","Web","67074441","3365326","63709115"
"Sift Science","Web","1160661","333857","826804"
"Connatix","Real Time Audio/Video","228987462","9839166","219148296"
"UserReport","Web","2703905","221637","2482268"
"Contentful","Web","155075639","20027983","135047656"
"The Blaze","Web","1462124","62364","1399760"
"Indeed","Web","300659869","96456605","204203264"
"Intercom","Web","26733210","8432020","18301190"
"BitTorrent","Peer to Peer","1452931","895","1452036"
"eBay.com","Web","32341386","3869437","28471949"
"File Transfer Protocol","File Sharing","9930","5132","4798"
"Gnutella","Peer to Peer","66537","27957","38580"
"Google Earth","Web","7802698","82802","7719896"
"Google Groups","Social Networking","56098","12897","43201"
"GPRS Tunneling Protocol","Tunneling and VPN","36137655","3368650","32769005"
"IPsec (AH and ESP)","Tunneling and VPN","18394326","5189424","13204902"
"HP Printer Job Language","Business Application","995742149","49509577","946232572"
"Kerberos","Authentication","7180","3544","3636"
"Lighweight Directory Access Protocol","Authentication","636","276","360"
"Network News Transport Protocol","Network Service","4764","2564","2200"
"Secure POP3","Email","149994","33159","116835"
"Real Time Control Protocol","Business Collaboration","12183157","10962308","1220849"
"Real Time Protocol","Business Collaboration","2175593884","1012698764","1162895120"
"SAP","Business Application","622631","22955","599676"
"ShoutCast","Media","1326004","53318","1272686"
"Session Initiation Protocol","Business Application","557166","305552","251614"
"Simple Mail Transfer Protocol","Email","193321","85088","108233"
"Simple Mail Transfer Protocol Secure","Email","5732","726","5006"
"Simple Network Management Protocol","Management","298176","298176","0"
"Secure Shell","Tunneling and VPN","1024541","375237","649304"
"MPEG-Transport Stream","Real Time Audio/Video","5085853699","93514364","4992339335"
"Simple Network Paging Protocol","Network Service","99510","36756","62754"
"Xunlei/Thunder protocol","Peer to Peer","452","92","360"
"Secure AIM","Internet Instant Messaging","655459","103487","551972"
"Ask.com","Web","340735","29803","310932"
"Southwest.com","Web","43075074","11517325","31557749"
"Travelocity.com","Web","29069","4280","24789"
"Realtor.com","Web","66209","9703","56506"
"Flickr","Social Networking","8801809","127984","8673825"
"Rambler.ru","Web","1032048","106618","925430"
"Mail.ru Webmail","Email","1116387","311432","804955"
"Real Time Messaging Protocol","Network Service","244529621","21248277","223281344"
"Badoo.com","Internet Instant Messaging","77649","5175","72474"
"Flixster.com","Web","1392012","26509","1365503"
"Goodreads.com","Web","1414121","82280","1331841"
"Italki.com","Web","279884","112144","167740"
"Last.fm","Media","7203","955","6248"
"LibraryThing.com","Web","10824","1933","8891"
"Meetup","Web","1244309","389908","854401"
"Mixi.jp","Web","139149","6949","132200"
"Odnoklassniki.ru","Social Networking","13674122","8900324","4773798"
"Ravelry.com","Web","516905","76287","440618"
"Yammer.com","Business Application","1375066","443867","931199"
"Firefox Update","Web","26735324","629248","26106076"
"Java Update","Web","81844","6555","75289"
"Apple Update","Web","567873390","2060181","565813209"
"icecast","Media","30001469","813484","29187985"
"Symantec Norton AntiVirus Updates","Web","41747437","83022","41664415"
"Kaspersky Update","Web","31502","2240","29262"
"Avira Update","Web","15076374","260568","14815806"
"BBC Player","Media","21779","6225","15554"
"Kugou/Kugoo","Peer to Peer","284","152","132"
"Garena","Web","296628","37025","259603"
"Microsoft SharePoint","Business Application","5602980","354525","5248455"
"Evony.com","Web","798611","316655","481956"
"iHeartRADIO","Media","453923","31767","422156"
"IMVU.com (Instant Message Virtual Universe)","Gaming","1144197","50104","1094093"
"Jango.com","Web","16259","2957","13302"
"Napster.com","Web","755075","17869","737206"
"Nicovideo.jp (aka Nico Nico Douga)","Media","930769","207520","723249"
"Photobucket.com","Web","72947","3255","69692"
"QQMusic","Peer to Peer","11172","5182","5990"
"UStream","Media","32761","1739","31022"
"WebEx","Business Collaboration","923069","71743","851326"
"Slingbox","Media","1231937","24963","1206974"
"Bloomberg.com","Web","7653124","407045","7246079"
"GoToMyPC Remote Access","Remote Desktop","33588","13961","19627"
"RSS","Web","339117","17584","321533"
"BlackBerry.com","Web","87465","35921","51544"
"ABCNews","Web","11118353","215816","10902537"
"Acer","Web","7686","873","6813"
"Adobe Acrobat DC (Document Cloud)","Web","13693808","566826","13126982"
"AmericanExpress","Web","6595061","1301163","5293898"
"Blogger","Web","4048602","116272","3932330"
"Capital One","Web","11639802","637491","11002311"
"Cnet.com","Web","2442846","58198","2384648"
"Comcast","Web","12867262","1493821","11373441"
"Fox News","Web","60655826","9117251","51538575"
"FoxSports.com","Web","787618","17304","770314"
"Groupon","Web","3194062","50568","3143494"
"HowStuffWorks.com","Web","5309","1505","3804"
"IKEA.com","Web","14032789","2614142","11418647"
"Intuit.com","Business Application","7260432","4586500","2673932"
"Kaspersky.com","Web","3210652","1292841","1917811"
"Livedoor.com","Web","229731","56049","173682"
"Mashable.com","Web","8612","2427","6185"
"Monster.com","Web","585257","126407","458850"
"NASA.gov","Web","57077","5106","51971"
"NationalGeographic.com","Web","1702378","36376","1666002"
"National Football League (NFL.com)","Web","85882792","5174902","80707890"
"PlayStation.com","Web","3491901","244523","3247378"
"Redtube","Web","56462351","1309316","55153035"
"Reverso.net","Web","2387280","50875","2336405"
"RTL Group","Web","802438","6624","795814"
"SFR.fr","Web","68975","11114","57861"
"Sky","Web","194437","37318","157119"
"SlideShare","Web","7383216","72133","7311083"
"Sports Illustrated","Web","1798424","65372","1733052"
"Univision.com","Web","41227","9146","32081"
"WindowsMedia.com","Media","5617","1356","4261"
"Xvideos.com","Media","12327839","309978","12017861"
"Youdao.com","Web","6309458","2545075","3764383"
"Youporn","Web","43277","2189","41088"
"Sophos update","Business Application","87605","10326","77279"
"Google App Engine","Business Application","3996075","595557","3400518"
"Google Plus","Web","122056","34374","87682"
"Scribd.com","Web","2738578","1519345","1219233"
"Hulu","Media","8774","1348","7426"
"Shazam","Web","449219","74801","374418"
"TuneIn","Real Time Audio/Video","1621","376","1245"
"KakaoTalk","Internet Instant Messaging","100125524","18469733","81655791"
"Coupang","Web","473323","29973","443350"
"Tistory.com","Web","39041","8851","30190"
"Joongang Daily","Web","27556","5902","21654"
"Nexon.com","Web","230945","93007","137938"
"Ifeng.com","Web","90473950","913103","89560847"
"Tmall.com","Web","129157","19006","110151"
"Douban.com","Web","68791","12883","55908"
"58.com","Web","65267","29997","35270"
"iQiyi","Web","676811","183751","493060"
"Zol.com.cn","Web","112587","20492","92095"
"51.la","Web","85003","10525","74478"
"Zynga.com","Gaming","480227644","22461288","457766356"
"Limelight Networks CDN","Web","477806534","6966647","470839887"
"Datagram Transport Layer Security","Tunneling and VPN","184787884","98921142","85866742"
"KIK Messenger","Internet Instant Messaging","35397725","2380861","33016864"
"MiTalk Messenger (Miliao)","Internet Instant Messaging","34441531","463707","33977824"
"FC2.com","Social Networking","39746","4033","35713"
"Rakuten.co.jp","Web","26567328","1552583","25014745"
"Kakaku.com","Web","238440","48001","190439"
"Ameba.jp","Web","2645300","236099","2409201"
"Hatena.ne.jp","Social Networking","836470","40056","796414"
"Pixiv.net","Web","42388","13813","28575"
"Sakura.ne.jp","Web","32832","2580","30252"
"9game.com","Gaming","39551103","573038","38978065"
"Chinatimes.com","Web","469221","15412","453809"
"Ctrip.com","Web","6415771","1061696","5354075"
"Eastmoney.com","Web","48685","8560","40125"
"Ettoday.net","Web","27928744","598465","27330279"
"Gamer.com.tw","Web","480425","23233","457192"
"Mail189.cn","Email","6013","3907","2106"
"Momoshop.com.tw","Web","21319","894","20425"
"Pixnet.net","Social Networking","365792","46287","319505"
"QQ News","Web","404513","26663","377850"
"Sina finance","Web","20257","2284","17973"
"Udn.com","Web","4260120","116392","4143728"
"Xuite.net","Gaming","106112","23258","82854"
"Pornhub","Web","13313957","1121473","12192484"
"MeetMe.com","Social Networking","237333","52187","185146"
"SoftBank.com","Web","1561333","354978","1206355"
"Radiko.jp","Web","9214","1808","7406"
"Nend.net","Web","444205","8633","435572"
"Speedtest","File Sharing","55940850","9367599","46573251"
"MapQuest.com","Web","265869","7217","258652"
"BuzzFeed.com","Web","4808534","569776","4238758"
"ThePirateBay.se","Web","1947748","59660","1888088"
"ImageShack","File Sharing","6907","1295","5612"
"Evernote","Web","1789293","85947","1703346"
"JingDong","Web","4517871","391808","4126063"
"WebSocket","Network Service","1355420","200281","1155139"
"LastPass.com","Web","6714690","400836","6313854"
"Saavn Bollywood Music","Media","14287354","1142014","13145340"
"1337x.org","Peer to Peer","558","336","222"
"Telegraaf.nl","Web","2815","935","1880"
"ElPais.com","Web","361403","5870","355533"
"Marca.com","Web","93029","23404","69625"
"Swedbank (formerly ForeningsSparbanken)","Web","62277","20679","41598"
"Apple HTTP Live Streaming","Real Time Audio/Video","46319451","244426","46075025"
"Aftonbladet.se","Web","142011","1201","140810"
"Gazeta.pl","Web","275166","59712","215454"
"Indiatimes","Web","2128171","238959","1889212"
"ING Bank","Web","20023","12203","7820"
"Internet Small Computer Systems Interface","Network Service","256","92","164"
"Background Intelligent Transfer Service","File Sharing","39561761","1635368","37926393"
"20minutes","Web","94769","3945","90824"
"Coccoc.com","Web","562880","268478","294402"
"Elcomercio.pe","Web","6336","612","5724"
"Rt.com","Web","5057847","192523","4865324"
"UOL.com.br","Web","72438625","13948605","58490020"
"Flipkart.com","Web","109933","2448","107485"
"VnExpress.net","Web","17673","3586","14087"
"Zing.vn","Web","2089069","146078","1942991"
"Eltiempo","Web","25059","6620","18439"
"Fox Business Network","Web","1204504","138554","1065950"
"Gameloft Games","Gaming","14372043","576139","13795904"
"Akinator the Genie","Gaming","334399","39338","295061"
"Aastocks","Web","2752818","788061","1964757"
"Yadro","Web","270371","93818","176553"
"Rovio Entertainment","Gaming","2498619","333880","2164739"
"Candy Crush Saga","Gaming","18811525","8003456","10808069"
"King Digital Entertainment","Gaming","1799633","392931","1406702"
"Huffington Post","Web","4612155","71794","4540361"
"OpenStreetMap","Infrastructure","1554377","53683","1500694"
"Videoplaza","Web","103501","14393","89108"
"World Series of Poker","Gaming","15044828","1257544","13787284"
"Qoo10","Web","333301","61003","272298"
"Traffic Factory","Business Application","307477","13879","293598"
"OkCupid","Web","579482","116870","462612"
"Fetion","Internet Instant Messaging","9280","1780","7500"
"zalo","Internet Instant Messaging","416412451","130522502","285889949"
"battlenet","Gaming","34870","8226","26644"
"Inquirer","Web","496081","77384","418697"
"4CHAN","Web","844","432","412"
"Hootsuite","Web","1939","404","1535"
"Amazon Cloud Drive","Web","16150","3096","13054"
"Lazada","Web","16809863","1161866","15647997"
"Gettyimages","Web","1805544","66742","1738802"
"Theladbible","Web","599460","12755","586705"
"Flipboard","Web","12122516","1882548","10239968"
"Traffic Junky","Web","73792472","2001360","71791112"
"quic","Network Service","46021719","17335000","28686719"
"CPMSTAR","Web","49950","9958","39992"
"ADTECH","Web","1381115","62303","1318812"
"AOL One","Web","2348953","812179","1536774"
"SBS","Media","2202665","249744","1952921"
"Constant Contact","Web","1331519","86097","1245422"
"Bitbucket","Web","4699937","1744584","2955353"
"Web.DE","Web","340610","63278","277332"
"Internet.org","Web","348025","177917","170108"
"Kakaocdn","Infrastructure","36926834","890857","36035977"
"My.com","Web","4389668","1439102","2950566"
"Bizographics","Web","43820","8231","35589"
"Helpshift","Web","1378111","452771","925340"
"Gmanetwork","Web","868118","21597","846521"
"CBS Video","Web","18250039","647695","17602344"
"LogMeIn","Remote Desktop","48682","1619","47063"
"Jasmin","Web","115457","23567","91890"
"Microsoft Translator (Bing Translator)","Web","152310","65159","87151"
"Perform","Web","1199663","37149","1162514"
"Microsoft Sway (Office 365)","Business Application","275777","31267","244510"
"Microsoft Planner (Office 365)","Business Application","288145","92460","195685"
"Olark","Web","2781169","78316","2702853"
"Liveperson","Web","11761043","733204","11027839"
"Mapbox","Web","43686494","918132","42768362"
"Google Code","Web","14544","1871","12673"
"Microsoft Excel Online (Office 365)","Web","26809567","10085823","16723744"
"Signal","Web","14399266","192700","14206566"
"Riffsy (Tenor.co)","Web","12190004","249075","11940929"
"Tune","Web","95295","22491","72804"
"Braintree","Web","442822","116281","326541"
"QINIU","Web","90847404","1473627","89373777"
"NeuLion","Web","378191","47167","331024"
"ArenaBG","Web","26492","12262","14230"
"TubeMogul","Web","2202864","226538","1976326"
"Google Trusted Store (Google Commerce)","Web","10095","1374","8721"
"Tokopedia","Web","80418","35317","45101"
"Hola Web Proxy","Web","62386082","32468273","29917809"
"MobFox","Web","56564","13587","42977"
"Slack","Web","246386256","95724623","150661633"
"ICY (I Can Yell)","Media","6922631","172252","6750379"
"Younow","Web","40225602","19041923","21183679"
"MQ Telemetry Transport","Network Service","13298","7586","5712"
"nuomi.com","Web","20063","3093","16970"
"Adk2","Web","50210","3360","46850"
"CDNetworks","Infrastructure","7370216","142699","7227517"
"Itsup","Web","122146","5485","116661"
"StackExchange","Web","5385614","256671","5128943"
"StackOverflow","Web","2044331","133307","1911024"
"Wix","Web","72318185","6404805","65913380"
"Namuwiki","Web","1186801","139621","1047180"
"Qatarairways","Web","6005","1716","4289"
"Shutterstock","Web","4296798","301771","3995027"
"Ubuntu","Web","22474767","117370","22357397"
"Hola","Web","38004","10756","27248"
"Clash of Clans","Gaming","63567645","3525509","60042136"
"Supercell","Gaming","10284000","400531","9883469"
"Facebook Live","Media","114513","111170","3343"
"Cheetah Mobile","Web","551702","274476","277226"
"Microsoft Word Online (Office 365)","Business Collaboration","44141414","1576819","42564595"
"Microsoft Powerpoint Online (Office 365)","Business Collaboration","12928952","2715421","10213531"
"Tidal","Media","6663443","88730","6574713"
"StreamRail","Media","464694","55738","408956"
"Vidyard","Web","143773","6393","137380"
"Nintendo","Gaming","6313","1740","4573"
"Audible","Real Time Audio/Video","368196","137724","230472"
"En Son Haber","Web","82632","3585","79047"
"Ming Pao","Web","1578375","24864","1553511"
"Oriental Daily News (on.cc)","Web","12781600","243822","12537778"
"Dianping","Web","11810","2463","9347"
"Samsung Update","Web","6947545417","98545129","6849000288"
"Amazon Chime","Business Collaboration","411320","24155","387165"
"Net Perform","Web","35807","30763","5044"
"Livescore","Web","40942","4802","36140"
"Savefrom","Web","259045","20656","238389"
"National Autonomous University of Mexico","Web","397811","25126","372685"
"MaxCDN","Web","100217","16605","83612"
"Zhihu","Web","156647010","54038047","102608963"
"Booking.com","Web","242378402","5839009","236539393"
"Walmart","Web","322740","204642","118098"
"Yandex Music","Real Time Audio/Video","17514","7389","10125"
"DocuSign","Web","8781801","1208685","7573116"
"Automatic Data Processing (ADP)","Web","41127433","1650878","39476555"
"Duodecad IT Services","Web","18622339","311751","18310588"
"Autodesk Fusion 360","Tunneling and VPN","218869","81328","137541"
"Cloudinary","Web","174400168","1655730","172744438"
"Caliente","Web","1065876","235941","829935"
"Optus","Web","521100","38431","482669"
"Chunghwa Telecom","Web","219208","48008","171200"
"Vivox","Internet Instant Messaging","94936","29173","65763"
"Kahoot!","Web","2237035","7053","2229982"
"Sportradar","Web","9396643","697848","8698795"
"Pornhub NETWORK","Web","4314000497","78663538","4235336959"
"Wall Street Journal","Web","5642236","98304","5543932"
"ChinaNetCenter ","Web","2270106","257021","2013085"
"Niantic, Inc","Web","1307463","276280","1031183"
"Meitu","Web","11438619","2092711","9345908"
"Clash Royale","Gaming","334179514","5159115","329020399"
"Origin","Web","367287","78658","288629"
"Instructure","Web","20399065","1005409","19393656"
"Mail.com","Email","133704","35112","98592"
"TVB","Web","171620256","1965962","169654294"
"Workplace By Facebook","Social Networking","26370","19582","6788"
"shopee.tw","Web","1399863","57382","1342481"
"Electronic Arts","Web","16716450","109424","16607026"
"Facebook Lite","Social Networking","25021001","3155588","21865413"
"Key management service","Management","216552","101172","115380"
"Digioh","Web","4228245","242524","3985721"
"Mediascope","Web","209397","44008","165389"
"Data Saver","Web","116242979","2465001","113777978"
"Vero","Social Networking","170008","11004","159004"
"Domain Name Service Crypt","Network Service","1956861","1308262","648599"
"Youtube Music","Media","7793035","1360157","6432878"
"Appnext","Web","98404","9907","88497"
"Splunk Cloud","Storage and Backup","904626","684577","220049"
"Fox Networks","Web","881156","43745","837411"
"9GAG","File Sharing","132593","43679","88914"
"AnchorFree","Tunneling and VPN","2181194","1143165","1038029"
"Epic_games","Gaming","30619422","1036655","29582767"
"Unreal_engine","Gaming","37187435","15210136","21977299"
"TunnelBear VPN","Tunneling and VPN","12144","1693","10451"
"Spring Tech VPN","Tunneling and VPN","1617925","589271","1028654"
"Ubisoft","Gaming","622856075","1521591","621334484"
"Barracuda Networks","Web","10865","3718","7147"
"RingCentral","Business Collaboration","430951","24216","406735"
"Google News","Web","2310142","114406","2195736"
"PlayerUnknown's BattleGrounds","Gaming","21343552","1268423","20075129"
"Moonton","Gaming","1211","938","273"
"Dragon Ball","Gaming","937858103","8095503","929762600"
"Redis","Business Application","8871","3899","4972"
"TechRadar","Web","487190","12867","474323"
"Monday.com","Web","94209","48636","45573"
"Wish","Web","77935704","4737425","73198279"
"Google Play Books","Web","51580033","153646","51426387"
"ProtonMail","Email","1801653","429203","1372450"
"MAkeMyTrip","Web","408060","57733","350327"
"AWS Console","Business Application","5420292","4018516","1401776"
"Ted Conferences","Web","927686","22052","905634"
"Prezi","Web","5055858","77261","4978597"
"Fandom","Web","38051555","2390077","35661478"
"Tesla","Web","1722671","51367","1671304"
"W3Schools","Web","1639618","37442","1602176"
"Didi","Web","286377","116278","170099"
"ICF Technology","Web","791273","53878","737395"
"OpenSignal","Web","5776","2586","3190"
"Megaphone","Web","5409276672","34496281","5374780391"
"UDP Data Transfer protocol","File Sharing","253613","121220","132393"
"Moodle","Social Networking","22162145","1593913","20568232"
"Gaana","Real Time Audio/Video","7277130","372453","6904677"
"Unknown virtual protocol","Unclassified","563203","108480","454723"
"Unknown virtual protocol","Unclassified","6941624","180030","6761594"
"Unknown virtual protocol","Unclassified","862253","233921","628332"
"Unknown virtual protocol","Unclassified","27210759","1450879","25759880"
"Unknown virtual protocol","Unclassified","2114633","1354893","759740"
"Unknown virtual protocol","Unclassified","88540322","1628679","86911643"
"Bumble","Web","47483121","3373433","44109688"
"Qwant","Web","57281","2455","54826"
"National Public Radio","Web","18380290","83276","18297014"
"Firework","Internet Instant Messaging","689504","127928","561576"
"Bigo","Web","5391447","330910","5060537"
"BAMTech","Real Time Audio/Video","28721757","12531109","16190648"
"Disney Plus","Real Time Audio/Video","2834178163","18902339","2815275824"
"Kuwo","Real Time Audio/Video","106293","41309","64984"
"Engage Digital","Network Service","520843","21278","499565"
"Agora","Network Service","40844","31050","9794"
"Schibsted Media Group","Web","34296","13551","20745"
"Toutiao","Web","5004218","281837","4722381"
"Tuchong","Web","501963","471311","30652"
"Activision-Blizzard","Web","2902159","626239","2275920"
"Zhenai","Web","2263","1122","1141"
"Rockstar Games","Gaming","8690","1218","7472"
"MediaLab","Web","115811836","4346679","111465157"
"Workday","Business Application","125725035","25470128","100254907"
"StackPath","Web","53474817","491239","52983578"
"Ximalaya","Real Time Audio/Video","27247","11014","16233"
"Uber Eats","Web","35636583","20226556","15410027"
"DoorDash","Web","22544786","1736006","20808780"
"Houseparty","Real Time Audio/Video","250402","37616","212786"
"BridTV","Real Time Audio/Video","38711083","216966","38494117"
"YY","Real Time Audio/Video","49578","10689","38889"
"Acronis Backup","File Sharing","81780","11158","70622"
"Citrix","Web","65484","18945","46539"
"Microsoft Dynamics","Business Application","9026","2192","6834"
"Digital Turbine","Web","103283","55817","47466"
"Pluto TV","Real Time Audio/Video","66943115","1231882","65711233"
"Amber Weather","Web","256650","21216","235434"
"adRise","Real Time Audio/Video","470563","37574","432989"
"Tubi TV","Real Time Audio/Video","143657416","3209803","140447613"
"Demandbase","Web","2026181","83755","1942426"
"Amazon Alexa Assistant","Business Collaboration","14134424","4409255","9725169"
"Yubo","Internet Instant Messaging","240790","84576","156214"
"Arena of Valor","Gaming","367590216","149318061","218272155"
"Zerotier","Tunneling and VPN","36459","14815","21644"
"Minute Media","Web","337280389","3147405","334132984"
"Xbox Cloud Gaming","Gaming","14348","3937","10411"
" Revolut","Web","1156485","194742","961743"
"Jitsi","Real Time Audio/Video","32876","1823","31053"
"Coursera","Web","5307290","215103","5092187"
"WordReference.com","Web","193933","16697","177236"
"European Union","Web","1140","915","225"
"E! Online","Web","97238","19589","77649"
"Hotels.com","Web","135132","10096","125036"
"Official Major League Baseball","Web","1102665","101213","1001452"
"Priceline.com","Web","33436639","10435609","23001030"
"Rotten Tomattoes","Web","311428","52460","258968"
"RetailMeNot","Web","1487000","28048","1458952"
"Slate Magazine","Web","4775993","144795","4631198"
"BambooHR","Web","36128047","448562","35679485"
"The Daily Beast","Web","129438","6332","123106"
"The Free Dictionary","Web","376670","26583","350087"
"TIME","Web","1282995","32308","1250687"
"TMZ","Web","3242684","60064","3182620"
"Nvidia","Web","802573004","9054792","793518212"
"Geforce Now","Gaming","9880646","170269","9710377"
"Call of Duty Mobile","Gaming","81351348","4241960","77109388"
"Wired","Web","61152843","535070","60617773"
"Kickstarter","Web","5290570","89718","5200852"
"Indiegogo","Web","37215543","116847","37098696"
"FedEx","Web","15208879","1602929","13605950"
"Kayak","Web","2278809","97240","2181569"
"Rediff","Web","224195","41119","183076"
"Eventbrite","Web","9473090","152154","9320936"
"G-Core Labs","Web","5240","1670","3570"
"Etahub","Web","209065","84461","124604"
"Datadog","Web","657788","531375","126413"
"Unknown virtual protocol","Unclassified","40776","1020","39756"
"Riverbed","Tunneling and VPN","13090360","724373","12365987"
"ShoreTel","Business Collaboration","10252692","5016208","5236484"
"LWAPP","Business Application","64519","4362","60157"
