"Application","Category","Total Bytes","Bytes Received","Bytes Sent"
"Domain Name Service","Network Service","1314521888","655166324","659355564"
"Google Mail","Email","1876601888","292801798","1583800090"
"Google Search","Web","803103190","90254911","712848279"
"HyperText Transfer Protocol","Web","2372240147","68115229","2304124918"
"HyperText Transfer Protocol Secure","Web","18649283453","956661561","17692621892"
"Internet Control Message Protocol","Network Service","4399776467","2630118956","1769657511"
"Internet Message Access Protocol version 4","Email","111378478","38636992","72741486"
"Internet Message Access Protocol Secure","Email","16557532","2971589","13585943"
"Internet Protocol","Network Service","0","0","0"
"IPsec (AH and ESP)","Tunneling and VPN","734981669","123294721","611686948"
"Layer 2 Tunneling Protocol","Tunneling and VPN","773234","300918","472316"
"McAfee Client update","Business Application","42376153","5526276","36849877"
"Network Time Protocol","Network Service","862623","449343","413280"
"QQ","Internet Instant Messaging","8830360","1399376","7430984"
"Skype and Teams","Business Collaboration","432332475","130191888","302140587"
"Simple Object Access Protocol","Network Service","3406793673","680740758","2726052915"
"Secure Shell","Tunneling and VPN","8308193","7480055","828138"
"Secure Socket Layer","Tunneling and VPN","19270035294","1729406590","17540628704"
"Session Traversal Utilities for NAT","Business Collaboration","17868608","5303392","12565216"
"Transmission Control Protocol","Other TCP/UDP","3975975451","1877628885","2098346566"
"User Datagram Protocol","Other TCP/UDP","196868243401","12987440013","183880803388"
"Wikipedia.com","Web","47876863","1737459","46139404"
"Youtube.com","Media","22203840694","563175442","21640665252"
"Facebook","Social Networking","27929725515","1233865762","26695859753"
"Google Ads","Web","1522239658","210723129","1311516529"
"Expedia.fr","Web","6600575","1766435","4834140"
"WordPress.com","Social Networking","326726818","2837987","323888831"
"Flickr","Social Networking","14381096","372038","14009058"
"LinkedIn","Social Networking","770234062","43415320","726818742"
"Apple Generic Services","Web","20558646885","300304776","20258342109"
"Online Certificate Status Protocol","Business Application","19139784","6941902","12197882"
"Xbox Live","Gaming","3408895","455371","2953524"
"Foursquare.com","Web","1597139","73914","1523225"
"Twitter","Social Networking","3327213753","104585373","3222628380"
"iTunes","Media","3841649960","100946558","3740703402"
"Spotify","Media","8159198098","717657714","7441540384"
"TeamViewer","Remote Desktop","219585311","133658580","85926731"
"Bing.com (formerly MSN Search)","Web","331945045","49431153","282513892"
"Firefox Update","Web","33261059","152778","33108281"
"Windows Update","Web","3367941957","146275209","3221666748"
"Chrome Update","Web","308520260","9013179","299507081"
"Opera Update","Web","42777649","16169950","26607699"
"Netflix.com","Media","13908874649","157110213","13751764436"
"Google Analytics,Google Marketing Platform","Web","379663800","154943096","224720704"
"Google GStatic","Web","2265884024","138334680","2127549344"
"QQMusic","Peer to Peer","2142","1014","1128"
"Google Generic","Web","1360706342","184279109","1176427233"
"Amazon Generic Services","Web","3110244200","902357986","2207886214"
"CNN (Cable News Network)","Web","54968547","9547672","45420875"
"Fox News","Web","214601564","4312878","210288686"
"Mozilla.com - Mozilla.org","Web","35791593","10868941","24922652"
"Weather.com","Web","58814117","5801434","53012683"
"Xbox","Gaming","1349860","23251","1326609"
"Sina.com.cn","Internet Instant Messaging","282417449","7768075","274649374"
"WhatsApp Messenger","Internet Instant Messaging","10055209807","4068829685","5986380122"
"Taobao","Web","107016122","6743939","100272183"
"Google App Engine","Business Application","12529486","2373447","10156039"
"Apple App Store","Web","6764283013","107546318","6656736695"
"Windows Marketplace","Web","1148195233","32547408","1115647825"
"Apple Push Notification Service","Web","321812594","216771596","105040998"
"iOS over-the-air (OTA) update","Web","3427053383","28583232","3398470151"
"Samsung Apps","Web","323184808","8637896","314546912"
"Google Play Store","Media","1635180824","403780862","1231399962"
"Line","Internet Instant Messaging","77263271","27874437","49388834"
"iCloud (Apple)","Storage and Backup","11787118943","5542636866","6244482077"
"Instagram","Web","49200095334","1663438300","47536657034"
"Amazon Web Services/Cloudfront CDN","Infrastructure","120406215398","102553619975","17852595423"
"QQ.com","Web","641882784","41610645","600272139"
"Alipay","Web","33514551","1055699","32458852"
"Alibaba.com","Web","9559970","1112810","8447160"
"Akamai Technologies CDN","Web","3775809073","26776821","3749032252"
"Microsoft Azure (previously Windows Azure)","Infrastructure","204256050","43491390","160764660"
"ISO Base Media File Format","Real Time Audio/Video","401919628","5425958","396493670"
"Yahoo.com","Web","805447287","98732973","706714314"
"WeChat","Internet Instant Messaging","4106416805","390034450","3716382355"
"Tencent.com","Internet Instant Messaging","8386328","1327514","7058814"
"Google Talk (incl. Hangouts and Allo and Duo)","Real Time Audio/Video","3639574976","1665351203","1974223773"
"CloudFlare CDN","Infrastructure","6880337352","191503679","6688833673"
"Microsoft Office 365","Business Collaboration","1110574847","86227477","1024347370"
"Zoho Corporation","Business Application","25668288","14092516","11575772"
"Microsoft SharePoint Online (Office 365)","Business Application","607621172","22350839","585270333"
"Speedtest","File Sharing","422421532413","51466525485","370955006928"
"Pinterest","Web","243907234","16405165","227502069"
"Microsoft Outlook (Office 365)","Business Application","1394592389","811740014","582852375"
"Apple SIRI","Web","71440125","40989972","30450153"
"Google Documents (aka Google Drive)","Storage and Backup","246710791","134174151","112536640"
"Paypal.com","Web","25260732","4903078","20357654"
"BBC","Web","20367864","760239","19607625"
"Walla.co.il","Web","8511","1425","7086"
"AliExpress.com","Web","45157250","2450168","42707082"
"VnExpress.net","Web","17987","4251","13736"
"Google Accounts","Web","181161772","60688483","120473289"
"Amazon Ad System","Web","319210779","43767611","275443168"
"Snapchat","Social Networking","6458796721","450143036","6008653685"
"AddThis","Web","21053603","717873","20335730"
"Turn","Web","3563507","821208","2742299"
"ScorecardResearch","Web","40611275","6974151","33637124"
"Quantcast","Web","22174123","3297168","18876955"
"Oracle","Web","17081568","2374590","14706978"
"Bitstrips","Social Networking","157349963","5781365","151568598"
"TRUSTe","Web","32538691","2165550","30373141"
"Criteo","Web","99759440","17126905","82632535"
"Adobe","Business Application","250174543","41975743","208198800"
"Google Safe Browsing","Web","10546176","2362686","8183490"
"Inneractive","Web","200562320","163939698","36622622"
"Samsung","Web","143668781","31699069","111969712"
"Crashlytics","Web","46812577","14785334","32027243"
"Brightcove","Media","83545129","1685559","81859570"
"Twitch","Media","19440514548","188836651","19251677897"
"Facebook Messenger","Internet Instant Messaging","7523291474","3529711915","3993579559"
"InMobi","Web","33135878","14204637","18931241"
"AppsFlyer","Business Application","41590699","11836593","29754106"
"Turner","Web","29564451","296177","29268274"
"Nielsen","Web","12508965","3257159","9251806"
"zalo","Internet Instant Messaging","1006164","42439","963725"
"Stickyads","Web","25772893","8229025","17543868"
"Smart AdServer","Web","42817073","15916436","26900637"
"Cedexis","Web","6215470","1588217","4627253"
"Google Cloud Storage","Web","839170831","493353521","345817310"
"Google Cloud Messaging","Web","90607828","23538005","67069823"
"Lazada","Web","11921164","658684","11262480"
"Google Calendar","Web","22318545","8298244","14020301"
"Apple Location","Web","2145075066","150756207","1994318859"
"Flipboard","Web","5254092","453160","4800932"
"quic","Network Service","89932614","32701096","57231518"
"OpenX","Web","10370110","2799549","7570561"
"PubMatic","Web","85783881","43436155","42347726"
"Index Exchange (previously Casale Media)","Web","46676890","19335647","27341243"
"LOTAME","Web","8824945","1591740","7233205"
"Rubicon Project","Web","106205726","42527839","63677887"
"Sizmek (previously MediaMind)","Web","168205925","1404300","166801625"
"AppNexus","Web","187906538","94788188","93118350"
"Rlcdn","Web","9567030","1857935","7709095"
"HyperText Transfer Protocol version 2","Web","6042585025","371788731","5670796294"
"Google Tag Manager","Web","206515864","8680522","197835342"
"Facebook Embedded Video","Media","1654612742","13018987","1641593755"
"Ad Safe Protected","Web","138840147","14245018","124595129"
"Helpshift","Web","1218775","231180","987595"
"Adjust.com","Web","9251960","3576585","5675375"
"BootstrapCDN","Web","3677296","279797","3397499"
"Outbrain","Web","111804663","15294785","96509878"
"Unruly","Web","4101418","1815921","2285497"
"Rogers TV","Web","296488000","37771095","258716905"
"UpLynk","Web","371993309","1146371","370846938"
"Applovin","Web","993361913","309857136","683504777"
"Android connectivity Manager","Network Service","10471922","5842309","4629613"
"Moat","Web","142974985","30696564","112278421"
"Microsoft Office OneNote (Office 365)","Business Application","1250054359","626470349","623584010"
"Heap","Web","64158126","23832062","40326064"
"Branch Metrics","Web","87524001","16948070","70575931"
"Optimizely","Web","14182819","3685884","10496935"
"Taboola","Web","169491466","17315902","152175564"
"Smaato","Web","14761968","5170110","9591858"
"MediaMath","Web","7272636","2681692","4590944"
"jQuery","Web","16084617","624074","15460543"
"Everest Technologies","Web","13151220","3552335","9598885"
"SpotXchange","Web","9383759","2650228","6733531"
"Microsoft OneDrive","Web","388966110","126245408","262720702"
"Microsoft","Web","2898224502","800627444","2097597058"
"Umeng","Web","13659266","4530643","9128623"
"New Relic","Web","103746826","65588109","38158717"
"QQVideo","Web","89769493","1951971","87817522"
"Conversant","Web","5048156","1220402","3827754"
"Teads","Web","89585159","4227322","85357837"
"Adform","Web","16517329","3518502","12998827"
"hotjar","Web","30361609","9538774","20822835"
"ZoomMeetings","Business Collaboration","3425469933","1274480024","2150989909"
"HyperText Transfer Protocol proxy","Network Service","16882221","4042211","12840010"
"Wix","Web","193224049","8242263","184981786"
"Tinder","Web","51880042","1860612","50019430"
"GIPHY","Web","98887115","1611942","97275173"
"Firebase Cloud Messaging","Web","324464204","148069938","176394266"
"Bidswitch","Web","23064080","7197220","15866860"
"Clash of Clans","Gaming","374767098","9469026","365298072"
"Supercell","Gaming","20196118","589696","19606422"
"Microsoft Word Online (Office 365)","Business Collaboration","24507825","217846","24289979"
"Signal Private Messenger (Open Whisper Systems)","Internet Instant Messaging","1181012","399476","781536"
"Bugsnag","Web","1100641","429915","670726"
"Apple Game Center","Gaming","21208892","13989509","7219383"
"Tealium","Web","9847900","2338997","7508903"
"Flashtalking","Web","20303410","1553858","18749552"
"Sharethrough","Web","33106770","8749758","24357012"
"AdColony","Web","17655232","3400378","14254854"
"Huawei","Web","60257813","1928911","58328902"
"DoubleVerify","Web","85284290","14771269","70513021"
"Media Innovation Group","Web","1423821","371688","1052133"
"PulsePoint","Web","5467086","1507373","3959713"
"eXelate","Web","2470155","691852","1778303"
"Cloudinary","Web","98985454","1421574","97563880"
"Google Secure User Plane Location","Web","899471","117280","782191"
"Amplitude","Web","107343617","98921662","8421955"
"T-Mobile","Web","72641","31113","41528"
"Google Cloud Platform","Web","39044199","8206957","30837242"
"Microsoft teams","Internet Instant Messaging","437516823","36190609","401326214"
"Facebook Lite","Social Networking","5761324","887412","4873912"
"Data Saver","Web","6365712","463960","5901752"
"Adtelligent","Web","1644951","528354","1116597"
"Cisco","Web","12593522","5539425","7054097"
"IronSource","Business Application","163517463","13030209","150487254"
"Grammarly","Web","84013489","17007920","67005569"
"ByteDance","Web","438692756","91058105","347634651"
"TikTok (Musical.ly)","Social Networking","37264313203","878987665","36385325538"
"Alibaba Group","Web","4190380","302302","3888078"
"Alibaba Cloud","Web","134946834","13631893","121314941"
"Discord","Internet Instant Messaging","255966366","15344127","240622239"
"Apple News","Web","447905573","17223180","430682393"
"Google GSuite","Web","11171136","2114215","9056921"
"Vungle","Web","147039524","4957392","142082132"
"Google APIs","Web","3027685176","1332926168","1694759008"
"Amazon Cognito","Web","21689557","6575093","15114464"
"Unknown virtual protocol","Unclassified","308433414","72686518","235746896"
"Unknown virtual protocol","Unclassified","152245946","56076261","96169685"
"Google Pay","Web","9295669","1903440","7392229"
"Wangwang","Internet Instant Messaging","2712714","1027113","1685601"
"Uber Eats","Web","7443015","2747480","4695535"
"DoorDash","Web","40674812","13840036","26834776"
"Indeed","Web","43580400","12131986","31448414"
"Digicert","Web","9075288","3097761","5977527"
"Font Awesome","Web","19592206","1248253","18343953"
"Intercom","Web","119444082","50610334","68833748"
"SD-WAN Control","SD-WAN","14630760833","7999961344","6630799489"
"SD-WAN Management","SD-WAN","1265322864","607775608","657547256"
"TencentMeeting","Business Collaboration","592841997","146176337","446665660"
"eBay.com","Web","48015413","3391404","44624009"
"Google Maps","Web","45349372","4358512","40990860"
"Internet Security Association and Key Management Protocol","Tunneling and VPN","6440975549","380189192","6060786357"
"XMPP Protocol (Jabber)","Business Collaboration","1723903","739722","984181"
"Point-to-Point Protocol","Tunneling and VPN","10949638","3047502","7902136"
"Remote Desktop Protocol (Windows Terminal Server)","Remote Desktop","3097493","563637","2533856"
"Real Time Protocol","Business Collaboration","5831624984","2731726290","3099898694"
"Yahoo Search","Web","1488116","139488","1348628"
"Yahoo Mail v.2.0","Email","164793597","29348854","135444743"
"Windows Live Hotmail","Email","139487909","22572502","116915407"
"Realtor.com","Web","64832","8199","56633"
"Adobe Flash Plugin Update","Web","391901","44151","347750"
"Java Update","Web","1714546","144440","1570106"
"Apple Update","Web","94230650","2029381","92201269"
"Symantec Norton AntiVirus Updates","Web","20254304","176307","20077997"
"Dropbox","Storage and Backup","100960072","43716556","57243516"
"Google Translate","Web","10498687","3527175","6971512"
"Portal.TidalTV.com","Web","3042686","908414","2134272"
"Tokbox.com","Web","352915","99982","252933"
"Blogger","Web","7320198","226654","7093544"
"Daily Mail","Web","81952635","2401701","79550934"
"NBA.com","Web","3756570","1213809","2542761"
"NYTimes.com","Web","27160356","601001","26559355"
"163.com","Web","93587266","29105979","64481287"
"Reddit.com","Web","1899836428","55605462","1844230966"
"Bet365.com","Web","48951664","2980723","45970941"
"LastPass.com","Web","214376","43061","171315"
"Conviva","Infrastructure","3677014","1624525","2052489"
"Candy Crush Saga","Gaming","5074426","1997821","3076605"
"King Digital Entertainment","Gaming","1120540","332265","788275"
"Symantec","Web","101884748","8793057","93091691"
"Flurry","Business Application","14977214","4344891","10632323"
"Gravatar","Business Collaboration","5283577","635941","4647636"
"FreeWheel","Web","3075642","733348","2342294"
"Xiaomi","Web","7822614","1518364","6304250"
"Mixpanel","Web","6160188","4278270","1881918"
"CPMSTAR","Web","1527647","117961","1409686"
"Realestate","Web","1004703","146774","857929"
"GitHub","Web","118842239","2619239","116223000"
"Atlassian","Web","2883742","236642","2647100"
"Scotiabank","Web","65600726","7924516","57676210"
"Atlas Solutions","Web","156000","37539","118461"
"Urbanairship","Web","5901629","1627255","4274374"
"Apple Music","Media","703668055","8096889","695571166"
"CBS Video","Web","27737435","1107439","26629996"
"LogMeIn","Remote Desktop","998305","37056","961249"
"Localytics","Web","3153197","522026","2631171"
"Krux","Web","5430841","833574","4597267"
"Rackspace","Web","1648566011","53222051","1595343960"
"Signal","Web","1626658","94441","1532217"
"Ensighten","Web","6174843","1548408","4626435"
"LKQD","Web","2805486","1111513","1693973"
"TubeMogul","Web","1271787","81203","1190584"
"Revcontent","Web","23917107","2575252","21341855"
"Google Photos (formerly Google Picasa)","Web","28374202","22391730","5982472"
"Liftoff","Web","1990870","652443","1338427"
"Uber (formerly UberCab)","Web","59579848","4647344","54932504"
"Slack","Web","231804386","15199768","216604618"
"Innovid","Web","151527669","1792393","149735276"
"StackExchange","Web","4957790","92092","4865698"
"StackOverflow","Web","1238746","90451","1148295"
"Ubuntu","Web","51012756","714940","50297816"
"Heroku","Web","3474604","186101","3288503"
"IMO Video Calling Application","Media","18713281","9373210","9340071"
"Yieldmo","Web","11533500","1914373","9619127"
"MGID","Web","4932575","281283","4651292"
"ULP","Network Service","1071173","92832","978341"
"Booking.com","Web","11038103","1212366","9825737"
"Avast","Web","13376513","1715022","11661491"
"Okta","Web","40017720","8259705","31758015"
"Sonobi","Web","14072167","5887305","8184862"
"Wall Street Journal","Web","1781132","71509","1709623"
"Canvas Student","Web","39016477","716864","38299613"
"Instructure","Web","4971421","755455","4215966"
"Electronic Arts","Web","213221606","3773271","209448335"
"Akamai Video","Media","5771498","212346","5559152"
"Tenor","Web","62278892","2044452","60234440"
"Disqus","Web","34597652","1847243","32750409"
"Simpli.fi","Web","13773650","803776","12969874"
"WorkspaceOne","Web","621328","228152","393176"
"Moodle","Social Networking","47873078","1222605","46650473"
"Unknown virtual protocol","Unclassified","4089231","513947","3575284"
"Unknown virtual protocol","Unclassified","1188503","405652","782851"
"NetEase","Web","397434759","7973019","389461740"
"Unknown virtual protocol","Unclassified","18003829","16547724","1456105"
"Google Messages","Internet Instant Messaging","15049203","6270462","8778741"
"JWPLAYER","Web","583936287","5990931","577945356"
"Apple TV Plus","Real Time Audio/Video","71978779","187485","71791294"
"Shopify","Web","53019109","824677","52194432"
"Houseparty","Real Time Audio/Video","209878","21832","188046"
"Likee","Internet Instant Messaging","2574085","683154","1890931"
"KOCHAVA","Web","1754957","489951","1265006"
"Spotify Audio","Real Time Audio/Video","4069877911","138726629","3931151282"
"Connatix","Real Time Audio/Video","55894926","2899121","52995805"
"Minute Media","Web","146946","3123","143823"
"Pendo","Web","5532713","915319","4617394"
"Go Daddy","Web","12239730","295944","11943786"
"Contentful","Web","43365501","4274721","39090780"
"NHL.com","Web","422776616","9935641","412840975"
"Call of Duty Mobile","Gaming","1413710815","38952313","1374758502"
"Bilibili","Web","2804564697","84641295","2719923402"
"Datadog","Web","1256074","493359","762715"
"BitTorrent","Peer to Peer","328620","6495","322125"
"Dailymotion.com","Media","12516378","416837","12099541"
"Google Earth","Web","505889","37834","468055"
"Kerberos","Authentication","6318","4320","1998"
"Lighweight Directory Access Protocol","Authentication","53424","23184","30240"
"Netbios Name Service","Network Service","4212","4212","0"
"Post Office Protocol (Version 3)","Email","3859","1817","2042"
"Port Mapper","Network Service","5265","3600","1665"
"Remote Authentication Dial-In User Service","Authentication","3148567","295909","2852658"
"Real Time Control Protocol","Business Collaboration","28039","18863","9176"
"SAP","Business Application","15581434","10120812","5460622"
"Session Initiation Protocol","Business Application","125620","60274","65346"
"Server Message Block (Windows File Server)","File Sharing","8743","6190","2553"
"Simple Mail Transfer Protocol","Email","591905","519587","72318"
"Simple Network Management Protocol","Management","65957","65957","0"
"Wireless Transaction Protocol","Network Service","1358","639","719"
"X Window System","Business Application","6318","4320","1998"
"Simple Network Paging Protocol","Network Service","39480","10752","28728"
"Secure AIM","Internet Instant Messaging","1105024","131597","973427"
"Ask.com","Web","327872","41544","286328"
"Travelocity.com","Web","15439","2287","13152"
"Deezer","Web","3922339","19980","3902359"
"Mail.ru Webmail","Email","158226","75701","82525"
"Steampowered.com","Gaming","2469784570","164068613","2305715957"
"Badoo.com","Internet Instant Messaging","1827122","137824","1689298"
"Bolt","Web","119746","4329","115417"
"FetLife.com","Web","2563","371","2192"
"Flixster.com","Web","587131","9942","577189"
"Goodreads.com","Web","2565108","116742","2448366"
"Meetup","Web","12904","3077","9827"
"Mixi.jp","Web","5413","964","4449"
"Odnoklassniki.ru","Social Networking","123964","7032","116932"
"Plurk","Web","2628664","64561","2564103"
"ResearchGATE.net","Web","950838","43776","907062"
"Tumblr","Social Networking","204121794","4423485","199698309"
"Vk.com (Vkontakte)","Social Networking","15183043","584420","14598623"
"Yelp.com","Web","19649831","1596340","18053491"
"Yandex.ru","Web","6593932","2040842","4553090"
"T.38","Network Service","176490","76590","99900"
"PPStream - P2P based Streamed Media","Business Collaboration","4267","1941","2326"
"Baidu.com","Web","238271148","39723301","198547847"
"Archive.org","Web","29361442","367488","28993954"
"QQLive Network Player","Media","4021","2505","1516"
"BitDefender Update","Web","2024362","882331","1142031"
"Viber","Real Time Audio/Video","2264664","319948","1944716"
"BBC Player","Media","7477","2158","5319"
"Microsoft SharePoint","Business Application","38304","572","37732"
"Box","File Sharing","3216","288","2928"
"Google Cache","Web","34538","2200","32338"
"iHeartRADIO","Media","309376","10409","298967"
"Nicovideo.jp (aka Nico Nico Douga)","Media","51765","2732","49033"
"Psiphon","Web","1933943","415967","1517976"
"Salesforce","Business Application","8701809","1473080","7228729"
"Shutterfly.com","Web","118156","21958","96198"
"SVT Play","Web","19533","3576","15957"
"SiriusXm.com","Media","1234849","153772","1081077"
"YouKu","Media","1467375","1377848","89527"
"GoToMeeting Online Meeting","Business Collaboration","13764","5894","7870"
"Bloomberg.com","Web","11770308","621639","11148669"
"Tor","Anonymizers and Proxies","87141","23914","63227"
"BlackBerry.com","Web","7258","995","6263"
"ABCNews","Web","1011291","21257","990034"
"AccuWeather","Web","17696821","2044051","15652770"
"Adobe Acrobat DC (Document Cloud)","Web","5352463","1824565","3527898"
"Alexa","Web","52147","6071","46076"
"AmericanExpress","Web","6861570","1655917","5205653"
"Capital One","Web","11782886","1525159","10257727"
"Cnet.com","Web","60835","11386","49449"
"China Network Television","Web","5506161","70882","5435279"
"Comcast","Web","1775401","28342","1747059"
"Daum.net","Web","3312490","684809","2627681"
"FoxSports.com","Web","2573696","41235","2532461"
"Groupon","Web","642055","100302","541753"
"IKEA.com","Web","2240595","256080","1984515"
"Intuit.com","Business Application","4172525","2124359","2048166"
"Kaspersky.com","Web","3691323","1853541","1837782"
"LeTV.com","Web","22271","849","21422"
"Mashable.com","Web","18164","3048","15116"
"Monster.com","Web","46114","18913","27201"
"Naver Corporation (formerly NHN Corporation)","Web","87955117","4235030","83720087"
"National Football League (NFL.com)","Web","2430024","100609","2329415"
"Nike.com","Web","154869","48046","106823"
"PlayStation.com","Web","5569488","358848","5210640"
"Reuters.com","Web","8931976","121601","8810375"
"Reverso.net","Web","1121520","48073","1073447"
"Sky","Web","18406","5283","13123"
"Sports Illustrated","Web","246148","5043","241105"
"SurveyMonkey.com","Web","155829","10967","144862"
"Univision.com","Web","804020","26881","777139"
"Vimeo","Web","3899709370","56977144","3842732226"
"WashingtonPost.com","Web","4041311","127646","3913665"
"Youdao.com","Web","23626641","9496184","14130457"
"OICQ","Internet Instant Messaging","68216","38907","29309"
"Sina Weibo","Web","870926324","47824971","823101353"
"QQ WeiBo","Web","25833","4333","21500"
"Apple FaceTime","Real Time Audio/Video","2173258925","1074303107","1098955818"
"Scribd.com","Web","837218","20187","817031"
"Shazam","Web","1124889","114936","1009953"
"SoundCloud","Media","4351389005","103366433","4248022572"
"TuneIn","Real Time Audio/Video","9190","1763","7427"
"KakaoTalk","Internet Instant Messaging","30041242","17775845","12265397"
"Chosun services","Web","40552260","153777","40398483"
"Nate.com","Web","3839","534","3305"
"NetMarble.com","Web","113868432","2282840","111585592"
"Amazon Prime Video","Media","130597004","1928472","128668532"
"Sohu.com","Web","26156501","896688","25259813"
"Soso.com","Web","258975","6560","252415"
"Ifeng.com","Web","1877453","511621","1365832"
"Sogou.com","Web","82862","36754","46108"
"Douban.com","Web","551657","124050","427607"
"360.cn","Web","1307024","329751","977273"
"PConline.com.cn","Web","5129","848","4281"
"iQiyi","Web","6330438","206606","6123832"
"Alimama.com","Web","9762","5300","4462"
"Limelight Networks CDN","Web","1151750893","23470113","1128280780"
"Datagram Transport Layer Security","Tunneling and VPN","747290461","94081535","653208926"
"MiTalk Messenger (Miliao)","Internet Instant Messaging","278798","42620","236178"
"Rakuten.co.jp","Web","484412","39672","444740"
"Goo.ne.jp","Web","42794","2482","40312"
"Hatena.ne.jp","Social Networking","24133","6126","18007"
"Pixiv.net","Web","705788","391235","314553"
"Blogpark.jp","Web","60747","2597","58150"
"Sakura.ne.jp","Web","52673","1366","51307"
"Ctrip.com","Web","75443324","3989960","71453364"
"Duowan.com","Gaming","73313","24711","48602"
"Ettoday.net","Web","431506","33004","398502"
"Gamer.com.tw","Web","5009924","133918","4876006"
"Mail189.cn","Email","18211","10431","7780"
"QQ Games","Gaming","1684589","982707","701882"
"QQ Mail","Email","146981","20589","126392"
"QQ News","Web","4954400","215190","4739210"
"Udn.com","Web","166989","10857","156132"
"Pornhub","Web","41449","12821","28628"
"Nokia Here API","Web","2426116","187643","2238473"
"Microsoft Skype for Business (formerly Microsoft Lync Online) (Office 365)","Business Collaboration","2486","1170","1316"
"Radiko.jp","Web","74705","21150","53555"
"iperf","File Sharing","87358","9912","77446"
"ESPN.go.com","Web","112727715","5012188","107715527"
"MapQuest.com","Web","269946","8908","261038"
"BuzzFeed.com","Web","17426851","851433","16575418"
"Internet Movie Database","Web","6071163","338334","5732829"
"Imgur.com","Storage and Backup","11817739","124106","11693633"
"Evernote","Web","39401","8278","31123"
"JingDong","Web","23394946","725496","22669450"
"Apple Maps","Web","661249","42121","619128"
"WebSocket","Network Service","1890051","457798","1432253"
"Issuu.com","Web","519693","31845","487848"
"Mendeley.com","File Sharing","5501","1872","3629"
"Microsoft Skype for Business (formerly Microsoft Lync)","Business Collaboration","5633","2576","3057"
"Saavn Bollywood Music","Media","1029824","66448","963376"
"Orange.com","Web","22006","7299","14707"
"AVG.com","Web","1257338","3943","1253395"
"Softonic.com","Web","173779","16822","156957"
"ElPais.com","Web","7574253","98648","7475605"
"Marca.com","Web","378652","66169","312483"
"MercadoLibre (aka MercadoLivre)","Web","34705","8561","26144"
"Yield Manager","Web","7362","1398","5964"
"craigslist","Web","95542678","8300133","87242545"
"Indiatimes","Web","1485768","27979","1457789"
"Kijiji.ca","Web","5880349","222213","5658136"
"Background Intelligent Transfer Service","File Sharing","85488331","6931824","78556507"
"Seznam.cz","Web","62870","2695","60175"
"Clarin.com","Web","19981","2119","17862"
"NZHerald.co.nz","Web","668597","7359","661238"
"Rt.com","Web","1215605","20501","1195104"
"Wp.pl","Web","62573","11508","51065"
"Ynet.co.il","Web","25879","3325","22554"
"Emol.com","Web","639912","77771","562141"
"News24.com","Web","33480","1694","31786"
"Stuff.co.nz","Web","3311233","242196","3069037"
"Zing.vn","Web","9179","1404","7775"
"Top.channel","Web","1351329","63328","1288001"
"Eltiempo","Web","27789","3416","24373"
"Fox Business Network","Web","195560","98981","96579"
"News","Web","747246","31918","715328"
"Aol","Web","2268069","303944","1964125"
"Gameloft Games","Gaming","51898","12586","39312"
"Akinator the Genie","Gaming","485085","48784","436301"
"Yadro","Web","11877","4106","7771"
"Telegram","Internet Instant Messaging","196314794","3897153","192417641"
"Subway Surfers","Gaming","2044","1185","859"
"Waze Social GPS Maps & Traffic","Web","645689","23744","621945"
"Huffington Post","Web","1372725","19358","1353367"
"OpenStreetMap","Infrastructure","63502","4680","58822"
"Videoplaza","Web","117871","31152","86719"
"Zendesk","Business Collaboration","12306545","1301492","11005053"
"Plenty Of Fish","Web","47145883","27962202","19183681"
"BoldChat Live Chat","Internet Instant Messaging","1385676","538219","847457"
"Fetion","Internet Instant Messaging","329048","14900","314148"
"Rudaw","Web","775882","32746","743136"
"Afreeca TV","Media","262575","2730","259845"
"Inquirer","Web","759800","14024","745776"
"ASANA","Web","1733896","392194","1341702"
"Taobao Ad Network and Exchange","Web","936206","203970","732236"
"Amazon Cloud Drive","Web","355207","5427","349780"
"Soy502","Web","282647","6740","275907"
"Gettyimages","Web","3724820","139527","3585293"
"Theladbible","Web","1330406","24482","1305924"
"I2P Invisible Internet Project","Tunneling and VPN","8738","5312","3426"
"ADTECH","Web","1488140","49256","1438884"
"AOL One","Web","1820835","263136","1557699"
"Australian Broadcasting Corporation","Web","857850","19269","838581"
"Constant Contact","Web","396441","15967","380474"
"Internet.org","Web","15188","6511","8677"
"Kakaocdn","Infrastructure","22189063","344881","21844182"
"Advertising.com","Web","2563528","667818","1895710"
"SourceForge","Web","1616","272","1344"
"My.com","Web","37402","14280","23122"
"Bizographics","Web","9301","2289","7012"
"Ebay.classifieds","Web","17964","1217","16747"
"Fastly","Web","21940452","812530","21127922"
"Disney Channel","Web","5176845","117056","5059789"
"Heavy.com","Web","1489352","27054","1462298"
"NBC","Web","9606614","479200","9127414"
"MoPub","Web","214413","45885","168528"
"Microsoft Translator (Bing Translator)","Web","9213","1048","8165"
"Sekindo","Web","358738","25815","332923"
"Periscope","Media","65695381","598779","65096602"
"Microsoft Sway (Office 365)","Business Application","8618","1198","7420"
"Olark","Web","559001","26912","532089"
"Liveperson","Web","8640001","357540","8282461"
"Zopim","Web","10486181","3608026","6878155"
"Mapbox","Web","13095424","912342","12183082"
"Rollout","Web","52302","6324","45978"
"Microsoft Excel Online (Office 365)","Web","788752","655149","133603"
"LiveChat","Web","1650277","43933","1606344"
"Riffsy (Tenor.co)","Web","350114","8679","341435"
"Tune","Web","24631","5935","18696"
"Braintree","Web","247265","31306","215959"
"QINIU","Web","2907076","86826","2820250"
"Verizon","Web","19729476","14324346","5405130"
"Lookout Mobile Security","Business Application","914723","608658","306065"
"Bleacher Report","Web","14794801","289471","14505330"
"Google Trusted Store (Google Commerce)","Web","255327","11728","243599"
"Rappler","Web","680519","27713","652806"
"Golden Frog","Web","1058979","101503","957476"
"MobFox","Web","6047","1125","4922"
"Baidu Maps","Web","696630","135611","561019"
"Ethernet/IP","Network Service","273924","262380","11544"
"Younow","Web","15134259","6861073","8273186"
"Bazaarvoice","Web","7834243","697388","7136855"
"MQ Telemetry Transport","Network Service","17903","9061","8842"
"Clicktale","Web","3639096","1685066","1954030"
"nuomi.com","Web","53081","6402","46679"
"Adk2","Web","32137","1685","30452"
"Pokemon GO","Gaming","199744704","8965397","190779307"
"CDNetworks","Infrastructure","32616","4728","27888"
"Weborama","Web","154272","33137","121135"
"Corriere","Web","13512","10647","2865"
"Highwinds","Web","1740580","60274","1680306"
"Eskimi","Web","58718","5790","52928"
"Sld","Web","174054","26036","148018"
"Shutterstock","Web","352007140","11386552","340620588"
"Hola","Web","569856","21674","548182"
"Amazon Music","Media","425346","80365","344981"
"Microsoft Powerpoint Online (Office 365)","Business Collaboration","16999217","1542598","15456619"
"StreamRail","Media","128479","20954","107525"
"Vidyard","Web","2727946","58427","2669519"
"Nintendo","Gaming","5783976","2760354","3023622"
"ADventori","Web","168064","34310","133754"
"Audible","Real Time Audio/Video","7230398","204858","7025540"
"Oriental Daily News (on.cc)","Web","66530","609","65921"
"Meituan","Web","95644","925","94719"
"Aerserv","Web","48737","9827","38910"
"Samsung Update","Web","2526980724","42334575","2484646149"
"Huawei Update","Web","92490","5946","86544"
"Rocket League","Gaming","458543","24014","434529"
"Amazon Chime","Business Collaboration","11031","2356","8675"
"Livescore","Web","16661","1879","14782"
"Savefrom","Web","412241","11534","400707"
"MaxCDN","Web","16075228","147550","15927678"
"Zhihu","Web","35400761","13309465","22091296"
"Walmart","Web","351518","308088","43430"
"DocuSign","Web","1938587","552318","1386269"
"Automatic Data Processing (ADP)","Web","1000273","92801","907472"
"WeTransfer","Web","58519083","3632269","54886814"
"Autodesk Fusion 360","Tunneling and VPN","135535","42790","92745"
"Optus","Web","918983","32113","886870"
"Chunghwa Telecom","Web","56935","17449","39486"
"Kahoot!","Web","23389499","389411","23000088"
"Sportradar","Web","688010","54308","633702"
"ChinaNetCenter ","Web","23730743","250724","23480019"
"Niantic, Inc","Web","4709496","454946","4254550"
"Meitu","Web","185307155","10956160","174350995"
"Snow","Internet Instant Messaging","2714680","139655","2575025"
"Clash Royale","Gaming","31080875","928510","30152365"
"Origin","Web","22529","5885","16644"
"DCARD","Social Networking","18337","5995","12342"
"Mail.com","Email","23291","8875","14416"
"Workplace By Facebook","Social Networking","1629505","599969","1029536"
"Kakao","Web","358807","105205","253602"
"Digioh","Web","4293534","80610","4212924"
"Apptimize","Web","419865","146524","273341"
"UC Browser","Web","498476","399425","99051"
"Mediascope","Web","43769","7392","36377"
"Domain Name Service Crypt","Network Service","2536751","984556","1552195"
"Youtube Music","Media","34913","5202","29711"
"Appnext","Web","59377","12073","47304"
"Splunk Cloud","Storage and Backup","42871","15424","27447"
"Fox Networks","Web","3198492","104785","3093707"
"9GAG","File Sharing","4276530","264720","4011810"
"AnchorFree","Tunneling and VPN","364591","166922","197669"
"Epic_games","Gaming","8168718","2061659","6107059"
"Unreal_engine","Gaming","83260","8170","75090"
"IBM","Web","25266","6227","19039"
"Microsoft AD Right Management Service","Business Application","274081","189883","84198"
"Barracuda Networks","Web","7247","1391","5856"
"RingCentral","Business Collaboration","698412","164032","534380"
"Google News","Web","1345579","139573","1206006"
"Visual IQ","Web","433959","129997","303962"
"League of Legends","Gaming","1443079","83266","1359813"
"Mobile Legends","Gaming","354628812","9555982","345072830"
"ExpressVPN","Tunneling and VPN","7077689","2379205","4698484"
"Account Kit","Web","726457","170185","556272"
"TechRadar","Web","1911955","101779","1810176"
"Future_plc","Web","8346338","497654","7848684"
"Inskin","Web","243772","35769","208003"
"Wish","Web","168302","24937","143365"
"Google Play Books","Web","1157646","133060","1024586"
"ProtonMail","Email","531168","48390","482778"
"Warner Bros. Interactive Entertainment","Gaming","6615506","1229189","5386317"
"AWS Console","Business Application","4665816","3226408","1439408"
"Singapore Government","Web","516734","30745","485989"
"Prezi","Web","34766469","253649","34512820"
"Fandom","Web","32021115","3151885","28869230"
"Tesla","Web","832340","221996","610344"
"W3Schools","Web","331933","6074","325859"
"OpenSignal","Web","224275","76578","147697"
"Megaphone","Web","259865247","1783253","258081994"
"UDP Data Transfer protocol","File Sharing","1831619","40871","1790748"
"TripAdvisor","Web","3860138","222011","3638127"
"PubNub","Web","182462","46906","135556"
"Unknown virtual protocol","Unclassified","3556481388","28997824","3527483564"
"Unknown virtual protocol","Unclassified","1068205","119029","949176"
"Unknown virtual protocol","Unclassified","121249218","3180912","118068306"
"Unknown virtual protocol","Unclassified","660577","217985","442592"
"Unknown virtual protocol","Unclassified","42451","3457","38994"
"Unknown virtual protocol","Unclassified","24504472","609003","23895469"
"Unknown virtual protocol","Unclassified","221862417","632525","221229892"
"Google Blog","Web","27235","3466","23769"
"Discovery Inc","Real Time Audio/Video","14312","2393","11919"
"Bumble","Web","9705261","203254","9502007"
"Qwant","Web","193905","12460","181445"
"Acast","Real Time Audio/Video","111990137","864564","111125573"
"Wireguard","Tunneling and VPN","1925624833","317198326","1608426507"
"Firework","Internet Instant Messaging","596793","80415","516378"
"Bigo","Web","360172","201436","158736"
"BAMTech","Real Time Audio/Video","5504934","1956967","3547967"
"Disney Plus","Real Time Audio/Video","353256618","8364848","344891770"
"Engage Digital","Network Service","528520","10006","518514"
"Moji Weather","Web","7227","468","6759"
"Schibsted Media Group","Web","19315","3676","15639"
"Quora","Social Networking","14452360","1290571","13161789"
"Toutiao","Web","3226414","248591","2977823"
"Tuchong","Web","3501537","3328686","172851"
"Airbnb","Web","2107899","67847","2040052"
"Activision-Blizzard","Web","1305314","12154","1293160"
"Zhenai","Web","39904","24351","15553"
"MediaLab","Web","653899","505930","147969"
"Baidu Tieba","Social Networking","148821","24029","124792"
"Workday","Business Application","6883155","569398","6313757"
"Service Now","Web","4604618","2534962","2069656"
"LocationIQ","Web","278761","8898","269863"
"StackPath","Web","6691586","238994","6452592"
"Ximalaya","Real Time Audio/Video","11063359","1078248","9985111"
"Roblox","Gaming","872267695","53749001","818518694"
"BridTV","Real Time Audio/Video","14741495","130752","14610743"
"Acronis Cloud","Web","7278","1944","5334"
"Acronis Backup","File Sharing","1951162","136138","1815024"
"Citrix","Web","71873","15927","55946"
"Microsoft Dynamics","Business Application","23619","5051","18568"
"Pluto TV","Real Time Audio/Video","67409","33418","33991"
"Tubi TV","Real Time Audio/Video","146430","6572","139858"
"iFunny","Web","142999","1826","141173"
"Hiido - Haidu Cloud","Web","608569","370646","237923"
"Demandbase","Web","659544","29137","630407"
"Sift Science","Web","514069","151205","362864"
"Yubo","Internet Instant Messaging","11888310","971195","10917115"
"UserReport","Web","699091","45198","653893"
" Revolut","Web","4696608","157680","4538928"
"2Checkout","Web","860752","29520","831232"
"Jitsi","Real Time Audio/Video","2124062","1560804","563258"
"Coursera","Web","261419","10504","250915"
"The Blaze","Web","651654","19737","631917"
"European Union","Web","2157626","103108","2054518"
"Hotels.com","Web","2919871","1605028","1314843"
"Official Major League Baseball","Web","16783","2885","13898"
"Priceline.com","Web","345218","42375","302843"
"Rotten Tomattoes","Web","1050142","71365","978777"
"Slate Magazine","Web","4490279","52410","4437869"
"The Daily Beast","Web","1124218","13466","1110752"
"TIME","Web","1814888","73333","1741555"
"TMZ","Web","3774789","73668","3701121"
"Geforce Now","Gaming","14201","2068","12133"
"The Walt Disney Company","Web","470559","149513","321046"
"Wired","Web","19052858","91898","18960960"
"Kickstarter","Web","108908118","1474889","107433229"
"Indiegogo","Web","1250927","22628","1228299"
"Kayak","Web","5892079","147265","5744814"
"Eventbrite","Web","4292833","85940","4206893"
"WarnerMedia","Web","401246584","1294200","399952384"
"Unknown virtual protocol","Unclassified","232245","111698","120547"
