"Application","Category","Total Bytes","Bytes Received","Bytes Sent"
"Dailymotion.com","Media","51933467","795823","51137644"
"Domain Name Service","Network Service","1163907485","591910525","571996960"
"Google Mail","Email","783299651","108348350","674951301"
"Google Search","Web","597342834","91321889","506020945"
"Google Maps","Web","113151380","5107206","108044174"
"HyperText Transfer Protocol","Web","4445830061","79367323","4366462738"
"HyperText Transfer Protocol Secure","Web","15443686212","1275830732","14167855480"
"Internet Control Message Protocol","Network Service","4422749195","2660511572","1762237623"
"Internet Message Access Protocol version 4","Email","113525640","40733318","72792322"
"Internet Message Access Protocol Secure","Email","9303512","950246","8353266"
"Internet Protocol","Network Service","0","0","0"
"Internet Security Association and Key Management Protocol","Tunneling and VPN","1370902318","164232298","1206670020"
"XMPP Protocol (Jabber)","Business Collaboration","11644244","1273806","10370438"
"Network Time Protocol","Network Service","954100","496990","457110"
"Remote Desktop Protocol (Windows Terminal Server)","Remote Desktop","2492412","967264","1525148"
"Real Time Protocol","Business Collaboration","339814639","114833040","224981599"
"Skype and Teams","Business Collaboration","17451429","3192390","14259039"
"Simple Object Access Protocol","Network Service","1270679555","568257682","702421873"
"SOCKet Secure v4","Tunneling and VPN","24205","16848","7357"
"Secure Socket Layer","Tunneling and VPN","12650461470","2993520536","9656940934"
"Session Traversal Utilities for NAT","Business Collaboration","19525125","389638","19135487"
"Transmission Control Protocol","Other TCP/UDP","1969171450","395933046","1573238404"
"User Datagram Protocol","Other TCP/UDP","84178192241","11848073953","72330118288"
"Yahoo Search","Web","2068747","190251","1878496"
"Yahoo Mail v.2.0","Email","128837815","25053366","103784449"
"Youtube.com","Media","16037377323","491857658","15545519665"
"Facebook","Social Networking","32076952749","1370688138","30706264611"
"Google Ads","Web","661116049","84636929","576479120"
"Windows Live Hotmail","Email","157210225","26173874","131036351"
"Secure AIM","Internet Instant Messaging","435701","100207","335494"
"LinkedIn","Social Networking","729903849","34436702","695467147"
"Apple Generic Services","Web","11866695945","162017688","11704678257"
"Online Certificate Status Protocol","Business Application","14966218","5253184","9713034"
"Twitter","Social Networking","1272800516","53378400","1219422116"
"iTunes","Media","682903548","63227704","619675844"
"Spotify","Media","1196532062","38155118","1158376944"
"TeamViewer","Remote Desktop","266668808","135151315","131517493"
"Bing.com (formerly MSN Search)","Web","419071210","43415671","375655539"
"Baidu.com","Web","28663278","1525318","27137960"
"Windows Update","Web","5430403875","423615317","5006788558"
"Archive.org","Web","17597","10130","7467"
"Chrome Update","Web","212475996","11565081","200910915"
"Opera Update","Web","1664798","610068","1054730"
"Viber","Real Time Audio/Video","102389138","3180457","99208681"
"Netflix.com","Media","6955720461","49723477","6905996984"
"Google Analytics,Google Marketing Platform","Web","165250882","50133825","115117057"
"Google GStatic","Web","1018647549","58431333","960216216"
"Jango.com","Web","4409947","83371","4326576"
"Portal.TidalTV.com","Web","238947","58836","180111"
"YouKu","Media","1062767","969493","93274"
"Google Generic","Web","518710377","68671635","450038742"
"Amazon Generic Services","Web","2092461060","648679005","1443782055"
"Naver Corporation (formerly NHN Corporation)","Web","21566906","695023","20871883"
"NYTimes.com","Web","35291319","1363593","33927726"
"Weather.com","Web","10401828","986890","9414938"
"Sina.com.cn","Internet Instant Messaging","39442544","399304","39043240"
"WhatsApp Messenger","Internet Instant Messaging","19564206456","7358631462","12205574994"
"Sina Weibo","Web","118442945","4298786","114144159"
"Taobao","Web","82138232","2721980","79416252"
"Apple App Store","Web","8705502414","88919055","8616583359"
"Windows Marketplace","Web","568803185","43968913","524834272"
"Apple FaceTime","Real Time Audio/Video","3716321175","1390237188","2326083987"
"Apple Push Notification Service","Web","201916926","143558864","58358062"
"iOS over-the-air (OTA) update","Web","3956372849","25492733","3930880116"
"Samsung Apps","Web","31312273","2439293","28872980"
"Google Play Store","Media","5594756349","804382338","4790374011"
"iCloud (Apple)","Storage and Backup","20624228289","12400158691","8224069598"
"Instagram","Web","95625300343","2642705936","92982594407"
"Amazon Web Services/Cloudfront CDN","Infrastructure","21574572765","18668893434","2905679331"
"Amazon Prime Video","Media","8339324","1621290","6718034"
"QQ.com","Web","11607094","409914","11197180"
"Ifeng.com","Web","222145","183060","39085"
"Alipay","Web","177548","49181","128367"
"Douban.com","Web","562485","223723","338762"
"Alibaba.com","Web","2623224","225119","2398105"
"Alimama.com","Web","4232","840","3392"
"Akamai Technologies CDN","Web","1303448849","25655086","1277793763"
"Microsoft Azure (previously Windows Azure)","Infrastructure","75513688","4314978","71198710"
"ISO Base Media File Format","Real Time Audio/Video","75640758","372220","75268538"
"Yahoo.com","Web","211369266","29507343","181861923"
"WeChat","Internet Instant Messaging","143948183","10220429","133727754"
"Rakuten.co.jp","Web","261869","33249","228620"
"QQ Games","Gaming","1937227","1426697","510530"
"Tencent.com","Internet Instant Messaging","154029","27397","126632"
"Google Talk (incl. Hangouts and Allo and Duo)","Real Time Audio/Video","15741942","6287100","9454842"
"CloudFlare CDN","Infrastructure","3466895609","124711374","3342184235"
"Microsoft Office 365","Business Collaboration","543656491","49486948","494169543"
"Zoho Corporation","Business Application","6545856","2055744","4490112"
"Pinterest","Web","59237028","4563465","54673563"
"Microsoft Outlook (Office 365)","Business Application","584060654","135766255","448294399"
"Reddit.com","Web","160595470","7135383","153460087"
"Apple SIRI","Web","56363524","35794980","20568544"
"JingDong","Web","486663","262434","224229"
"WebSocket","Network Service","31042","17363","13679"
"LastPass.com","Web","130329","58666","71663"
"Paypal.com","Web","63227898","11438602","51789296"
"Indiatimes","Web","2939099","169032","2770067"
"Kijiji.ca","Web","41346741","2639306","38707435"
"EdgeCast Networks CDN","Infrastructure","782004","194696","587308"
"Maannews.net","Web","1706","376","1330"
"Google Accounts","Web","306335981","85104139","221231842"
"Arabiaweather","Web","24782","3986","20796"
"Amazon Ad System","Web","54395374","9544640","44850734"
"Aol","Web","411769","49386","362383"
"Snapchat","Social Networking","5973942444","160412653","5813529791"
"AddThis","Web","5169110","309693","4859417"
"Turn","Web","1217517","316108","901409"
"ScorecardResearch","Web","11164765","2697194","8467571"
"Quantcast","Web","5921194","1048539","4872655"
"Telegram","Internet Instant Messaging","509833745","12856746","496976999"
"Oracle","Web","5432891","1558241","3874650"
"Bitstrips","Social Networking","44906862","2181901","42724961"
"TRUSTe","Web","5322889","495096","4827793"
"Criteo","Web","25630056","5480002","20150054"
"Adobe","Business Application","217135223","16133456","201001767"
"Google Safe Browsing","Web","6374014","2227033","4146981"
"Inneractive","Web","23221943","14003606","9218337"
"Flurry","Business Application","3566730","2426471","1140259"
"Samsung","Web","72010084","23963016","48047068"
"Crashlytics","Web","15373287","1644591","13728696"
"BoldChat Live Chat","Internet Instant Messaging","1356128","305516","1050612"
"Facebook Messenger","Internet Instant Messaging","862206618","345553538","516653080"
"InMobi","Web","14364199","6696448","7667751"
"AppsFlyer","Business Application","39307507","16087718","23219789"
"Xiaomi","Web","8731375","5250835","3480540"
"Stickyads","Web","5643066","2114746","3528320"
"Mixpanel","Web","32601580","28759258","3842322"
"Smart AdServer","Web","17773849","4454014","13319835"
"Taobao Ad Network and Exchange","Web","780274","286953","493321"
"Cedexis","Web","7015236","1224548","5790688"
"Google Cloud Storage","Web","2088164692","1947326019","140838673"
"Google Cloud Messaging","Web","57108131","14604855","42503276"
"Google Calendar","Web","7702658","2002980","5699678"
"Apple Location","Web","4597734755","121457111","4476277644"
"quic","Network Service","35210682","15357044","19853638"
"OpenX","Web","2560376","811263","1749113"
"PubMatic","Web","28067194","13323900","14743294"
"Index Exchange (previously Casale Media)","Web","10275774","3336603","6939171"
"LOTAME","Web","6972239","1060783","5911456"
"Rubicon Project","Web","24368774","8870683","15498091"
"ADTECH","Web","556389","59478","496911"
"AppNexus","Web","61101578","32588798","28512780"
"Rlcdn","Web","3836217","813474","3022743"
"HyperText Transfer Protocol version 2","Web","3036341990","222636966","2813705024"
"Advertising.com","Web","1760297","535585","1224712"
"Google Tag Manager","Web","128554468","7145417","121409051"
"Facebook Embedded Video","Media","1437365569","19403419","1417962150"
"Ad Safe Protected","Web","25697300","4060216","21637084"
"Adjust.com","Web","5639698","2274803","3364895"
"Scotiabank","Web","22082388","3054925","19027463"
"Atlas Solutions","Web","103208","27104","76104"
"Urbanairship","Web","1038407","194530","843877"
"Apple Music","Media","1202414295","10932877","1191481418"
"Outbrain","Web","27342957","3433088","23909869"
"Unruly","Web","1910266","849429","1060837"
"Rogers TV","Web","27039345","4065745","22973600"
"UpLynk","Web","114894668","439807","114454861"
"Applovin","Web","132791995","39486744","93305251"
"Android connectivity Manager","Network Service","6612799","3270165","3342634"
"Moat","Web","48941014","16218051","32722963"
"Microsoft Office OneNote (Office 365)","Business Application","1028593","74328","954265"
"Heap","Web","94515337","57300079","37215258"
"Olark","Web","618932","33965","584967"
"Branch Metrics","Web","34578628","10684848","23893780"
"Optimizely","Web","10002218","1663897","8338321"
"Taboola","Web","60857914","6620456","54237458"
"Microsoft Excel Online (Office 365)","Web","14462723","3211182","11251541"
"Rackspace","Web","1678669908","70195927","1608473981"
"Tune","Web","168972","74244","94728"
"Smaato","Web","4087221","1569659","2517562"
"Braintree","Web","15944","3109","12835"
"Verizon","Web","5898449","3586127","2312322"
"MediaMath","Web","2586798","949112","1637686"
"jQuery","Web","6440723","280015","6160708"
"Everest Technologies","Web","4017707","1236522","2781185"
"SpotXchange","Web","1905717","368322","1537395"
"Microsoft OneDrive","Web","695136703","105628614","589508089"
"Microsoft","Web","3491339513","1211092252","2280247261"
"Umeng","Web","337082","163894","173188"
"Revcontent","Web","2335669","400491","1935178"
"New Relic","Web","99077254","65988705","33088549"
"Uber (formerly UberCab)","Web","2794990254","1944587158","850403096"
"Younow","Web","16298279","7471555","8826724"
"Conversant","Web","1553767","567694","986073"
"Teads","Web","44987186","2776111","42211075"
"Adform","Web","3961400","891065","3070335"
"hotjar","Web","11834118","3134562","8699556"
"ZoomMeetings","Business Collaboration","1761642407","262754392","1498888015"
"HyperText Transfer Protocol proxy","Network Service","1041688","583548","458140"
"Tinder","Web","233806307","21102854","212703453"
"GIPHY","Web","118374573","1374328","117000245"
"Firebase Cloud Messaging","Web","133923764","56257819","77665945"
"Heroku","Web","3088141","26194","3061947"
"IMO Video Calling Application","Media","61476930","15150209","46326721"
"Bidswitch","Web","7956467","2695225","5261242"
"Signal Private Messenger (Open Whisper Systems)","Internet Instant Messaging","10731013","2607422","8123591"
"Bugsnag","Web","1757315","1096148","661167"
"Apple Game Center","Gaming","3984369","852384","3131985"
"Audible","Real Time Audio/Video","30337","8232","22105"
"Sharethrough","Web","10418914","2901696","7517218"
"AdColony","Web","2839099","839938","1999161"
"Yieldmo","Web","8936465","1153204","7783261"
"Huawei","Web","2296436","1024984","1271452"
"MGID","Web","2320297","232731","2087566"
"DoubleVerify","Web","30823485","6163457","24660028"
"Media Innovation Group","Web","725552","255356","470196"
"Avast","Web","3010531","439744","2570787"
"Okta","Web","64120390","14702633","49417757"
"PulsePoint","Web","1727211","530982","1196229"
"eXelate","Web","1030853","340726","690127"
"Sonobi","Web","1887232","712374","1174858"
"Amplitude","Web","9148058","6776735","2371323"
"Google Cloud Platform","Web","10645688","3154021","7491667"
"Meitu","Web","1857656","26270","1831386"
"Microsoft teams","Internet Instant Messaging","77564155","35672633","41891522"
"Youtube Music","Media","3345311","338809","3006502"
"Akamai Video","Media","542119","140861","401258"
"Cisco","Web","3218240","1018937","2199303"
"IronSource","Business Application","58909883","6678490","52231393"
"Disqus","Web","4139032","262128","3876904"
"Simpli.fi","Web","1261244","267225","994019"
"ByteDance","Web","98267494","3925235","94342259"
"TikTok (Musical.ly)","Social Networking","40019423009","702216535","39317206474"
"Alibaba Group","Web","305838","57534","248304"
"Alibaba Cloud","Web","13799732","375778","13423954"
"Discord","Internet Instant Messaging","22083991","934512","21149479"
"Apple News","Web","83548229","3212478","80335751"
"Vungle","Web","92960525","2598206","90362319"
"Google APIs","Web","2111835576","833682905","1278152671"
"PubNub","Web","137380","39933","97447"
"Amazon Cognito","Web","18764869","6189210","12575659"
"Unknown virtual protocol","Unclassified","477008282","59139002","417869280"
"Unknown virtual protocol","Unclassified","3251308","416039","2835269"
"Unknown virtual protocol","Unclassified","457364","260183","197181"
"Unknown virtual protocol","Unclassified","236419716","18591931","217827785"
"Google Pay","Web","6092403","1901035","4191368"
"Google Messages","Internet Instant Messaging","10478121","2861841","7616280"
"Moji Weather","Web","22013","4437","17576"
"Quora","Social Networking","9436067","597926","8838141"
"Toutiao","Web","131414","3340","128074"
"Xigua Video","Real Time Audio/Video","105113","43536","61577"
"Wangwang","Internet Instant Messaging","511017","274400","236617"
"Shopify","Web","56282820","925385","55357435"
"Ximalaya","Real Time Audio/Video","15005","2900","12105"
"Uber Eats","Web","576424","112033","464391"
"DoorDash","Web","135422191","2474158","132948033"
"Likee","Internet Instant Messaging","10550725","3013425","7537300"
"KOCHAVA","Web","875313","229958","645355"
"Sift Science","Web","517343","99177","418166"
"UserReport","Web","145348","34829","110519"
"Pendo","Web","327707975","22111693","305596282"
"Go Daddy","Web","4371717","151054","4220663"
"Contentful","Web","420671844","8571865","412099979"
"Coursera","Web","16739656","270600","16469056"
"Indeed","Web","125710551","36989389","88721162"
"World Of Tanks Blitz","Gaming","504799","44294","460505"
"Bilibili","Web","48625987","1582993","47042994"
"Wargaming","Web","53024","9562","43462"
"Digicert","Web","12295943","2644877","9651066"
"Font Awesome","Web","8398789","486739","7912050"
"Intercom","Web","143705945","59281211","84424734"
"SD-WAN Control","SD-WAN","16626628996","8873100343","7753528653"
"SD-WAN Management","SD-WAN","195116071","97593654","97522417"
"TencentMeeting","Business Collaboration","107080362","32384614","74695748"
"IKEA.com","Web","118148006","7747941","110400065"
"Zendesk","Business Collaboration","6571144","239489","6331655"
"Zopim","Web","1158583","226316","932267"
"Bazaarvoice","Web","11270263","625750","10644513"
"Walmart","Web","27844089","25362908","2481181"
"Advance Message Queuing Protocol","Network Service","3211","1846","1365"
"BitTorrent","Peer to Peer","173291","3505","169786"
"Connection Oriented Transfer Protocol","Network Service","7902","5376","2526"
"eBay.com","Web","19908427","2137228","17771199"
"File Transfer Protocol","File Sharing","2488","1636","852"
"Independant Computing Architecture (Citrix)","Remote Desktop","2944","1684","1260"
"Internet Printing Protocol","Business Application","1723","1198","525"
"IPsec (AH and ESP)","Tunneling and VPN","32466494","9150374","23316120"
"Kerberos","Authentication","7480","4954","2526"
"Lighweight Directory Access Protocol","Authentication","17763","10899","6864"
"McAfee Client update","Business Application","5375512","615821","4759691"
"Secure POP3","Email","201902","24814","177088"
"Port Mapper","Network Service","6698","4598","2100"
"PostgreSQL","Business Application","1132","712","420"
"Point-to-Point Tunneling Protocol","Tunneling and VPN","2944","1684","1260"
"QQ","Internet Instant Messaging","3248146","2716933","531213"
"Session Initiation Protocol","Business Application","949600","57328","892272"
"Server Message Block (Windows File Server)","File Sharing","34712","24002","10710"
"Simple Mail Transfer Protocol","Email","14679481","10261952","4417529"
"Simple Network Management Protocol","Management","100528","100528","0"
"Secure Shell","Tunneling and VPN","459957","154421","305536"
"Tabular Data Stream","Business Application","8533","5278","3255"
"Transparent Network Service (Oracle)","Business Application","4060","2590","1470"
"Wikipedia.com","Web","74500610","1636033","72864577"
"X Window System","Business Application","9941","6476","3465"
"Ares","Peer to Peer","17131","922","16209"
"Ask.com","Web","116696","6318","110378"
"Tagged.com","Social Networking","2974697","649834","2324863"
"Expedia.fr","Web","37644908","7704329","29940579"
"Travelocity.com","Web","16452","3318","13134"
"Realtor.com","Web","18209","3799","14410"
"WordPress.com","Social Networking","8868815","321837","8546978"
"Flickr","Social Networking","297232","10959","286273"
"Hi5.com","Social Networking","1452933","449712","1003221"
"Deezer","Web","94972740","1320177","93652563"
"Mail.ru Webmail","Email","1128","509","619"
"Steampowered.com","Gaming","2583173","111083","2472090"
"Xbox Live","Gaming","2138507","289598","1848909"
"Badoo.com","Internet Instant Messaging","141886950","8913847","132973103"
"Flixster.com","Web","2159375","101558","2057817"
"Foursquare.com","Web","1399237","121267","1277970"
"InterNations.org","Web","1101343","9235","1092108"
"Meetup","Web","6586","1735","4851"
"MocoSpace.com","Web","17143","1474","15669"
"Odnoklassniki.ru","Social Networking","190644","10832","179812"
"ResearchGATE.net","Web","187466","9122","178344"
"Tumblr","Social Networking","149000964","1737028","147263936"
"Vk.com (Vkontakte)","Social Networking","97066","3656","93410"
"Yammer.com","Business Application","402606","286026","116580"
"Yelp.com","Web","20323777","569423","19754354"
"Yandex.ru","Web","2219219","1070328","1148891"
"Adobe Flash Plugin Update","Web","105078","31550","73528"
"Firefox Update","Web","23489810","689779","22800031"
"Java Update","Web","1036094","100606","935488"
"Apple Update","Web","14649437","76015","14573422"
"Debian/Ubuntu Update","Web","35027941","622549","34405392"
"icecast","Media","24323987","544944","23779043"
"BitDefender Update","Web","835053","278912","556141"
"Garena","Web","136904","14992","121912"
"Channel 4 (Channel Four Television)","Web","8846","1041","7805"
"Dropbox","Storage and Backup","87866222","4917649","82948573"
"Evony.com","Web","49434","19355","30079"
"Google Translate","Web","3132638","542379","2590259"
"Salesforce","Business Application","8253238","1239726","7013512"
"SiriusXm.com","Media","9828","1210","8618"
"GoToMeeting Online Meeting","Business Collaboration","39382","4407","34975"
"WebEx","Business Collaboration","44412","2887","41525"
"Bloomberg.com","Web","87994","27471","60523"
"Tor","Anonymizers and Proxies","11571220","4767700","6803520"
"Internet Inter-ORB Protocol","Network Service","3284","2234","1050"
"WHOIS","Network Service","8740","818","7922"
"Netware Core Protocol","Management","7433","4598","2835"
"AccuWeather","Web","861714","160031","701683"
"Adobe Acrobat DC (Document Cloud)","Web","184303","57433","126870"
"AmericanExpress","Web","139830","41363","98467"
"Blogger","Web","1140001","32644","1107357"
"Capital One","Web","4911945","822402","4089543"
"Cnet.com","Web","1039337","22082","1017255"
"CNN (Cable News Network)","Web","12647988","800994","11846994"
"Comcast","Web","1642972","4611","1638361"
"Daily Mail","Web","5092198","478512","4613686"
"Daum.net","Web","77873302","5062661","72810641"
"Fox News","Web","23422","2416","21006"
"Groupon","Web","966843","133788","833055"
"Intuit.com","Business Application","62520","14626","47894"
"Kaspersky.com","Web","1995218","827371","1167847"
"Mashable.com","Web","66708","8623","58085"
"Mozilla.com - Mozilla.org","Web","53216982","18952899","34264083"
"NBA.com","Web","1845912","70473","1775439"
"National Football League (NFL.com)","Web","30418","5459","24959"
"Nike.com","Web","2797788","52514","2745274"
"Reverso.net","Web","828263","36427","791836"
"Sky","Web","59817","1380","58437"
"Vimeo","Web","130986188","1979677","129006511"
"Xbox","Gaming","17510","2020","15490"
"Xvideos.com","Media","113690","52589","61101"
"QQ WeiBo","Web","15644","2659","12985"
"Google App Engine","Business Application","670658","150624","520034"
"GMX webmail","Email","297011","41627","255384"
"Line","Internet Instant Messaging","294936940","159405872","135531068"
"Shazam","Web","34264","9984","24280"
"SoundCloud","Media","19659562","502676","19156886"
"TuneIn","Real Time Audio/Video","9060","1813","7247"
"KakaoTalk","Internet Instant Messaging","6219957","917891","5302066"
"Coupang","Web","12742","3437","9305"
"Mk.co.kr","Web","2994076","85035","2909041"
"mt","Web","5303581","164859","5138722"
"Nate.com","Web","857460","98747","758713"
"Tistory.com","Web","55744","14648","41096"
"Auction.co.kr","Web","23063","4277","18786"
"163.com","Web","4682","944","3738"
"Sohu.com","Web","77129","19183","57946"
"Zynga.com","Gaming","1417109","463911","953198"
"Limelight Networks CDN","Web","1435785883","18886750","1416899133"
"Datagram Transport Layer Security","Tunneling and VPN","1190230360","125024039","1065206321"
"MiTalk Messenger (Miliao)","Internet Instant Messaging","181000","19428","161572"
"Ctrip.com","Web","8880","1528","7352"
"QQ News","Web","80528","8337","72191"
"Udn.com","Web","12151","2709","9442"
"Pornhub","Web","56636","12014","44622"
"Nokia Here API","Web","78888","6568","72320"
"MeetMe.com","Social Networking","8865","1991","6874"
"Microsoft SharePoint Online (Office 365)","Business Application","30579892","6493703","24086189"
"Nend.net","Web","7742","1829","5913"
"Speedtest","File Sharing","19618","10951","8667"
"ESPN.go.com","Web","854848","184881","669967"
"MapQuest.com","Web","380771","34063","346708"
"SPDY","Network Service","1278","554","724"
"Internet Movie Database","Web","1426680","44158","1382522"
"Imgur.com","Storage and Backup","4770246","190877","4579369"
"Google Documents (aka Google Drive)","Storage and Backup","23720854","9373296","14347558"
"Apple Maps","Web","7552346","407714","7144632"
"Bet365.com","Web","1150970","134810","1016160"
"Mendeley.com","File Sharing","4936247","2664496","2271751"
"Bitcoin client","Peer to Peer","3211","1846","1365"
"Orange.com","Web","18127","7547","10580"
"BBC","Web","8972795","443420","8529375"
"ElPais.com","Web","3239489","240026","2999463"
"T-Online.de","Web","5409","588","4821"
"MercadoLibre (aka MercadoLivre)","Web","288869","35068","253801"
"Goal.com","Web","392715","2816","389899"
"Tv2.dk","Web","392131","47888","344243"
"Heureka.cz","Web","17529","2824","14705"
"Apple HTTP Live Streaming","Real Time Audio/Video","445124344","2903234","442221110"
"Free","Web","2038","1198","840"
"craigslist","Web","1404302","91915","1312387"
"Gazeta.pl","Web","358911","33995","324916"
"Internet Small Computer Systems Interface","Network Service","1472","842","630"
"Background Intelligent Transfer Service","File Sharing","457919","27072","430847"
"Seznam.cz","Web","74820","5415","69405"
"Varzesh3.com","Web","3610544","272978","3337566"
"Conviva","Infrastructure","841367","395464","445903"
"AliExpress.com","Web","16008590","465079","15543511"
"Bild.de","Web","1520948","171865","1349083"
"Dr.dk","Web","27006","10136","16870"
"NRK.no","Web","15581","2956","12625"
"UOL.com.br","Web","106824","23485","83339"
"Wp.pl","Web","125724","38871","86853"
"VnExpress.net","Web","56308","6138","50170"
"News","Web","556118","28842","527276"
"Gameloft Games","Gaming","20238","6666","13572"
"Naver","Web","2227","779","1448"
"uTorrent","Peer to Peer","3990","1656","2334"
"Candy Crush Saga","Gaming","292267","110503","181764"
"King Digital Entertainment","Gaming","5346242","520791","4825451"
"Waze Social GPS Maps & Traffic","Web","1053133","107953","945180"
"Symantec","Web","3234534","218052","3016482"
"KakaoStory","Social Networking","277473","50755","226718"
"OpenStreetMap","Infrastructure","28943","3235","25708"
"Videoplaza","Web","5551","380","5171"
"Brightcove","Media","3659649","244522","3415127"
"Twitch","Media","1447101","107609","1339492"
"Gravatar","Business Collaboration","869977","168211","701766"
"FreeWheel","Web","600082","210924","389158"
"Turner","Web","144249","10452","133797"
"Nielsen","Web","572880","141478","431402"
"battlenet","Gaming","1926975","590435","1336540"
"ASANA","Web","3268606","526871","2741735"
"JAVA-RMI","Network Service","6867","4242","2625"
"Amazon Cloud Drive","Web","8180","1424","6756"
"Lazada","Web","812327","26320","786007"
"Gettyimages","Web","117065","5180","111885"
"Theladbible","Web","54489","2401","52088"
"Flipboard","Web","713170","139761","573409"
"CPMSTAR","Web","342585","81176","261409"
"Sizmek (previously MediaMind)","Web","35353342","392070","34961272"
"AOL One","Web","306852","25853","280999"
"Realestate","Web","163792","30335","133457"
"Constant Contact","Web","92382","8668","83714"
"GitHub","Web","397609696","7417013","390192683"
"Xbox Music","Media","4802","1194","3608"
"Yr","Web","996900","32495","964405"
"Atlassian","Web","665628","505329","160299"
"Pastebin","Web","490901","16140","474761"
"Internet.org","Web","18252","7917","10335"
"Kakaocdn","Infrastructure","10149842","231298","9918544"
"SourceForge","Web","141020834","2394537","138626297"
"Bizographics","Web","4932","1288","3644"
"Helpshift","Web","359585","91665","267920"
"BootstrapCDN","Web","3124728","210407","2914321"
"CBS Video","Web","2022246","42359","1979887"
"LogMeIn","Remote Desktop","291476","2150","289326"
"Fastly","Web","1578155","66030","1512125"
"Disney Channel","Web","109168","5565","103603"
"Threema","Web","9514581","2330319","7184262"
"NBC","Web","1074250","49494","1024756"
"Localytics","Web","1805574","434682","1370892"
"MoPub","Web","175202","79288","95914"
"Sekindo","Web","6617","712","5905"
"Krux","Web","3870798","586057","3284741"
"Perform","Web","50353","11285","39068"
"Periscope","Media","236295878","1904635","234391243"
"Liveperson","Web","12533124","764333","11768791"
"Mapbox","Web","8431692","446356","7985336"
"Google Code","Web","14485","3428","11057"
"Rollout","Web","49835","17814","32021"
"Signal","Web","255728","27314","228414"
"LiveChat","Web","2869469","317515","2551954"
"Riffsy (Tenor.co)","Web","2560117","328641","2231476"
"Ensighten","Web","942577","176457","766120"
"LKQD","Web","131006","36397","94609"
"TubeMogul","Web","186493","18962","167531"
"Tokopedia","Web","759349","65705","693644"
"Hola Web Proxy","Web","1844836","450670","1394166"
"funCaptcha","Web","6720","1120","5600"
"Google Photos (formerly Google Picasa)","Web","91088383","77084999","14003384"
"Liftoff","Web","407969","138476","269493"
"Baidu Maps","Web","1333547","215882","1117665"
"Bank of America","Web","808431","62269","746162"
"QQVideo","Web","734725","14996","719729"
"Slack","Web","103854206","3775378","100078828"
"ICY (I Can Yell)","Media","133761759","4555378","129206381"
"Switch","Web","6028","254","5774"
"MQ Telemetry Transport","Network Service","7126","3219","3907"
"Clicktale","Web","19608744","16956183","2652561"
"Pokemon GO","Gaming","8196094","661244","7534850"
"CDNetworks","Infrastructure","2808138","117763","2690375"
"Weborama","Web","64511","13801","50710"
"Constrained Application Protocol","Network Service","3818","2558","1260"
"Highwinds","Web","1854","1177","677"
"Innovid","Web","29656559","422634","29233925"
"StackExchange","Web","75151","16162","58989"
"StackOverflow","Web","2171096","95797","2075299"
"Wix","Web","14964362","714768","14249594"
"Inyarwanda","Web","553938","39015","514923"
"Shutterstock","Web","78231","5213","73018"
"Clash of Clans","Gaming","3727735","296161","3431574"
"Supercell","Gaming","262036","72852","189184"
"Amazon Music","Media","10590659","3312665","7277994"
"Cheetah Mobile","Web","11564607","99217","11465390"
"OPC Unified Architecture","Web","3211","1846","1365"
"StreamRail","Media","55406","10253","45153"
"ADventori","Web","37178","7565","29613"
"Tealium","Web","7650579","1476202","6174377"
"Flashtalking","Web","12513140","544065","11969075"
"Samsung Update","Web","2012147564","19255402","1992892162"
"ULP","Network Service","1120389","50140","1070249"
"Amazon Chime","Business Collaboration","556509","46494","510015"
"AnyDesk","Remote Desktop","177330","71702","105628"
"Livescore","Web","105381","7918","97463"
"MaxCDN","Web","6111","938","5173"
"Booking.com","Web","8499064","427987","8071077"
"DocuSign","Web","1201227","116754","1084473"
"Automatic Data Processing (ADP)","Web","9165396","980568","8184828"
"Cloudinary","Web","46347914","274655","46073259"
"Optus","Web","147743","4757","142986"
"Google Secure User Plane Location","Web","168896","24068","144828"
"Gfycat","Web","30445068","158420","30286648"
"T-Mobile","Web","7049","1814","5235"
"Mongodb Protocol","Business Application","1666","1036","630"
"Sportradar","Web","108628","32644","75984"
"Pornhub NETWORK","Web","14678","6037","8641"
"Wall Street Journal","Web","7293961","146551","7147410"
"Niantic, Inc","Web","439811","33742","406069"
"Snow","Internet Instant Messaging","332295","74256","258039"
"Clash Royale","Gaming","33772891","285144","33487747"
"Canvas Student","Web","4153848","61700","4092148"
"Instructure","Web","514558","38138","476420"
"United Internet","Web","28591","8665","19926"
"shopee.tw","Web","1208231","123649","1084582"
"Electronic Arts","Web","73301532","959742","72341790"
"Facebook Lite","Social Networking","2910292","546747","2363545"
"Kakao","Web","17892555","994889","16897666"
"Digioh","Web","521829","18629","503200"
"Apptimize","Web","4440","1685","2755"
"UC Browser","Web","25539","8976","16563"
"x_vpn","Tunneling and VPN","848999324","38939043","810060281"
"Data Saver","Web","1133100","117509","1015591"
"Adtelligent","Web","979527","224361","755166"
"Appnext","Web","34953","7588","27365"
"Tenor","Web","6877739","799369","6078370"
"Splunk Cloud","Storage and Backup","278088","191856","86232"
"Fox Networks","Web","283401","4144","279257"
"Epic_games","Gaming","211192","125857","85335"
"Unreal_engine","Gaming","150959151","49896875","101062276"
"IBM","Web","81380","9247","72133"
"Grammarly","Web","56685245","19134723","37550522"
"Ubisoft","Gaming","1412873","129524","1283349"
"RingCentral","Business Collaboration","51992","3588","48404"
"Google News","Web","218217","26306","191911"
"PlayerUnknown's BattleGrounds","Gaming","88138925","4039471","84099454"
"Visual IQ","Web","80153","19885","60268"
"CyberGhost","Tunneling and VPN","153516","29055","124461"
"Redis","Business Application","16545","7024","9521"
"Future_plc","Web","25394884","304150","25090734"
"Wish","Web","9143","3141","6002"
"DICOM","Network Service","2378","1328","1050"
"Ted Conferences","Web","1432356","95396","1336960"
"Target","Web","59920","2968","56952"
"iBooks","Web","35689","9092","26597"
"Fandom","Web","452354","16432","435922"
"Google GSuite","Web","98694","27903","70791"
"Didi","Web","127765","52214","75551"
"Megaphone","Web","796597427","4118805","792478622"
"UDP Data Transfer protocol","File Sharing","352533","340905","11628"
"TripAdvisor","Web","37090973","2976290","34114683"
"Moodle","Social Networking","126062759","7255202","118807557"
"Unknown virtual protocol","Unclassified","21825079","1456635","20368444"
"Unknown virtual protocol","Unclassified","119479360","15202983","104276377"
"Unknown virtual protocol","Unclassified","3802948","309950","3492998"
"Unknown virtual protocol","Unclassified","16786436","13842467","2943969"
"Unknown virtual protocol","Unclassified","732401","416897","315504"
"Unknown virtual protocol","Unclassified","69257121","1419179","67837942"
"Discovery Inc","Real Time Audio/Video","18587","6106","12481"
"Bumble","Web","3598917","335105","3263812"
"National Public Radio","Web","2153505","123838","2029667"
"Acast","Real Time Audio/Video","50414","7198","43216"
"Wireguard","Tunneling and VPN","172343158","7555384","164787774"
"Firework","Internet Instant Messaging","483608","86996","396612"
"JWPLAYER","Web","16664316","457407","16206909"
"Bigo","Web","16817131","651619","16165512"
"BAMTech","Real Time Audio/Video","5096035","2956196","2139839"
"Disney Plus","Real Time Audio/Video","1528714106","2664797","1526049309"
"Web Services Dynamic Discovery","Network Service","90974","57092","33882"
"Airbnb","Web","7417610","441974","6975636"
"Zhenai","Web","14575","8784","5791"
"Browsec VPN","Tunneling and VPN","4647","3315","1332"
"Advanced Hosting","Web","12194045","113807","12080238"
"Workday","Business Application","17166535","583213","16583322"
"Service Now","Web","1857963","180628","1677335"
"StackPath","Web","865000","24327","840673"
"Houseparty","Real Time Audio/Video","72801","10707","62094"
"Roblox","Gaming","448317737","67006445","381311292"
"BridTV","Real Time Audio/Video","321023","33550","287473"
"Microsoft Dynamics","Business Application","23295","3999","19296"
"adRise","Real Time Audio/Video","805740","24394","781346"
"Tubi TV","Real Time Audio/Video","1341919","176486","1165433"
"Demandbase","Web","2003910","301583","1702327"
"Amazon Alexa Assistant","Business Collaboration","2464354","580633","1883721"
"Spotify Audio","Real Time Audio/Video","849465417","3294040","846171377"
"Hearthstone","Gaming","1901624","164375","1737249"
"Yubo","Internet Instant Messaging","10448","2871","7577"
"Connatix","Real Time Audio/Video","6826405","643732","6182673"
"Minute Media","Web","329147","5251","323896"
" Revolut","Web","131964","22594","109370"
"Hotels.com","Web","1531232","89589","1441643"
"Priceline.com","Web","8330590","677311","7653279"
"Rotten Tomattoes","Web","1021228","58936","962292"
"The Free Dictionary","Web","42952","5689","37263"
"TIME","Web","36294","1670","34624"
"TMZ","Web","8033289","58539","7974750"
"United Airlines","Web","553588","489588","64000"
"Nvidia","Web","58451","1227","57224"
"Geforce Now","Gaming","137803","44489","93314"
"Call of Duty Mobile","Gaming","118974","32806","86168"
"The Walt Disney Company","Web","90808","16895","73913"
"Wired","Web","334014","20342","313672"
"FedEx","Web","11531810","1585347","9946463"
"Kayak","Web","21240736","868356","20372380"
"Eventbrite","Web","3771784","53312","3718472"
"WarnerMedia","Web","166098","26137","139961"
"Datadog","Web","827671","731249","96422"
"Unknown virtual protocol","Unclassified","71051","35764","35287"
