"Application","Category","Total Bytes","Bytes Received","Bytes Sent"
"Domain Name Service","Network Service","1128684945","476161711","652523234"
"Google Mail","Email","2939201591","513173310","2426028281"
"Google Search","Web","1320281017","183887961","1136393056"
"HyperText Transfer Protocol","Web","5401009244","128387885","5272621359"
"HyperText Transfer Protocol Secure","Web","70163095618","2573018770","67590076848"
"Internet Control Message Protocol","Network Service","4232582510","2540910144","1691672366"
"Internet Message Access Protocol version 4","Email","143503644","32095002","111408642"
"Internet Protocol","Network Service","0","0","0"
"XMPP Protocol (Jabber)","Business Collaboration","2099526","773250","1326276"
"Network Time Protocol","Network Service","1508150","823700","684450"
"QQ","Internet Instant Messaging","131999736","36381242","95618494"
"Skype and Teams","Business Collaboration","897983053","446364117","451618936"
"Simple Object Access Protocol","Network Service","3401044161","794529862","2606514299"
"Secure Socket Layer","Tunneling and VPN","39978987803","2679566489","37299421314"
"Session Traversal Utilities for NAT","Business Collaboration","114311487","37390753","76920734"
"Transmission Control Protocol","Other TCP/UDP","2955885598","655828722","2300056876"
"User Datagram Protocol","Other TCP/UDP","383005615682","37612624156","345392991526"
"Yahoo Mail v.2.0","Email","292502292","75359191","217143101"
"Youtube.com","Media","162708650307","6646861672","156061788635"
"Facebook","Social Networking","191305537135","4733910991","186571626144"
"Google Ads","Web","3312039387","341292110","2970747277"
"Windows Live Hotmail","Email","357037766","50306919","306730847"
"WordPress.com","Social Networking","145218587","6163523","139055064"
"LinkedIn","Social Networking","2703951396","166322307","2537629089"
"Apple Generic Services","Web","27354361745","404196569","26950165176"
"Online Certificate Status Protocol","Business Application","26124428","9867839","16256589"
"Twitter","Social Networking","4363639296","143716155","4219923141"
"iTunes","Media","1419789014","147616018","1272172996"
"Spotify","Media","2183220761","115235070","2067985691"
"TeamViewer","Remote Desktop","132355966","81173837","51182129"
"Bing.com (formerly MSN Search)","Web","2117356913","196428954","1920927959"
"Windows Update","Web","7652712664","237641102","7415071562"
"Opera Update","Web","2014952","629557","1385395"
"Netflix.com","Media","80363886634","661766698","79702119936"
"Google Analytics,Google Marketing Platform","Web","511795867","166725709","345070158"
"Google GStatic","Web","3573893861","165368159","3408525702"
"Dropbox","Storage and Backup","709814410","67105287","642709123"
"Google Translate","Web","104968654","50332571","54636083"
"Google Generic","Web","2568331707","601262209","1967069498"
"Amazon Generic Services","Web","14458019201","1699627416","12758391785"
"China Network Television","Web","203324884","1888787","201436097"
"Daily Mail","Web","1907599","177220","1730379"
"Daum.net","Web","93967270","4120794","89846476"
"Fox News","Web","57918765","1990496","55928269"
"Monster.com","Web","60988","11931","49057"
"Mozilla.com - Mozilla.org","Web","66231289","3961537","62269752"
"WhatsApp Messenger","Internet Instant Messaging","17558682780","7091098212","10467584568"
"Apple App Store","Web","36808926961","234784908","36574142053"
"Windows Marketplace","Web","1093222051","56076789","1037145262"
"Apple Push Notification Service","Web","418151684","291545031","126606653"
"iOS over-the-air (OTA) update","Web","2164322581","25342959","2138979622"
"Samsung Apps","Web","630330943","13423951","616906992"
"Google Play Store","Media","9868614413","852916209","9015698204"
"Line","Internet Instant Messaging","217924532","51603956","166320576"
"iCloud (Apple)","Storage and Backup","70870656096","59733014111","11137641985"
"Instagram","Web","79116813056","3485154293","75631658763"
"Amazon Web Services/Cloudfront CDN","Infrastructure","12022449730","1075813829","10946635901"
"KakaoTalk","Internet Instant Messaging","23472364","3215896","20256468"
"QQ.com","Web","2278016423","61163180","2216853243"
"360.cn","Web","1723331","416733","1306598"
"Akamai Technologies CDN","Web","5230704005","103879214","5126824791"
"Zynga.com","Gaming","320783","78072","242711"
"Microsoft Azure (previously Windows Azure)","Infrastructure","484069788","7781163","476288625"
"Yahoo.com","Web","1223823609","189714816","1034108793"
"WeChat","Internet Instant Messaging","25098067272","1399155782","23698911490"
"CloudFlare CDN","Infrastructure","18624885353","1125078255","17499807098"
"Microsoft Office 365","Business Collaboration","2434606272","191588433","2243017839"
"Pinterest","Web","339960998","20916303","319044695"
"Microsoft Outlook (Office 365)","Business Application","1354047836","307545478","1046502358"
"Apple SIRI","Web","70066026","39719121","30346905"
"Google Documents (aka Google Drive)","Storage and Backup","420364369","76495657","343868712"
"craigslist","Web","285573061","24754140","260818921"
"Google Accounts","Web","802240139","563420821","238819318"
"Amazon Ad System","Web","365166509","54033315","311133194"
"Snapchat","Social Networking","6091557155","295818193","5795738962"
"Turn","Web","6532968","1760242","4772726"
"ScorecardResearch","Web","207748298","15288373","192459925"
"Oracle","Web","14470323","3475803","10994520"
"Criteo","Web","349635316","57031398","292603918"
"Adobe","Business Application","4815917782","165866724","4650051058"
"Google Safe Browsing","Web","137542164","90514795","47027369"
"Samsung","Web","155232935","48689042","106543893"
"Crashlytics","Web","44939699","10528919","34410780"
"BoldChat Live Chat","Internet Instant Messaging","3277686","1020776","2256910"
"Facebook Messenger","Internet Instant Messaging","18624099256","8331966282","10292132974"
"AppsFlyer","Business Application","87105803","17516822","69588981"
"Xiaomi","Web","138261520","118326520","19935000"
"Nielsen","Web","16404256","3979037","12425219"
"Smart AdServer","Web","84873424","31699840","53173584"
"Cedexis","Web","16233325","4116931","12116394"
"Google Cloud Messaging","Web","151185138","30291564","120893574"
"Apple Location","Web","2710746457","213023147","2497723310"
"OpenX","Web","17244608","5031999","12212609"
"PubMatic","Web","191570209","107348781","84221428"
"Index Exchange (previously Casale Media)","Web","55456087","18389178","37066909"
"Rubicon Project","Web","234770683","94691403","140079280"
"AppNexus","Web","967788397","339302344","628486053"
"Rlcdn","Web","19590510","4064810","15525700"
"HyperText Transfer Protocol version 2","Web","22505898284","557897943","21948000341"
"Kakaocdn","Infrastructure","20342145","501942","19840203"
"Google Tag Manager","Web","345246386","17836098","327410288"
"Facebook Embedded Video","Media","34683285581","272009718","34411275863"
"Urbanairship","Web","3151127","960496","2190631"
"Outbrain","Web","112138962","20907498","91231464"
"CBS Video","Web","2904044","97599","2806445"
"Localytics","Web","3179177","690850","2488327"
"Android connectivity Manager","Network Service","12101387","6273800","5827587"
"Moat","Web","233421388","58523908","174897480"
"Krux","Web","12966310","2060259","10906051"
"Branch Metrics","Web","866701609","21160461","845541148"
"Optimizely","Web","87584648","22619452","64965196"
"Taboola","Web","615027970","83481633","531546337"
"Ensighten","Web","4745963","434536","4311427"
"Everest Technologies","Web","20485091","5846602","14638489"
"Microsoft OneDrive","Web","9518122433","8019334906","1498787527"
"Microsoft","Web","5459329608","860886742","4598442866"
"Baidu Maps","Web","6126901","597705","5529196"
"Uber (formerly UberCab)","Web","3561320847","2205123103","1356197744"
"Teads","Web","95540393","9402672","86137721"
"Adform","Web","28416776","5944833","22471943"
"ZoomMeetings","Business Collaboration","7557431049","2437426353","5120004696"
"HyperText Transfer Protocol proxy","Network Service","2604350","493201","2111149"
"Firebase Cloud Messaging","Web","456758328","131152664","325605664"
"Bidswitch","Web","74199302","33526833","40672469"
"Apple Game Center","Gaming","43873060","25322924","18550136"
"PulsePoint","Web","12979713","4569918","8409795"
"eXelate","Web","4810926","1330937","3479989"
"Sonobi","Web","20064111","9369400","10694711"
"Google Secure User Plane Location","Web","890801","157602","733199"
"Amplitude","Web","169028393","153104632","15923761"
"Google Cloud Platform","Web","69207205","20402775","48804430"
"Microsoft teams","Internet Instant Messaging","4601958667","1467801727","3134156940"
"Kakao","Web","3028085","745020","2283065"
"Cisco","Web","8225128","3607953","4617175"
"IronSource","Business Application","173152235","14254580","158897655"
"ByteDance","Web","581369905","50323427","531046478"
"TikTok (Musical.ly)","Social Networking","67979608151","1782967467","66196640684"
"Alibaba Cloud","Web","101224548","43316520","57908028"
"Apple News","Web","294419005","11393493","283025512"
"Google APIs","Web","5143080592","2273823707","2869256885"
"UDP Data Transfer protocol","File Sharing","44450501","1059304","43391197"
"DAZN","Real Time Audio/Video","106002333","404432","105597901"
"Amazon Cognito","Web","24705608","7896208","16809400"
"Unknown virtual protocol","Unclassified","259634587","94743046","164891541"
"Google Pay","Web","13814688","1937133","11877555"
"Google Messages","Internet Instant Messaging","26599869","10720103","15879766"
"JWPLAYER","Web","271750128","8888064","262862064"
"Connatix","Real Time Audio/Video","113392418","4849526","108542892"
"Pendo","Web","42356708","16147562","26209146"
"TMZ","Web","14675115","57000","14618115"
"Digicert","Web","181455952","6768695","174687257"
"Font Awesome","Web","24852747","1471811","23380936"
"Intercom","Web","30468699","5945282","24523417"
"SD-WAN Control","SD-WAN","17852361807","9567028287","8285333520"
"SD-WAN Management","SD-WAN","4061561978","1689096379","2372465599"
"TencentMeeting","Business Collaboration","1451912266","269711015","1182201251"
"Dailymotion.com","Media","454974318","13551997","441422321"
"eBay.com","Web","104511811","10429334","94082477"
"Google Maps","Web","113381152","13242405","100138747"
"Internet Message Access Protocol Secure","Email","10195883","2147808","8048075"
"Internet Security Association and Key Management Protocol","Tunneling and VPN","589119734","34479911","554639823"
"McAfee Client update","Business Application","179418901","24363014","155055887"
"Secure POP3","Email","1647801","81643","1566158"
"Real Time Control Protocol","Business Collaboration","17558493","10816303","6742190"
"Real Time Protocol","Business Collaboration","7528014004","3173687468","4354326536"
"Session Initiation Protocol","Business Application","721018","421986","299032"
"Simple Mail Transfer Protocol","Email","2735599","2567795","167804"
"Simple Mail Transfer Protocol Secure","Email","93516","85599","7917"
"Simple Network Management Protocol","Management","292970","292970","0"
"Wikipedia.com","Web","105295581","2872672","102422909"
"Yahoo Search","Web","17250949","2225515","15025434"
"Secure AIM","Internet Instant Messaging","982997","191174","791823"
"Mail.ru Webmail","Email","426740","72694","354046"
"Foursquare.com","Web","1445196","380118","1065078"
"ResearchGATE.net","Web","9195621","189664","9005957"
"Vox.com","Web","5614193","16226","5597967"
"Yelp.com","Web","21182844","402418","20780426"
"Yandex.ru","Web","24444037","9225119","15218918"
"Baidu.com","Web","216030348","27746816","188283532"
"Apple Update","Web","76094405","1420532","74673873"
"Chrome Update","Web","1687186042","15573282","1671612760"
"Viber","Real Time Audio/Video","41076245","20106118","20970127"
"Salesforce","Business Application","15656798","4861452","10795346"
"Portal.TidalTV.com","Web","1881284","487102","1394182"
"AccuWeather","Web","34265089","4450214","29814875"
"AmericanExpress","Web","294609","54227","240382"
"CNN (Cable News Network)","Web","52461786","4666917","47794869"
"IKEA.com","Web","26328688","6193687","20135001"
"Naver Corporation (formerly NHN Corporation)","Web","546003684","12708794","533294890"
"NYTimes.com","Web","15989999","873236","15116763"
"Vimeo","Web","92345738","4226791","88118947"
"Weather.com","Web","68746813","4329177","64417636"
"Sina.com.cn","Internet Instant Messaging","222750879","7092275","215658604"
"Sina Weibo","Web","36042276","1089263","34953013"
"QQ WeiBo","Web","8500498","4656395","3844103"
"Google App Engine","Business Application","3925576","979674","2945902"
"Apple FaceTime","Real Time Audio/Video","22448275627","11591555190","10856720437"
"Amazon Prime Video","Media","2704767","468238","2236529"
"ISO Base Media File Format","Real Time Audio/Video","1027479307","8917617","1018561690"
"FC2.com","Social Networking","1112926","122759","990167"
"Rakuten.co.jp","Web","1512422","127892","1384530"
"Tencent.com","Internet Instant Messaging","90326629","2543287","87783342"
"Google Talk (incl. Hangouts and Allo and Duo)","Real Time Audio/Video","3465618847","1247317122","2218301725"
"Zoho Corporation","Business Application","9838991","4521417","5317574"
"Nokia Here API","Web","6755395","480092","6275303"
"Microsoft SharePoint Online (Office 365)","Business Application","667055026","48220482","618834544"
"ESPN.go.com","Web","798618656","16804172","781814484"
"Reddit.com","Web","5782179678","78078766","5704100912"
"Imgur.com","Storage and Backup","52382745","651574","51731171"
"Apple Maps","Web","2563174","77513","2485661"
"Bet365.com","Web","51617144","4175770","47441374"
"ESPNCricinfo.com","Web","38843481","2055846","36787635"
"Goal.com","Web","763121","8661","754460"
"24h.com.vn","Web","5539968","392911","5147057"
"Wp.pl","Web","175020","47484","127536"
"Aol","Web","1707275","314270","1393005"
"AddThis","Web","32857600","3636237","29221363"
"Quantcast","Web","26157162","4919165","21237997"
"Telegram","Internet Instant Messaging","25515690229","285028989","25230661240"
"Bitstrips","Social Networking","1272156193","48978816","1223177377"
"TRUSTe","Web","46256162","4426529","41829633"
"Zendesk","Business Collaboration","24441345","558501","23882844"
"Inneractive","Web","88326039","56746350","31579689"
"Flurry","Business Application","52861746","11017585","41844161"
"Brightcove","Media","33423918","1577588","31846330"
"InMobi","Web","48497944","19185143","29312801"
"Gravatar","Business Collaboration","4521777","796242","3725535"
"FreeWheel","Web","5357950","1614776","3743174"
"Stickyads","Web","30460997","13831897","16629100"
"Mixpanel","Web","14839699","9601518","5238181"
"Google Cloud Storage","Web","878695643","505481491","373214152"
"Google Calendar","Web","967672674","903917971","63754703"
"Flipboard","Web","13389831","944837","12444994"
"LOTAME","Web","18792203","3235551","15556652"
"Sizmek (previously MediaMind)","Web","85279385","2793090","82486295"
"AOL One","Web","10876524","848820","10027704"
"Realestate","Web","322932","65526","257406"
"Advertising.com","Web","7588166","2134622","5453544"
"Ad Safe Protected","Web","259196599","32766223","226430376"
"Helpshift","Web","1345369","328669","1016700"
"Adjust.com","Web","26905140","10374984","16530156"
"Scotiabank","Web","26521628","4218951","22302677"
"Atlas Solutions","Web","721179","205818","515361"
"BootstrapCDN","Web","6556906","459417","6097489"
"Fastly","Web","6831118","633314","6197804"
"Unruly","Web","10747163","5686220","5060943"
"Disney Channel","Web","5496446","269716","5226730"
"UpLynk","Web","48075882","1003294","47072588"
"MoPub","Web","2270813","947312","1323501"
"Applovin","Web","887771555","204635315","683136240"
"Microsoft Office OneNote (Office 365)","Business Application","24185833","1670030","22515803"
"Olark","Web","9494976","318603","9176373"
"Zopim","Web","2518408","416762","2101646"
"Mapbox","Web","5635428","282929","5352499"
"Rackspace","Web","1714686689","39045335","1675641354"
"Signal","Web","599036","113972","485064"
"LiveChat","Web","3790944","244508","3546436"
"Smaato","Web","28054828","10139458","17915370"
"Verizon","Web","14690681","7713075","6977606"
"MediaMath","Web","14609099","5493367","9115732"
"jQuery","Web","19072114","991286","18080828"
"TubeMogul","Web","1104094","191958","912136"
"SpotXchange","Web","15260825","5880082","9380743"
"Revcontent","Web","9698930","1408902","8290028"
"New Relic","Web","99697766","55956888","43740878"
"MobFox","Web","93355","31215","62140"
"Liftoff","Web","3433723","1116173","2317550"
"QQVideo","Web","79993582","1472098","78521484"
"Conversant","Web","9200108","3185784","6014324"
"Bazaarvoice","Web","23388840","1749800","21639040"
"Clicktale","Web","14251689","9224436","5027253"
"hotjar","Web","79847119","13076300","66770819"
"Weborama","Web","377960","78829","299131"
"Innovid","Web","2727951129","14178143","2713772986"
"GIPHY","Web","502489079","6713096","495775983"
"IMO Video Calling Application","Media","98554957","42504779","56050178"
"Bugsnag","Web","3265009","1521282","1743727"
"ADventori","Web","308993","73059","235934"
"Tealium","Web","14905763","3629464","11276299"
"Flashtalking","Web","40365158","4585116","35780042"
"Sharethrough","Web","85129562","31245427","53884135"
"AdColony","Web","13112156","5324407","7787749"
"Yieldmo","Web","28117118","5765741","22351377"
"Huawei","Web","16496772","4900564","11596208"
"MGID","Web","13326016","766706","12559310"
"DoubleVerify","Web","168021556","37590157","130431399"
"Media Innovation Group","Web","2795385","813238","1982147"
"Avast","Web","46592371","3270633","43321738"
"Okta","Web","107957928","25628226","82329702"
"Wall Street Journal","Web","5866205067","22509900","5843695167"
"Meitu","Web","7012598","662775","6349823"
"Canvas Student","Web","22459697","423124","22036573"
"Instructure","Web","1157454","113309","1044145"
"Facebook Lite","Social Networking","23014783","2331848","20682935"
"Adtelligent","Web","8418624","3738199","4680425"
"Disqus","Web","40510379","3450322","37060057"
"Grammarly","Web","111604165","28523176","83080989"
"Simpli.fi","Web","8158233","1132831","7025402"
"Alibaba Group","Web","4971346","425659","4545687"
"Discord","Internet Instant Messaging","569502637","25559148","543943489"
"Future_plc","Web","169835815","11876233","157959582"
"Google Takeout","Web","12359","3044","9315"
"Fandom","Web","22963915","2876912","20087003"
"Google GSuite","Web","60549832","22035283","38514549"
"Vungle","Web","326385813","9510359","316875454"
"PubNub","Web","3035636","865563","2170073"
"Unknown virtual protocol","Unclassified","2035054456","62280775","1972773681"
"Unknown virtual protocol","Unclassified","374830163","74992271","299837892"
"Unknown virtual protocol","Unclassified","14277090","8804751","5472339"
"Talkatone","Internet Instant Messaging","5357932","2589670","2768262"
"Wireguard","Tunneling and VPN","464885823","26788551","438097272"
"Bigo","Web","38727023","7814936","30912087"
"Disney Plus","Real Time Audio/Video","3943148912","14345090","3928803822"
"Quora","Social Networking","9016797","665729","8351068"
"Wangwang","Internet Instant Messaging","1051073","508997","542076"
"Uber Eats","Web","7677612","1561411","6116201"
"Likee","Internet Instant Messaging","5626870","1412525","4214345"
"UserReport","Web","754606","117828","636778"
"Go Daddy","Web","17193270","381867","16811403"
"Contentful","Web","224474060","12867331","211606729"
"Indeed","Web","189181204","60957749","128223455"
"Priceline.com","Web","6692618","583260","6109358"
"FedEx","Web","26074067","3156938","22917129"
"Kayak","Web","1239021","105282","1133739"
"Bilibili","Web","125586473","4576947","121009526"
"AOL Instant Messenger (formerly OSCAR)","Internet Instant Messaging","13636","1286","12350"
"BitTorrent","Peer to Peer","115530","6314","109216"
"File Transfer Protocol","File Sharing","8390","4832","3558"
"Google Earth","Web","1791503","255390","1536113"
"HP Printer Job Language","Business Application","223818","197182","26636"
"Lighweight Directory Access Protocol","Authentication","560","260","300"
"PalTalk","Internet Instant Messaging","11216263","649993","10566270"
"Post Office Protocol (Version 3)","Email","245965","4477","241488"
"Remote Authentication Dial-In User Service","Authentication","3636024","283460","3352564"
"Remote Desktop Protocol (Windows Terminal Server)","Remote Desktop","3994219","191512","3802707"
"SAP","Business Application","1741956","90174","1651782"
"ShoutCast","Media","680227","27172","653055"
"Secure Shell","Tunneling and VPN","693209","228768","464441"
"Syslog","Management","4482","2328","2154"
"VMWare","Remote Desktop","20707","9682","11025"
"Wireless Session Protocol","Network Service","247749","4697","243052"
"Wireless Transaction Protocol","Network Service","2318","1116","1202"
"MPEG-Transport Stream","Real Time Audio/Video","800781517","13202686","787578831"
"Simple Network Paging Protocol","Network Service","8570667","8182165","388502"
"Tagged.com","Social Networking","54211419","14935431","39275988"
"Expedia.fr","Web","27651407","14630352","13021055"
"Travelocity.com","Web","127015","17883","109132"
"Realtor.com","Web","46927","7015","39912"
"Flickr","Social Networking","9777371","93869","9683502"
"Hi5.com","Social Networking","980639","269125","711514"
"Deezer","Web","281124622","9411285","271713337"
"Rambler.ru","Web","5289","1346","3943"
"Real Time Messaging Protocol","Network Service","9159422","190056","8969366"
"Steampowered.com","Gaming","5916170087","108828484","5807341603"
"World of Warcraft","Gaming","11223","1134","10089"
"Xbox Live","Gaming","7649980","1998156","5651824"
"Athlinks","Web","139423","21160","118263"
"BabyCenter (My Baby Today)","Web","1271637","17148","1254489"
"Badoo.com","Internet Instant Messaging","5491942","1009684","4482258"
"DeviantArt.com","Web","426503","27506","398997"
"FilmAffinity.com","Web","1765811","81690","1684121"
"Goodreads.com","Web","47815","3968","43847"
"Habbo.com","Web","1547173","94691","1452482"
"Last.fm","Media","152814","5348","147466"
"LibraryThing.com","Web","7243","1174","6069"
"LiveJournal.com","Social Networking","57615","2324","55291"
"Meetup","Web","10732608","1470116","9262492"
"Mixi.jp","Web","11033","1689","9344"
"MocoSpace.com","Web","28115","1936","26179"
"MyAnimeList.net","Web","4726901","62274","4664627"
"Odnoklassniki.ru","Social Networking","59560760","427130","59133630"
"Plurk","Web","38683","2046","36637"
"Tumblr","Social Networking","250760869","4101918","246658951"
"Vk.com (Vkontakte)","Social Networking","6373277","325420","6047857"
"Adobe Update Manager","Web","80418168","491894","79926274"
"Adobe Flash Plugin Update","Web","151692","35478","116214"
"Firefox Update","Web","13819321","91725","13727596"
"Java Update","Web","94987834","568612","94419222"
"Archive.org","Web","2736373","155983","2580390"
"icecast","Media","1769808","29360","1740448"
"QQLive Network Player","Media","23529","15087","8442"
"BitDefender Update","Web","10279087","4171067","6108020"
"Tango Video Calls","Real Time Audio/Video","24437076","1386513","23050563"
"Playstation Network","Gaming","85241","7481","77760"
"Kaspersky Update","Web","1395","1094","301"
"Avira Update","Web","6364","1246","5118"
"Trendmicro Update protocol","Web","487927","244768","243159"
"Microsoft SharePoint","Business Application","12213517","124057","12089460"
"Box","File Sharing","2316014","401923","1914091"
"iHeartRADIO","Media","9369356","680311","8689045"
"Jango.com","Web","6757","1311","5446"
"Livestream (formerly Mogulus)","Media","16566032","100314","16465718"
"Nicovideo.jp (aka Nico Nico Douga)","Media","1251972","542659","709313"
"Pandora Radio","Media","96310","3305","93005"
"Photobucket.com","Web","31245","2058","29187"
"Psiphon","Web","8004250","2092151","5912099"
"WebCrawler.com","Web","85882","6388","79494"
"SiriusXm.com","Media","102483557","4700024","97783533"
"YouKu","Media","2550445","2380605","169840"
"GoToMeeting Online Meeting","Business Collaboration","27343","11714","15629"
"WebEx","Business Collaboration","1205027","388356","816671"
"Slingbox","Media","817043","13301","803742"
"Bloomberg.com","Web","1662330","93464","1568866"
"RSS","Web","2108268","84633","2023635"
"BlackBerry.com","Web","389124","52886","336238"
"ABCNews","Web","378135","15925","362210"
"Acer","Web","546435","77368","469067"
"Adobe Acrobat DC (Document Cloud)","Web","21825012","1130012","20695000"
"Alexa","Web","56693","6423","50270"
"AlJazeera.net","Web","4729873","1416572","3313301"
"Answers","Web","411556","21386","390170"
"ATT.com (AT&T)","Web","10349","3603","6746"
"Blogger","Web","75679874","705767","74974107"
"Capital One","Web","18712093","733960","17978133"
"China.com.cn","Web","27178","2651","24527"
"Cnet.com","Web","21363720","357759","21005961"
"Comcast","Web","1088365","425555","662810"
"FoxSports.com","Web","1491490","55567","1435923"
"Groupon","Web","396059","6951","389108"
"HowStuffWorks.com","Web","6749","2125","4624"
"Intuit.com","Business Application","6206541","2439383","3767158"
"Kaspersky.com","Web","8104928","3581249","4523679"
"Livedoor.com","Web","1021492","33543","987949"
"NASA.gov","Web","3109240","26526","3082714"
"NBA.com","Web","45847662","757778","45089884"
"National Football League (NFL.com)","Web","3383004","1201406","2181598"
"Nike.com","Web","2833137","54809","2778328"
"PlayStation.com","Web","59414926","1297248","58117678"
"Redtube","Web","172790","6879","165911"
"Reuters.com","Web","9183823","214582","8969241"
"Reverso.net","Web","965831","16027","949804"
"Sky","Web","2754874","113848","2641026"
"SlideShare","Web","1732508","23274","1709234"
"Sports Illustrated","Web","2159411","202994","1956417"
"Sprint.com","Web","13126","2757","10369"
"SurveyMonkey.com","Web","110531","10069","100462"
"Tube8","Web","27835","2558","25277"
"Univision.com","Web","3506716","301229","3205487"
"WashingtonPost.com","Web","4094300","177679","3916621"
"Xbox","Gaming","316673","41632","275041"
"Xvideos.com","Media","95724","24009","71715"
"Youdao.com","Web","1160245","506955","653290"
"Youporn","Web","19802","1643","18159"
"QQDownload","Peer to Peer","312","164","148"
"OICQ","Internet Instant Messaging","117620","68745","48875"
"Sophos update","Business Application","991590","53311","938279"
"Taobao","Web","66820814","13003487","53817327"
"Detik.com","Web","726927","232489","494438"
"KapanLagi Network","Web","261619","8102","253517"
"Scribd.com","Web","61027","4493","56534"
"Shazam","Web","989755","72840","916915"
"SoundCloud","Media","141153760","7351737","133802023"
"Chosun services","Web","776403","91995","684408"
"Coupang","Web","12698","1477","11221"
"Zum.com","Web","33877","7159","26718"
"Hankyung.com","Web","2710716","119902","2590814"
"Nate.com","Web","10020","2058","7962"
"NetMarble.com","Web","1375162","347092","1028070"
"Tistory.com","Web","376824","116583","260241"
"Nexon.com","Web","4126200","2517838","1608362"
"163.com","Web","3970953","1046654","2924299"
"Sohu.com","Web","14009204","453534","13555670"
"Ifeng.com","Web","3238306","550133","2688173"
"Tmall.com","Web","126333","35101","91232"
"Alipay","Web","461793","157761","304032"
"Sogou.com","Web","318414","236909","81505"
"Douban.com","Web","1018354","303487","714867"
"cnzz.com","Web","3020","1367","1653"
"Alibaba.com","Web","16743032","1882004","14861028"
"PConline.com.cn","Web","126342","2113","124229"
"iQiyi","Web","9335","2214","7121"
"Xinhuanet.com","Web","21406148","529109","20877039"
"Alimama.com","Web","12684","4354","8330"
"51.la","Web","172691","45451","127240"
"Limelight Networks CDN","Web","1958843931","40562831","1918281100"
"Datagram Transport Layer Security","Tunneling and VPN","824377209","240247821","584129388"
"KIK Messenger","Internet Instant Messaging","56041","7334","48707"
"MiTalk Messenger (Miliao)","Internet Instant Messaging","365326","57488","307838"
"Goo.ne.jp","Web","102446","3102","99344"
"Ameba.jp","Web","24748544","1227348","23521196"
"Hatena.ne.jp","Social Networking","134674","39532","95142"
"Pixiv.net","Web","667218","112988","554230"
"Blogpark.jp","Web","5573922","74925","5498997"
"Nikkei.com","Web","569978","64317","505661"
"Auone.jp","Web","14072","2154","11918"
"591.com.tw","Web","42670","2038","40632"
"Chinanews.com","Web","52869","1210","51659"
"Chinatimes.com","Web","3242037","400613","2841424"
"Ctrip.com","Web","526511","142520","383991"
"Gamer.com.tw","Web","6391184","128336","6262848"
"NOWnews.com","Web","2316796","70873","2245923"
"Pixnet.net","Social Networking","257494","147942","109552"
"QQ Games","Gaming","2308735","440124","1868611"
"QQ Mail","Email","1474309","584043","890266"
"QQ News","Web","8454497","741499","7712998"
"Sina finance","Web","95462","4708","90754"
"Udn.com","Web","1268902","112671","1156231"
"Xuite.net","Gaming","99803","5765","94038"
"MeetMe.com","Social Networking","11377571","311623","11065948"
"SoftBank.com","Web","117027","32796","84231"
"Nend.net","Web","126772","29539","97233"
"Baidu Player","Media","42162","1834","40328"
"Speedtest","File Sharing","747120082","210902982","536217100"
"BuzzFeed.com","Web","4777453","497193","4280260"
"Internet Movie Database","Web","251194426","1241092","249953334"
"ThePirateBay.se","Web","9616","2865","6751"
"ImageShack","File Sharing","156485","42345","114140"
"JingDong","Web","345065","94878","250187"
"WebSocket","Network Service","1122399","312874","809525"
"DCinside.com","Web","1197498","310739","886759"
"Issuu.com","Web","9346563","198431","9148132"
"LastPass.com","Web","4846","1210","3636"
"Mendeley.com","File Sharing","27564","5598","21966"
"Saavn Bollywood Music","Media","224374","10359","214015"
"touch","Internet Instant Messaging","5155","1699","3456"
"Paypal.com","Web","542632679","22736047","519896632"
"Kapook.com","Web","590911","38519","552392"
"Orange.com","Web","159081750","976985","158104765"
"BBC","Web","26003061","1285680","24717381"
"AVG.com","Web","3848","590","3258"
"Softonic.com","Web","381068","17020","364048"
"ElPais.com","Web","1008778","21501","987277"
"Marca.com","Web","209084","18655","190429"
"Kooora.com","Web","2498583","376683","2121900"
"MercadoLibre (aka MercadoLivre)","Web","12177932","4765144","7412788"
"Apple HTTP Live Streaming","Real Time Audio/Video","142458747","827548","141631199"
"Free","Web","9926","1678","8248"
"Globo.com","Web","13330","11712","1618"
"Hurriyet.com.tr","Web","929556","82527","847029"
"Indiatimes","Web","745058","20275","724783"
"Kijiji.ca","Web","9385303","1089290","8296013"
"Background Intelligent Transfer Service","File Sharing","100588365","3840663","96747702"
"Conviva","Infrastructure","1474429","866944","607485"
"EdgeCast Networks CDN","Infrastructure","231411","15936","215475"
"Abola.pt","Web","13507327","663807","12843520"
"AliExpress.com","Web","161475812","4481091","156994721"
"Coccoc.com","Web","9282","1762","7520"
"Elcomercio.pe","Web","101142","17371","83771"
"Pantip.com","Web","78852","25677","53175"
"Rt.com","Web","968744","33616","935128"
"UOL.com.br","Web","1318036","332202","985834"
"Jutarnji.hr","Web","116923","10479","106444"
"Milliyet.com.tr","Web","864100","49623","814477"
"Onet.pl","Web","4595650","1459007","3136643"
"Stuff.co.nz","Web","2442920","83956","2358964"
"VnExpress.net","Web","63162621","6056563","57106058"
"Zing.vn","Web","95127","22438","72689"
"Aib","Web","298928","38389","260539"
"Fox Business Network","Web","20076999","541771","19535228"
"News","Web","1919875","86929","1832946"
"Gameloft Games","Gaming","496974","126660","370314"
"Aastocks","Web","63537364","1935793","61601571"
"Yadro","Web","132661","48846","83815"
"Nokia","Web","842531","25552","816979"
"Rovio Entertainment","Gaming","658702","296014","362688"
"Candy Crush Saga","Gaming","46216726","15420479","30796247"
"King Digital Entertainment","Gaming","7696627","2894216","4802411"
"Waze Social GPS Maps & Traffic","Web","21863274","342423","21520851"
"Huffington Post","Web","25765","1985","23780"
"Symantec","Web","2351715","650058","1701657"
"Plants vs Zombies","Gaming","5623755","73957","5549798"
"Webtretho","Web","61893","6602","55291"
"OpenStreetMap","Infrastructure","802500","25690","776810"
"Videoplaza","Web","122601","19453","103148"
"magicJack","Business Application","3880","2723","1157"
"Egloos","Web","1050344","3213","1047131"
"Naver Blog","Web","3746","1820","1926"
"Wrike","Business Application","1967843","960589","1007254"
"Plenty Of Fish","Web","11939411","7458828","4480583"
"Twitch","Media","932160827","32393092","899767735"
"OkCupid","Web","2824146","1272916","1551230"
"Turner","Web","9341488","121884","9219604"
"zalo","Internet Instant Messaging","7466161569","3483677680","3982483889"
"battlenet","Gaming","39108864","158906","38949958"
"99ACRES","Web","8958","3605","5353"
"Mubi","Media","3128","542","2586"
"Vine","Media","56936","2882","54054"
"Taobao Ad Network and Exchange","Web","736758","125763","610995"
"Amazon Cloud Drive","Web","24244835","23467449","777386"
"Lazada","Web","2562714","49593","2513121"
"Gettyimages","Web","1028755083","34224795","994530288"
"Clien","Web","4664","481","4183"
"Traffic Junky","Web","104127","36107","68020"
"quic","Network Service","42450359","13982128","28468231"
"I2P Invisible Internet Project","Tunneling and VPN","64292","8068","56224"
"CPMSTAR","Web","106887","20759","86128"
"ADTECH","Web","3065728","175770","2889958"
"Australian Broadcasting Corporation","Web","950466","15073","935393"
"Constant Contact","Web","38162","9291","28871"
"GitHub","Web","151517481","3290109","148227372"
"Sabah","Web","162395","7823","154572"
"Skynewsarabia","Web","704872","17686","687186"
"Atlassian","Web","33896056","10132252","23763804"
"Web.DE","Web","49904","3240","46664"
"Internet.org","Web","25186","9391","15795"
"SourceForge","Web","682555","22267","660288"
"Google Play Music","Media","65038","17902","47136"
"My.com","Web","847158","194659","652499"
"Bizographics","Web","5976","1122","4854"
"Simperium","Web","178824","29026","149798"
"Gmanetwork","Web","2053933","101650","1952283"
"Apple Music","Media","1258097097","30558874","1227538223"
"HideMyAss","Anonymizers and Proxies","9967459","2259866","7707593"
"Microsoft SpyNet (aka Microsoft Active Protection Service)","Web","111021","97994","13027"
"Jasmin","Web","12859","5869","6990"
"Rogers TV","Web","34059593","2494588","31565005"
"Threema","Web","12599","2404","10195"
"NBC","Web","15452337","591004","14861333"
"Microsoft Translator (Bing Translator)","Web","43208","13795","29413"
"Perform","Web","1126751","46557","1080194"
"Periscope","Media","26024571","535396","25489175"
"Microsoft Sway (Office 365)","Business Application","9609","1551","8058"
"Heap","Web","1744310","375057","1369253"
"Liveperson","Web","18927698","1201074","17726624"
"Liputan6","Web","16923","2672","14251"
"SDE","Web","51434","1318","50116"
"Liberty Times Net","Web","122902956","9547167","113355789"
"Google Code","Web","25230","7662","17568"
"Rollout","Web","297028","37255","259773"
"Microsoft Excel Online (Office 365)","Web","72639428","24441936","48197492"
"Glympse","Web","5874","1118","4756"
"Riffsy (Tenor.co)","Web","56127115","784665","55342450"
"Tune","Web","53852","14556","39296"
"Braintree","Web","264764","40579","224185"
"QINIU","Web","13919","4378","9541"
"LKQD","Web","4116331","1518916","2597415"
"Bleacher Report","Web","7172533","217712","6954821"
"Google Web Light","Web","175957","15923","160034"
"Umeng","Web","13533708","7088767","6444941"
"AdF.ly","Web","419150","9707","409443"
"pCloud","Web","48005","15825","32180"
"Tokopedia","Web","35056","7085","27971"
"Hola Web Proxy","Web","208499","86943","121556"
"funCaptcha","Web","14367","3703","10664"
"Yandex Maps","Web","862886","25963","836923"
"Google Photos (formerly Google Picasa)","Web","1122438610","1045365823","77072787"
"Bank of America","Web","523261","160508","362753"
"Slack","Web","382674125","15597789","367076336"
"Younow","Web","61438760","27132004","34306756"
"MQ Telemetry Transport","Network Service","160429","54222","106207"
"Thethao247","Web","10182","1776","8406"
"Adk2","Web","32478","4973","27505"
"Pokemon GO","Gaming","53820939","5851561","47969378"
"CDNetworks","Infrastructure","7809128","251053","7558075"
"Highwinds","Web","4158711","130235","4028476"
"StackExchange","Web","2340633","138522","2202111"
"StackOverflow","Web","6601625","124925","6476700"
"Wix","Web","137384175","2285522","135098653"
"Tinder","Web","126550063","3466787","123083276"
"Eskimi","Web","47626","11838","35788"
"Shutterstock","Web","502235","3463","498772"
"Heroku","Web","1467758","205153","1262605"
"Hola","Web","198380","17804","180576"
"Clash of Clans","Gaming","17409177","1512565","15896612"
"Supercell","Gaming","6708558","356090","6352468"
"Amazon Music","Media","4261491","402638","3858853"
"Facebook Live","Media","24754178","24186635","567543"
"Cheetah Mobile","Web","38462","9569","28893"
"Microsoft Word Online (Office 365)","Business Collaboration","55030453","9129379","45901074"
"Microsoft Powerpoint Online (Office 365)","Business Collaboration","2020717","346657","1674060"
"Signal Private Messenger (Open Whisper Systems)","Internet Instant Messaging","4257077","1647867","2609210"
"Tidal","Media","188731982","836081","187895901"
"StreamRail","Media","286419","38547","247872"
"Vidyard","Web","65416","4540","60876"
"Nintendo","Gaming","3654921","542168","3112753"
"Audible","Real Time Audio/Video","5050695","795090","4255605"
"HK Observatory","Web","39786","9674","30112"
"Ming Pao","Web","712234","36281","675953"
"Oriental Daily News (on.cc)","Web","3645567","627566","3018001"
"Meituan","Web","13494","833","12661"
"Dianping","Web","17522","5884","11638"
"Aerserv","Web","6410","900","5510"
"Google Classroom","Web","828725","219202","609523"
"Samsung Update","Web","14243760339","124820061","14118940278"
"ULP","Network Service","1735436","67708","1667728"
"Amazon Chime","Business Collaboration","173597","81462","92135"
"AnyDesk","Remote Desktop","329887","135652","194235"
"Livescore","Web","11034","328","10706"
"Naij","Web","1989268","31037","1958231"
"Savefrom","Web","264078","10986","253092"
"MaxCDN","Web","1290418","50439","1239979"
"Zhihu","Web","22661253","8401189","14260064"
"Booking.com","Web","24542836","601332","23941504"
"Walmart","Web","4773189","3020417","1752772"
"Yandex Music","Real Time Audio/Video","2588098","41245","2546853"
"DocuSign","Web","15607814","2329666","13278148"
"Automatic Data Processing (ADP)","Web","11343131","566434","10776697"
"Microsoft Power BI (Office 365)","Web","628381","45258","583123"
"Cloudinary","Web","39289817","705594","38584223"
"Optus","Web","1549717","64054","1485663"
"Gfycat","Web","37964650","528597","37436053"
"T-Mobile","Web","437178","108624","328554"
"Chunghwa Telecom","Web","12835681","1073581","11762100"
"ptt","Web","54072","26330","27742"
"Sportradar","Web","550172","56826","493346"
"Pornhub NETWORK","Web","999089","186439","812650"
"ChinaNetCenter ","Web","59330","25256","34074"
"Niantic, Inc","Web","1350485","161653","1188832"
"Snow","Internet Instant Messaging","14061","6121","7940"
"Clash Royale","Gaming","4495665","712062","3783603"
"Origin","Web","3139805","506217","2633588"
"DCARD","Social Networking","17427","6122","11305"
"Mail.com","Email","547132","70695","476437"
"United Internet","Web","1174946","76234","1098712"
"Workplace By Facebook","Social Networking","8561","6204","2357"
"shopee.tw","Web","2997052","144621","2852431"
"Electronic Arts","Web","379159225","6693326","372465899"
"Apache Thrift","Network Service","6250","5153","1097"
"Key management service","Management","1582","1122","460"
"Digioh","Web","4220667","136338","4084329"
"Apptimize","Web","103265","34463","68802"
"UC Browser","Web","22282016","1351791","20930225"
"x_vpn","Tunneling and VPN","14826","1753","13073"
"Mediascope","Web","158418","40467","117951"
"Data Saver","Web","6312763","893833","5418930"
"Youtube Music","Media","6990276","2568910","4421366"
"Akamai Video","Media","1003094","283368","719726"
"Appnext","Web","466375","29292","437083"
"Tenor","Web","59432732","2061049","57371683"
"Splunk Cloud","Storage and Backup","150124","83595","66529"
"Fox Networks","Web","710494","38201","672293"
"9GAG","File Sharing","59009015","442057","58566958"
"Text Me","Internet Instant Messaging","6217311","2524520","3692791"
"AnchorFree","Tunneling and VPN","30071","9105","20966"
"textPlus","Internet Instant Messaging","377889","112444","265445"
"Epic_games","Gaming","181411","58787","122624"
"Unreal_engine","Gaming","31858680","14302412","17556268"
"Voxer","Internet Instant Messaging","34381","3488","30893"
"IBM","Web","26243","9419","16824"
"HPE Insight Manager","Management","70224","70224","0"
"Microsoft AD Right Management Service","Business Application","164960","79630","85330"
"RingCentral","Business Collaboration","144988","14944","130044"
"Google News","Web","54005","7303","46702"
"PlayerUnknown's BattleGrounds","Gaming","8513829","640316","7873513"
"Visual IQ","Web","1048428","290223","758205"
"League of Legends","Gaming","65895100","7115972","58779128"
"CarbonBlack website","Web","11695591","10390764","1304827"
"Discourse","Web","1528409","24837","1503572"
"Injustice 2","Gaming","490352","8634","481718"
"ExpressVPN","Tunneling and VPN","4990091","1695300","3294791"
"Easy Anti-Cheat","Web","190655","36576","154079"
"Redis","Business Application","183101","34154","148947"
"Inskin","Web","8610","2726","5884"
"Wish","Web","7984649","647083","7337566"
"Google Play Books","Web","1283679","84576","1199103"
"ProtonMail","Email","852381","91286","761095"
"Minecraft","Gaming","10340","2581","7759"
"AWS Console","Business Application","118068293","92908002","25160291"
"Basecamp","Business Application","668706","341451","327255"
"Target","Web","25206","2008","23198"
"Tesla","Web","715296","120788","594508"
"W3Schools","Web","16736478","159059","16577419"
"Didi","Web","106010","53803","52207"
"ICF Technology","Web","1842658","60013","1782645"
"Apex Legends","Gaming","286720232","48348079","238372153"
"OpenSignal","Web","75115","27173","47942"
"Megaphone","Web","604253334","5565694","598687640"
"TripAdvisor","Web","12797845","2209422","10588423"
"Moodle","Social Networking","10928","1058","9870"
"Gcash","Web","13116","3011","10105"
"Mynt","Web","949309","148608","800701"
"Unknown virtual protocol","Unclassified","166548","78585","87963"
"Unknown virtual protocol","Unclassified","69087","5642","63445"
"Unknown virtual protocol","Unclassified","2594536","24191","2570345"
"Unknown virtual protocol","Unclassified","11127148","560673","10566475"
"Unknown virtual protocol","Unclassified","28364078","968094","27395984"
"Unknown virtual protocol","Unclassified","46252887","12672206","33580681"
"NetEase","Web","6526566","965314","5561252"
"Unknown virtual protocol","Unclassified","8586498","461119","8125379"
"Unknown virtual protocol","Unclassified","127074","25477","101597"
"Unknown virtual protocol","Unclassified","59610","18783","40827"
"Unknown virtual protocol","Unclassified","185527208","1038528","184488680"
"Google Blog","Web","99552","5135","94417"
"Discovery Inc","Real Time Audio/Video","9077","1919","7158"
"Eurosport","Web","5052414","278019","4774395"
"Bumble","Web","52970924","4541072","48429852"
"National Public Radio","Web","5331109","340517","4990592"
"Acast","Real Time Audio/Video","15785511","87733","15697778"
"Firework","Internet Instant Messaging","16705378","183970","16521408"
"Google Stadia","Web","1835782","413524","1422258"
"BAMTech","Real Time Audio/Video","12727374","7073909","5653465"
"Apple TV Plus","Real Time Audio/Video","3747517193","16082427","3731434766"
"Kuwo","Real Time Audio/Video","167254","123895","43359"
"Agora","Network Service","2298615","1455964","842651"
"Grand Theft Auto 5","Gaming","640876","290844","350032"
"Toutiao","Web","1648279","178635","1469644"
"Xigua Video","Real Time Audio/Video","21776386","3449269","18327117"
"Tuchong","Web","584212","3343","580869"
"Airbnb","Web","13645032","700831","12944201"
"Activision-Blizzard","Web","4879108","34386","4844722"
"Zhenai","Web","664","412","252"
"MediaLab","Web","53280559","186298","53094261"
"Netease Games","Gaming","406121","239878","166243"
"Baidu Tieba","Social Networking","54471","23286","31185"
"Code42","Web","21659","9290","12369"
"Crashplan","Web","1977774","1883070","94704"
"Workday","Business Application","11311606","427664","10883942"
"Shopify","Web","169995259","3486648","166508611"
"Service Now","Web","2192","208","1984"
"StackPath","Web","3129811","176114","2953697"
"Ximalaya","Real Time Audio/Video","7640","3808","3832"
"Grubhub","Web","237249","17421","219828"
"DoorDash","Web","11856197","2863608","8992589"
"Houseparty","Real Time Audio/Video","162355","25395","136960"
"Roblox","Gaming","2725597700","155466817","2570130883"
"BridTV","Real Time Audio/Video","635544","19445","616099"
"YY","Real Time Audio/Video","177118","6976","170142"
"Acronis Backup","File Sharing","564692","74565","490127"
"Citrix","Web","12887","3713","9174"
"Microsoft Dynamics","Business Application","6813","1289","5524"
"Digital Turbine","Web","2053805860","7118716","2046687144"
"Pluto TV","Real Time Audio/Video","9170598300","83623284","9086975016"
"Amber Weather","Web","22732","7647","15085"
"adRise","Real Time Audio/Video","1421048","190242","1230806"
"Tubi TV","Real Time Audio/Video","4312265017","25129469","4287135548"
"iFunny","Web","85280","2693","82587"
"Demandbase","Web","5660063","183310","5476753"
"KOCHAVA","Web","1634889","437524","1197365"
"Sift Science","Web","803723","197452","606271"
"Amazon Alexa Assistant","Business Collaboration","645931","56936","588995"
"Spotify Audio","Real Time Audio/Video","12249932633","43429438","12206503195"
"Yubo","Internet Instant Messaging","5805514","217717","5587797"
"Zerotier","Tunneling and VPN","23198","11340","11858"
"Minute Media","Web","65487603","287732","65199871"
"Xbox Cloud Gaming","Gaming","22030","6201","15829"
" Revolut","Web","933962","148874","785088"
"Jitsi","Real Time Audio/Video","63045","4664","58381"
"Coursera","Web","56943173","1113636","55829537"
"The Blaze","Web","1169785","36914","1132871"
"WordReference.com","Web","1285714","27709","1258005"
"E! Online","Web","422126","10510","411616"
"Hotels.com","Web","3750669","2083964","1666705"
"NHL.com","Web","33478069","1058808","32419261"
"BambooHR","Web","20170686","248030","19922656"
"The Telegraph","Web","47948","3156","44792"
"TIME","Web","7990508","228570","7761938"
"United Airlines","Web","35572604","7107501","28465103"
"Nvidia","Web","680842","69652","611190"
"Geforce Now","Gaming","8202194","337289","7864905"
"Call of Duty Mobile","Gaming","178586347","7248565","171337782"
"The Walt Disney Company","Web","4740839","751009","3989830"
"Wired","Web","68227727","397935","67829792"
"Kickstarter","Web","3844878","43667","3801211"
"Eventbrite","Web","19757227","675559","19081668"
"WarnerMedia","Web","197671622","868429","196803193"
"Etahub","Web","5381","1585","3796"
"Datadog","Web","1813332","1568555","244777"
"Unknown virtual protocol","Unclassified","327155","182459","144696"
"ShoreTel","Business Collaboration","15660","6120","9540"
