"Application","Category","Total Bytes","Bytes Received","Bytes Sent"
"Domain Name Service","Network Service","1773001554","883679032","889322522"
"Google Mail","Email","781971402","99296355","682675047"
"Google Search","Web","285976511","66750931","219225580"
"HyperText Transfer Protocol","Web","5540830276","448933131","5091897145"
"HyperText Transfer Protocol Secure","Web","23600733320","2899997810","20700735510"
"Internet Control Message Protocol","Network Service","4120162481","2509337599","1610824882"
"Internet Message Access Protocol version 4","Email","104731335","38504294","66227041"
"Internet Message Access Protocol Secure","Email","5750343","1084966","4665377"
"Internet Protocol","Network Service","0","0","0"
"XMPP Protocol (Jabber)","Business Collaboration","764328","387353","376975"
"McAfee Client update","Business Application","915409433","50680385","864729048"
"Network Time Protocol","Network Service","1712604","1001244","711360"
"Skype and Teams","Business Collaboration","59424701","9857366","49567335"
"Simple Network Management Protocol","Management","583136","583136","0"
"Simple Object Access Protocol","Network Service","799871671","403399481","396472190"
"Secure Shell","Tunneling and VPN","32364514","16788992","15575522"
"Secure Socket Layer","Tunneling and VPN","24213438553","2631403014","21582035539"
"Transmission Control Protocol","Other TCP/UDP","2285859020","734303208","1551555812"
"User Datagram Protocol","Other TCP/UDP","67384960145","12679575694","54705384451"
"Wikipedia.com","Web","115384065","13946523","101437542"
"Youtube.com","Media","7014064267","624421937","6389642330"
"Facebook","Social Networking","43737657498","2294740307","41442917191"
"Google Ads","Web","768591434","83260475","685330959"
"Windows Live Hotmail","Email","168859816","22858066","146001750"
"LinkedIn","Social Networking","724921496","31585899","693335597"
"Apple Generic Services","Web","11427319036","709165959","10718153077"
"Online Certificate Status Protocol","Business Application","12300337","5161039","7139298"
"Xbox Live","Gaming","80907337","5291855","75615482"
"iTunes","Media","666582017","91110270","575471747"
"Spotify","Media","966852699","77621615","889231084"
"TeamViewer","Remote Desktop","331104774","206050220","125054554"
"Bing.com (formerly MSN Search)","Web","1932922120","201323062","1731599058"
"Baidu.com","Web","20653662","1674542","18979120"
"Windows Update","Web","19316352239","1092607099","18223745140"
"Apple Update","Web","254500507","3599152","250901355"
"Chrome Update","Web","348957261","16264526","332692735"
"Symantec Norton AntiVirus Updates","Web","6861087","125719","6735368"
"Netflix.com","Media","29135845542","613706801","28522138741"
"Google Analytics,Google Marketing Platform","Web","116870694","24137251","92733443"
"Google GStatic","Web","674194648","57091662","617102986"
"Dropbox","Storage and Backup","2151878572","883491725","1268386847"
"Salesforce","Business Application","20275418","4134351","16141067"
"Google Generic","Web","558219670","69359956","488859714"
"AccuWeather","Web","5288242","1135602","4152640"
"AlJazeera.net","Web","6396289","4579504","1816785"
"Amazon Generic Services","Web","5391908301","2613673039","2778235262"
"Weather.com","Web","49139197","5841905","43297292"
"WhatsApp Messenger","Internet Instant Messaging","8245574925","3933488262","4312086663"
"Apple App Store","Web","8745631135","196955515","8548675620"
"Windows Marketplace","Web","2745959621","173283363","2572676258"
"Apple FaceTime","Real Time Audio/Video","1726444608","798852430","927592178"
"Apple Push Notification Service","Web","391878518","264190290","127688228"
"iOS over-the-air (OTA) update","Web","2814075098","54219536","2759855562"
"Samsung Apps","Web","54257502","6111399","48146103"
"Google Play Store","Media","1539626212","165706579","1373919633"
"iCloud (Apple)","Storage and Backup","4770699059","2313749506","2456949553"
"Instagram","Web","76824791307","3028302464","73796488843"
"Amazon Web Services/Cloudfront CDN","Infrastructure","11836812321","8536954706","3299857615"
"Microsoft Azure (previously Windows Azure)","Infrastructure","107114371","14130016","92984355"
"Yahoo.com","Web","322066049","41183419","280882630"
"Google Talk (incl. Hangouts and Allo and Duo)","Real Time Audio/Video","118072274","6148052","111924222"
"CloudFlare CDN","Infrastructure","7091524237","237799984","6853724253"
"Microsoft Office 365","Business Collaboration","1798329067","223514787","1574814280"
"Zoho Corporation","Business Application","85301766","56928340","28373426"
"Microsoft SharePoint Online (Office 365)","Business Application","30049395","3072876","26976519"
"Pinterest","Web","444968808","27089905","417878903"
"Microsoft Outlook (Office 365)","Business Application","1188701562","359277334","829424228"
"Reddit.com","Web","2994865711","60525364","2934340347"
"Apple SIRI","Web","67392465","38104504","29287961"
"Imgur.com","Storage and Backup","28531203","577447","27953756"
"Google Documents (aka Google Drive)","Storage and Backup","17371802","3990418","13381384"
"Paypal.com","Web","97682771","29085559","68597212"
"Conviva","Infrastructure","3163298","1711635","1451663"
"Google Accounts","Web","101467224","16249328","85217896"
"Snapchat","Social Networking","9694080016","942700969","8751379047"
"uTorrent","Peer to Peer","371918","272744","99174"
"Turn","Web","2569325","543871","2025454"
"ScorecardResearch","Web","15682032","3273602","12408430"
"Symantec","Web","7501326","1310130","6191196"
"Oracle","Web","4214735","998244","3216491"
"Bitstrips","Social Networking","204027239","10868834","193158405"
"Criteo","Web","87258749","16371858","70886891"
"Adobe","Business Application","289371993","24136224","265235769"
"Google Safe Browsing","Web","3623899","737782","2886117"
"Samsung","Web","59154118","17676107","41478011"
"Crashlytics","Web","5352503","1350419","4002084"
"Brightcove","Media","94849690","1766699","93082991"
"Twitch","Media","495330323","10728950","484601373"
"Facebook Messenger","Internet Instant Messaging","4112145175","2031411709","2080733466"
"InMobi","Web","19172415","7215606","11956809"
"AppsFlyer","Business Application","76888068","9299842","67588226"
"Smart AdServer","Web","22645287","8883708","13761579"
"Cedexis","Web","8355087","2827902","5527185"
"Google Cloud Storage","Web","529251216","476509745","52741471"
"Google Cloud Messaging","Web","47017382","11408465","35608917"
"Apple Location","Web","1158939080","153622961","1005316119"
"Flipboard","Web","542864","69102","473762"
"PubMatic","Web","59492918","33685148","25807770"
"Index Exchange (previously Casale Media)","Web","15370181","5097983","10272198"
"LOTAME","Web","3305813","661860","2643953"
"AppNexus","Web","161880812","105114963","56765849"
"Rlcdn","Web","3994768","684777","3309991"
"HyperText Transfer Protocol version 2","Web","3847880135","970605665","2877274470"
"GitHub","Web","280133553","4429752","275703801"
"Google Tag Manager","Web","88424274","5840662","82583612"
"Helpshift","Web","434662","86750","347912"
"Adjust.com","Web","11364296","4568536","6795760"
"Scotiabank","Web","33105788","8468366","24637422"
"Xbox Video (Microsoft Movies and Tv)","Web","16694719093","441979174","16252739919"
"Urbanairship","Web","1879566","579033","1300533"
"BootstrapCDN","Web","1954093","150423","1803670"
"Apple Music","Media","1604907162","51843034","1553064128"
"Outbrain","Web","21615272","4619815","16995457"
"Rogers TV","Web","20939825","895631","20044194"
"Applovin","Web","335193550","59850609","275342941"
"Android connectivity Manager","Network Service","5662287","3040446","2621841"
"Moat","Web","73530662","18726521","54804141"
"Microsoft Office OneNote (Office 365)","Business Application","1286511","230218","1056293"
"Heap","Web","97768122","63903951","33864171"
"Optimizely","Web","13462201","2185204","11276997"
"Taboola","Web","103579385","11501030","92078355"
"Riffsy (Tenor.co)","Web","31370391","464423","30905968"
"Ensighten","Web","1953162","206556","1746606"
"MediaMath","Web","3460533","1458084","2002449"
"jQuery","Web","7046355","514360","6531995"
"Everest Technologies","Web","7812227","2310583","5501644"
"Microsoft OneDrive","Web","11224065471","4727202382","6496863089"
"Microsoft","Web","9550538134","3615317093","5935221041"
"New Relic","Web","132735464","75727433","57008031"
"Google Photos (formerly Google Picasa)","Web","2712189","201846","2510343"
"Adform","Web","8588071","1840194","6747877"
"hotjar","Web","61048958","51161930","9887028"
"HyperText Transfer Protocol proxy","Network Service","1162897","602540","560357"
"Firebase Cloud Messaging","Web","259557538","148425862","111131676"
"Bidswitch","Web","10808575","4022015","6786560"
"MGID","Web","308405","111046","197359"
"Okta","Web","116779586","23574350","93205236"
"eXelate","Web","1029862","333517","696345"
"Citrix Cloud","Web","8801","1165","7636"
"Google Cloud Platform","Web","7228980","2417165","4811815"
"Canvas Student","Web","10442191","299043","10143148"
"Instructure","Web","12583968","1664525","10919443"
"Microsoft teams","Internet Instant Messaging","2503829966","471747471","2032082495"
"Electronic Arts","Web","4494981","426712","4068269"
"Cisco","Web","6380393","2371584","4008809"
"Grammarly","Web","50928475","14597476","36330999"
"ByteDance","Web","421212617","76050808","345161809"
"TikTok (Musical.ly)","Social Networking","55642594570","2006808602","53635785968"
"Apple News","Web","103302900","5811081","97491819"
"Google GSuite","Web","6931020","253732","6677288"
"Google APIs","Web","2710634815","1939048343","771586472"
"Moodle","Social Networking","68674380","2902417","65771963"
"Amazon Cognito","Web","16455085","5506965","10948120"
"Unknown virtual protocol","Unclassified","194791960","37441426","157350534"
"Shopify","Web","124795295","3110095","121685200"
"Citrix","Web","421702","119855","301847"
"Pendo","Web","20759803","4836973","15922830"
"Contentful","Web","54682003","5819534","48862469"
"Nvidia","Web","335285","86027","249258"
"Geforce Now","Gaming","763927","224481","539446"
"Digicert","Web","10741524","2448752","8292772"
"Font Awesome","Web","28598143","2782099","25816044"
"Intercom","Web","120287723","50132206","70155517"
"SD-WAN Control","SD-WAN","32867821078","18593001062","14274820016"
"SD-WAN Management","SD-WAN","9963111644","4747328922","5215782722"
"TencentMeeting","Business Collaboration","131396438","55201382","76195056"
"Dailymotion.com","Media","97871580","7191983","90679597"
"Google Maps","Web","25486086","3333635","22152451"
"IPsec (AH and ESP)","Tunneling and VPN","778871976","96674364","682197612"
"Internet Security Association and Key Management Protocol","Tunneling and VPN","3560012578","346222774","3213789804"
"Network News Transport Protocol","Network Service","13986","7470","6516"
"Post Office Protocol (Version 3)","Email","48942","18782","30160"
"Real Time Protocol","Business Collaboration","2708119083","1359163741","1348955342"
"Session Traversal Utilities for NAT","Business Collaboration","566590","299220","267370"
"Yahoo Mail v.2.0","Email","87194772","21249535","65945237"
"Secure AIM","Internet Instant Messaging","469693","87838","381855"
"Ask.com","Web","138540","3116","135424"
"Foursquare.com","Web","476016","157665","318351"
"Twitter","Social Networking","851320330","54826507","796493823"
"Yandex.ru","Web","1412719","767235","645484"
"Opera Update","Web","1454346","468441","985905"
"Viber","Real Time Audio/Video","3285443","1021901","2263542"
"Adobe Acrobat DC (Document Cloud)","Web","3580011","741652","2838359"
"CNN (Cable News Network)","Web","6724717","746324","5978393"
"Mozilla.com - Mozilla.org","Web","2719602","442858","2276744"
"Naver Corporation (formerly NHN Corporation)","Web","15189523","949862","14239661"
"SoundCloud","Media","30164322","1655905","28508417"
"Amazon Prime Video","Media","5080615081","87717881","4992897200"
"QQ.com","Web","8431752","561309","7870443"
"Akamai Technologies CDN","Web","1143336120","24230776","1119105344"
"Rakuten.co.jp","Web","290686","38894","251792"
"QQ Games","Gaming","24759","11867","12892"
"Internet Movie Database","Web","1459166","68782","1390384"
"Apple Maps","Web","1649410","172314","1477096"
"craigslist","Web","21739","6282","15457"
"Amazon Ad System","Web","229670798","29769618","199901180"
"AddThis","Web","9463212","518963","8944249"
"Quantcast","Web","6974725","1654929","5319796"
"TRUSTe","Web","10892639","1251324","9641315"
"Zendesk","Business Collaboration","9886534","564616","9321918"
"Inneractive","Web","26474349","18053835","8420514"
"Flurry","Business Application","14365275","5512451","8852824"
"Gravatar","Business Collaboration","3078470","273084","2805386"
"Nielsen","Web","2875935","748853","2127082"
"Stickyads","Web","11879694","5719631","6160063"
"Mixpanel","Web","11955323","8135662","3819661"
"OpenX","Web","3033148","964014","2069134"
"Rubicon Project","Web","39731826","15485524","24246302"
"Sizmek (previously MediaMind)","Web","11438415","543668","10894747"
"AOL One","Web","372778","95526","277252"
"Advertising.com","Web","2868510","1073576","1794934"
"Facebook Embedded Video","Media","3619320307","94726442","3524593865"
"Ad Safe Protected","Web","80867139","16242753","64624386"
"Fastly","Web","19783405","5731925","14051480"
"Unruly","Web","7313797","4231442","3082355"
"UpLynk","Web","304911","81219","223692"
"Krux","Web","2831954","436250","2395704"
"Periscope","Media","3034923","413959","2620964"
"Branch Metrics","Web","23800635","8217869","15582766"
"Liveperson","Web","7750235","1589145","6161090"
"Zopim","Web","1526290","346077","1180213"
"Rackspace","Web","1353774839","149611634","1204163205"
"Smaato","Web","3150135","1097402","2052733"
"SpotXchange","Web","2858557","955542","1903015"
"Uber (formerly UberCab)","Web","3564191","680171","2884020"
"Conversant","Web","4142542","1818073","2324469"
"Bazaarvoice","Web","7373564","1023404","6350160"
"Teads","Web","8210454","963689","7246765"
"ZoomMeetings","Business Collaboration","150581034","21199995","129381039"
"Pokemon GO","Gaming","21546602","4925276","16621326"
"Highwinds","Web","5142286","86088","5056198"
"Wix","Web","49127155","5846104","43281051"
"IMO Video Calling Application","Media","694374","386080","308294"
"Clash of Clans","Gaming","102673086","1899648","100773438"
"Supercell","Gaming","548033","128775","419258"
"Apple Game Center","Gaming","6547735","1535562","5012173"
"Tealium","Web","2920931","747984","2172947"
"Sharethrough","Web","18060428","5551378","12509050"
"AdColony","Web","3943520","1408261","2535259"
"Huawei","Web","9204117","3471323","5732794"
"DoubleVerify","Web","47823650","12033074","35790576"
"Media Innovation Group","Web","570121","179482","390639"
"PulsePoint","Web","5720883","2567572","3153311"
"Sonobi","Web","7600032","3235731","4364301"
"Cloudinary","Web","18283658","573731","17709927"
"Optus","Web","1717902","35831","1682071"
"Google Secure User Plane Location","Web","1042726","157750","884976"
"Amplitude","Web","14456001","10547375","3908626"
"Vivox","Internet Instant Messaging","33113","10529","22584"
"Digioh","Web","772879","67468","705411"
"x_vpn","Tunneling and VPN","162455","5782","156673"
"Adtelligent","Web","1749872","610357","1139515"
"Tenor","Web","4308526","479877","3828649"
"IronSource","Business Application","77838913","6935747","70903166"
"AnchorFree","Tunneling and VPN","1894033","1205435","688598"
"Disqus","Web","9516929","944588","8572341"
"Spring Tech VPN","Tunneling and VPN","15459000","3715003","11743997"
"Simpli.fi","Web","3212813","558612","2654201"
"Visual IQ","Web","182602","76293","106309"
"Alibaba Cloud","Web","7656241","4265437","3390804"
"League of Legends","Gaming","1505648","846250","659398"
"Discord","Internet Instant Messaging","244939081","9941220","234997861"
"Vungle","Web","136192335","5540408","130651927"
"Unknown virtual protocol","Unclassified","4419288960","139644990","4279643970"
"Unknown virtual protocol","Unclassified","68396260","25560632","42835628"
"Unknown virtual protocol","Unclassified","1668028","214154","1453874"
"Google Pay","Web","2984807","530715","2454092"
"Wireguard","Tunneling and VPN","219616432","21720448","197895984"
"Google Messages","Internet Instant Messaging","6524438","3448494","3075944"
"JWPLAYER","Web","909930934","15746394","894184540"
"Wangwang","Internet Instant Messaging","115814","60228","55586"
"KOCHAVA","Web","1070026","288997","781029"
"Spotify Audio","Real Time Audio/Video","5444303090","91709280","5352593810"
"Go Daddy","Web","324052","35432","288620"
"Eventbrite","Web","893625","44741","848884"
"Datadog","Web","483966","313398","170568"
"Unknown virtual protocol","Unclassified","238552","148298","90254"
"BitTorrent","Peer to Peer","1015243","24048","991195"
"eBay.com","Web","13967425","653203","13314222"
"File Transfer Protocol","File Sharing","10385","5584","4801"
"Google Earth","Web","48776465","3980702","44795763"
"GPRS Tunneling Protocol","Tunneling and VPN","54944884","1872097","53072787"
"Kerberos","Authentication","1044","532","512"
"Remote Desktop Protocol (Windows Terminal Server)","Remote Desktop","24907182","4007857","20899325"
"Real Time Control Protocol","Business Collaboration","1130074","568914","561160"
"Session Initiation Protocol","Business Application","3942","2192","1750"
"Simple Mail Transfer Protocol","Email","32197","8369","23828"
"Yahoo Search","Web","2657863","283988","2373875"
"Gmail Mobile","Email","93838","52126","41712"
"Expedia.fr","Web","1417028","271910","1145118"
"Travelocity.com","Web","7399","932","6467"
"Realtor.com","Web","288077","13826","274251"
"WordPress.com","Social Networking","27637830","1174036","26463794"
"Flickr","Social Networking","414083","8421","405662"
"Deezer","Web","7996122","181696","7814426"
"Mail.ru Webmail","Email","116226","57899","58327"
"Steampowered.com","Gaming","6901202","1189366","5711836"
"BabyCenter (My Baby Today)","Web","5822973","1256146","4566827"
"DeviantArt.com","Web","268322","15123","253199"
"LibraryThing.com","Web","765745","76016","689729"
"Meetup","Web","8935","2758","6177"
"Odnoklassniki.ru","Social Networking","17118","6619","10499"
"ResearchGATE.net","Web","1161842","53028","1108814"
"Tumblr","Social Networking","4291320","158142","4133178"
"Vk.com (Vkontakte)","Social Networking","161700","11842","149858"
"Vox.com","Web","30058515","518847","29539668"
"Yelp.com","Web","1752913","49292","1703621"
"Adobe Flash Plugin Update","Web","592943","41500","551443"
"Java Update","Web","208442","10895","197547"
"BitDefender Update","Web","5485081","3239929","2245152"
"Playstation Network","Gaming","1276672","56196","1220476"
"Avira Update","Web","248592","15633","232959"
"Garena","Web","6711","608","6103"
"Box","File Sharing","1021086","206309","814777"
"Google Translate","Web","8123999","870938","7253061"
"iHeartRADIO","Media","246232","13612","232620"
"Psiphon","Web","333900","72282","261618"
"Portal.TidalTV.com","Web","567218","162995","404223"
"SiriusXm.com","Media","205163","19703","185460"
"YouKu","Media","5051","3724","1327"
"WebEx","Business Collaboration","22127","1879","20248"
"Slingbox","Media","18928521","1839206","17089315"
"Bloomberg.com","Web","1329657","48497","1281160"
"Acer","Web","220842","82393","138449"
"Alexa","Web","36515","5582","30933"
"AmericanExpress","Web","173178","70240","102938"
"Blogger","Web","1683724","120383","1563341"
"Cnet.com","Web","10143","3826","6317"
"Comcast","Web","885994","528450","357544"
"Daily Mail","Web","13510094","1095924","12414170"
"Daum.net","Web","1341","746","595"
"Fox News","Web","22002821","1653613","20349208"
"Groupon","Web","2011910","117965","1893945"
"IKEA.com","Web","55090","1468","53622"
"Intuit.com","Business Application","24551271","17022860","7528411"
"NationalGeographic.com","Web","378059","8204","369855"
"NBA.com","Web","37092370","2671544","34420826"
"National Football League (NFL.com)","Web","22706092","1051678","21654414"
"Nike.com","Web","27532660","5795896","21736764"
"NYTimes.com","Web","31158119","916015","30242104"
"PlayStation.com","Web","12986085","1689634","11296451"
"Reverso.net","Web","812723","24049","788674"
"Vimeo","Web","52328965","916530","51412435"
"WashingtonPost.com","Web","1286598","48314","1238284"
"Xbox","Gaming","15805798","3669698","12136100"
"Youdao.com","Web","24993","13673","11320"
"Taobao","Web","4941991","447678","4494313"
"QQ WeiBo","Web","4912","821","4091"
"Google App Engine","Business Application","183790","35283","148507"
"GMX webmail","Email","70794","9344","61450"
"Line","Internet Instant Messaging","3216360","616070","2600290"
"Google Plus","Web","148480","11351","137129"
"Hulu","Media","16153","9944","6209"
"Shazam","Web","328971","38817","290154"
"Rhapsody","Media","7104","1422","5682"
"163.com","Web","90953","8144","82809"
"Alipay","Web","12182","5884","6298"
"360.cn","Web","7983","2407","5576"
"Alibaba.com","Web","275228","38514","236714"
"Zynga.com","Gaming","1296931","279733","1017198"
"Limelight Networks CDN","Web","579228536","19217503","560011033"
"Datagram Transport Layer Security","Tunneling and VPN","5379447","1022081","4357366"
"ISO Base Media File Format","Real Time Audio/Video","11552032","197627","11354405"
"KIK Messenger","Internet Instant Messaging","600801","255548","345253"
"MiTalk Messenger (Miliao)","Internet Instant Messaging","438692","63700","374992"
"MEGA","Peer to Peer","13381","5002","8379"
"Nokia Here API","Web","31220","8089","23131"
"Speedtest","File Sharing","148804","105796","43008"
"ESPN.go.com","Web","49110262","4375759","44734503"
"MapQuest.com","Web","288242","13032","275210"
"Evernote","Web","113944","35964","77980"
"WebSocket","Network Service","51594","25193","26401"
"Bet365.com","Web","666939","37020","629919"
"Issuu.com","Web","1080119","307128","772991"
"LastPass.com","Web","580104","214477","365627"
"Mendeley.com","File Sharing","45600","16351","29249"
"BBC","Web","94905","13056","81849"
"Softonic.com","Web","81863","15710","66153"
"Apple HTTP Live Streaming","Real Time Audio/Video","30693649","571979","30121670"
"Kijiji.ca","Web","25378115","1294373","24083742"
"Internet Small Computer Systems Interface","Network Service","396","138","258"
"Background Intelligent Transfer Service","File Sharing","70729293","7613538","63115755"
"EdgeCast Networks CDN","Infrastructure","35112","3307","31805"
"AliExpress.com","Web","11136780","1581450","9555330"
"Wp.pl","Web","24939","5985","18954"
"Zing.vn","Web","4862","3074","1788"
"Fox Business Network","Web","6163","1201","4962"
"Aol","Web","7453006","334477","7118529"
"Gameloft Games","Gaming","451846","107390","344456"
"Naver","Web","5430","3148","2282"
"Nokia","Web","7493032","1382203","6110829"
"Telegram","Internet Instant Messaging","28965843","1958898","27006945"
"King Digital Entertainment","Gaming","93700","2431","91269"
"Videoplaza","Web","49839","11153","38686"
"Plenty Of Fish","Web","134736","64303","70433"
"BoldChat Live Chat","Internet Instant Messaging","1331980","769962","562018"
"FreeWheel","Web","684250","241611","442639"
"Xiaomi","Web","755736","84423","671313"
"Turner","Web","763484","103272","660212"
"battlenet","Gaming","2420597","572455","1848142"
"Abs.cbnnews","Web","426076","57043","369033"
"Amazon Cloud Drive","Web","426909","20300","406609"
"Lazada","Web","6117374","157006","5960368"
"Gettyimages","Web","1906403","54441","1851962"
"Google Calendar","Web","8306752","3270800","5035952"
"CPMSTAR","Web","50856","10098","40758"
"ADTECH","Web","219424","40930","178494"
"Realestate","Web","67433","16853","50580"
"Smh","Web","14050","6260","7790"
"Constant Contact","Web","1322620","73101","1249519"
"Xbox Music","Media","9635","2276","7359"
"Atlassian","Web","3413336","1078872","2334464"
"Bizographics","Web","26253","4398","21855"
"Atlas Solutions","Web","242981","84913","158068"
"Diply","Web","572430","286880","285550"
"CBS Video","Web","686211","48879","637332"
"LogMeIn","Remote Desktop","49260","2079","47181"
"Disney Channel","Web","2977485","164151","2813334"
"Heavy.com","Web","561245","10629","550616"
"NBC","Web","27459025","1166519","26292506"
"Localytics","Web","1791355","265042","1526313"
"MoPub","Web","1615818","864261","751557"
"Perform","Web","18437","3378","15059"
"Olark","Web","1124682","65816","1058866"
"Mapbox","Web","5857627","523960","5333667"
"ABS-CBN Entertainment","Web","178791","40865","137926"
"Rollout","Web","91586","8419","83167"
"Microsoft Excel Online (Office 365)","Web","9215659","3037088","6178571"
"Signal","Web","202868","33686","169182"
"LiveChat","Web","2328263","289323","2038940"
"Braintree","Web","74815","6932","67883"
"Verizon","Web","2342390","1485637","856753"
"LKQD","Web","648947","280737","368210"
"TubeMogul","Web","256181","60888","195293"
"Umeng","Web","22167","8997","13170"
"pCloud","Web","29184","4124","25060"
"Revcontent","Web","1768372","313166","1455206"
"Hola Web Proxy","Web","439061","98163","340898"
"Liftoff","Web","1359121","467752","891369"
"Slack","Web","1505920","494358","1011562"
"Younow","Web","9860264","4512575","5347689"
"MQ Telemetry Transport","Network Service","9802","4903","4899"
"Clicktale","Web","3321138","2244268","1076870"
"CDNetworks","Infrastructure","4891","1249","3642"
"Weborama","Web","105797","28930","76867"
"Innovid","Web","62619903","2537773","60082130"
"Tinder","Web","19294197","738856","18555341"
"GIPHY","Web","127168802","8008367","119160435"
"Shutterstock","Web","64154","1525","62629"
"Heroku","Web","1776047","123108","1652939"
"Amazon Music","Media","5466681","832704","4633977"
"Cheetah Mobile","Web","33489","10446","23043"
"Microsoft Word Online (Office 365)","Business Collaboration","127902460","29018634","98883826"
"Microsoft Powerpoint Online (Office 365)","Business Collaboration","46711568","23975727","22735841"
"Signal Private Messenger (Open Whisper Systems)","Internet Instant Messaging","11219566","1757273","9462293"
"Tidal","Media","28645","3700","24945"
"StreamRail","Media","127986","40073","87913"
"Bugsnag","Web","1080745","362413","718332"
"Nintendo","Gaming","1779663","63557","1716106"
"OpenRTB","Web","2153300","1821875","331425"
"ADventori","Web","106312","23225","83087"
"Audible","Real Time Audio/Video","3895936","80111","3815825"
"Flashtalking","Web","23424916","1892342","21532574"
"Aerserv","Web","20848","5250","15598"
"Yieldmo","Web","5875948","910804","4965144"
"Google Classroom","Web","30344","8967","21377"
"Samsung Update","Web","1871453344","211873738","1659579606"
"ULP","Network Service","490206","21613","468593"
"AnyDesk","Remote Desktop","105457","42148","63309"
"MaxCDN","Web","119721","10482","109239"
"Booking.com","Web","29482992","1948673","27534319"
"Walmart","Web","3071392","2655040","416352"
"Avast","Web","4753898","1645708","3108190"
"DocuSign","Web","163637645","32215093","131422552"
"Automatic Data Processing (ADP)","Web","1462952","65277","1397675"
"Microsoft Power BI (Office 365)","Web","266387","68154","198233"
"Kahoot!","Web","1875848","18489","1857359"
"Wall Street Journal","Web","448265","10266","437999"
"Niantic, Inc","Web","202735","49839","152896"
"Meitu","Web","10216563","753956","9462607"
"Snow","Internet Instant Messaging","3695568","108583","3586985"
"Clash Royale","Gaming","41012454","876003","40136451"
"Origin","Web","207015502","6516450","200499052"
"Mail.com","Email","137089","39133","97956"
"United Internet","Web","18139","5701","12438"
"shopee.tw","Web","14154","1748","12406"
"Facebook Lite","Social Networking","4753879","662788","4091091"
"Apptimize","Web","9560","6628","2932"
"Data Saver","Web","403918","43732","360186"
"Youtube Music","Media","459835","70729","389106"
"Akamai Video","Media","415481","136657","278824"
"Fox Networks","Web","206315","8090","198225"
"9GAG","File Sharing","96561128","2096118","94465010"
"Text Me","Internet Instant Messaging","306400","112399","194001"
"Epic_games","Gaming","29661612","1503335","28158277"
"Unreal_engine","Gaming","262542","4442","258100"
"IBM","Web","343243","51390","291853"
"RingCentral","Business Collaboration","11073","3028","8045"
"Alibaba Group","Web","322802","64263","258539"
"ExpressVPN","Tunneling and VPN","121163","50221","70942"
"Future_plc","Web","11788552","273671","11514881"
"Inskin","Web","18154","2281","15873"
"Wish","Web","81917","1268","80649"
"Google Play Books","Web","166616","58379","108237"
"ProtonMail","Email","121120","17116","104004"
"Minecraft","Gaming","436402","4177","432225"
"AWS Console","Business Application","8444483","6276557","2167926"
"Ted Conferences","Web","1717872","52187","1665685"
"HBO","Web","6172","463","5709"
"iBooks","Web","135151","27109","108042"
"Fandom","Web","206470115","22512922","183957193"
"Codepen","Web","46153","1526","44627"
"Megaphone","Web","18385624","462883","17922741"
"TripAdvisor","Web","28438559","2985041","25453518"
"PubNub","Web","9363654","7848521","1515133"
"Unknown virtual protocol","Unclassified","577433","79649","497784"
"Unknown virtual protocol","Unclassified","1408609","28267","1380342"
"Unknown virtual protocol","Unclassified","527349","162501","364848"
"NetEase","Web","147017256","4656659","142360597"
"Unknown virtual protocol","Unclassified","190302","5628","184674"
"Unknown virtual protocol","Unclassified","161484767","2609146","158875621"
"Unknown virtual protocol","Unclassified","3740823","1997358","1743465"
"Unknown virtual protocol","Unclassified","31854678","793215","31061463"
"Discovery Inc","Real Time Audio/Video","25350","10130","15220"
"Bumble","Web","1968782","217692","1751090"
"National Public Radio","Web","382284","13038","369246"
"Acast","Real Time Audio/Video","58876","2930","55946"
"Firework","Internet Instant Messaging","98427","28986","69441"
"BAMTech","Real Time Audio/Video","37097742","18014624","19083118"
"Disney Plus","Real Time Audio/Video","12374697686","333512691","12041184995"
"Apple TV Plus","Real Time Audio/Video","67003954","906268","66097686"
"Quora","Social Networking","2658999","190317","2468682"
"Airbnb","Web","3386795","429980","2956815"
"MediaLab","Web","6940","1302","5638"
"Netease Games","Gaming","656274","200360","455914"
"Workday","Business Application","6777111","859905","5917206"
"StackPath","Web","1039116","84546","954570"
"Uber Eats","Web","117643","8138","109505"
"DoorDash","Web","3756498","2493420","1263078"
"Houseparty","Real Time Audio/Video","43489","8491","34998"
"Roblox","Gaming","567299341","44591351","522707990"
"BridTV","Real Time Audio/Video","100337","3639","96698"
"Microsoft Dynamics","Business Application","116952","54425","62527"
"Digital Turbine","Web","54912","23400","31512"
"Tubi TV","Real Time Audio/Video","6664140","129082","6535058"
"iFunny","Web","12462","1096","11366"
"Demandbase","Web","98743","5330","93413"
"Sift Science","Web","320118","83816","236302"
"Amazon Alexa Assistant","Business Collaboration","208909","32791","176118"
"Yubo","Internet Instant Messaging","1989386","105529","1883857"
"Connatix","Real Time Audio/Video","8271883","1682580","6589303"
"Minute Media","Web","18782518","713045","18069473"
"UserReport","Web","6599584","928663","5670921"
"Xbox Cloud Gaming","Gaming","29041","8282","20759"
"Coursera","Web","575788","31055","544733"
"The Blaze","Web","174995","4982","170013"
"Hotels.com","Web","3945185","964303","2980882"
"Indeed","Web","173998278","78005073","95993205"
"NHL.com","Web","38614258","1438107","37176151"
"Slate Magazine","Web","401158","21697","379461"
"The Telegraph","Web","89315","2414","86901"
"TIME","Web","35525","1075","34450"
"TMZ","Web","1571424","77680","1493744"
"The Walt Disney Company","Web","519729","201947","317782"
"Wired","Web","80979618","1603890","79375728"
"Kickstarter","Web","36450556","846249","35604307"
"FedEx","Web","4171043","1624162","2546881"
"WarnerMedia","Web","10385","1989","8396"
