"Application","Category","Total Bytes","Bytes Received","Bytes Sent"
"BitTorrent","Peer to Peer","417683","35826","381857"
"Domain Name Service","Network Service","3849533948","1643866759","2205667189"
"Google Mail","Email","880333780","106944209","773389571"
"Google Search","Web","727439882","84837725","642602157"
"Google Maps","Web","65047878","10062502","54985376"
"HyperText Transfer Protocol","Web","1340949305","138432211","1202517094"
"HyperText Transfer Protocol Secure","Web","49744108427","4943284464","44800823963"
"Internet Control Message Protocol","Network Service","4253900023","2554342772","1699557251"
"Internet Message Access Protocol version 4","Email","113987468","40681979","73305489"
"Internet Message Access Protocol Secure","Email","19531060","3173576","16357484"
"Internet Protocol","Network Service","0","0","0"
"XMPP Protocol (Jabber)","Business Collaboration","9408778","1383126","8025652"
"Network Time Protocol","Network Service","1344199","756367","587832"
"Real Time Protocol","Business Collaboration","558458040","276304123","282153917"
"Skype and Teams","Business Collaboration","87131572","15424650","71706922"
"Simple Object Access Protocol","Network Service","90873812","62415239","28458573"
"Secure Socket Layer","Tunneling and VPN","26694093809","2902912012","23791181797"
"Session Traversal Utilities for NAT","Business Collaboration","36210563","16207926","20002637"
"Transmission Control Protocol","Other TCP/UDP","7635039670","326344868","7308694802"
"User Datagram Protocol","Other TCP/UDP","132377378493","19311034217","113066344276"
"Wikipedia.com","Web","8547097","341910","8205187"
"Yahoo Mail v.2.0","Email","622583530","102741118","519842412"
"Youtube.com","Media","10787132943","572239598","10214893345"
"Facebook","Social Networking","66334911305","1829824060","64505087245"
"Google Ads","Web","1358558551","187624704","1170933847"
"Windows Live Hotmail","Email","189006802","35721766","153285036"
"WordPress.com","Social Networking","16087457","801260","15286197"
"LinkedIn","Social Networking","500637290","21357534","479279756"
"Apple Generic Services","Web","7810529910","223108940","7587420970"
"Online Certificate Status Protocol","Business Application","14666216","5560607","9105609"
"Xbox Live","Gaming","1569109","208127","1360982"
"ResearchGATE.net","Web","786214","26234","759980"
"Twitter","Social Networking","1236769035","46070248","1190698787"
"iTunes","Media","8504559512","150334660","8354224852"
"Spotify","Media","1751390839","117578769","1633812070"
"TeamViewer","Remote Desktop","113593767","33925903","79667864"
"Bing.com (formerly MSN Search)","Web","410574132","49398856","361175276"
"Baidu.com","Web","168521770","31683416","136838354"
"Teredo protocol","Tunneling and VPN","33825336","32901588","923748"
"Java Update","Web","2795418","323699","2471719"
"Windows Update","Web","11243683000","804999825","10438683175"
"Chrome Update","Web","670172569","24637665","645534904"
"Opera Update","Web","799129","236066","563063"
"Viber","Real Time Audio/Video","207679469","48097115","159582354"
"Netflix.com","Media","12753717173","176659148","12577058025"
"Google Analytics,Google Marketing Platform","Web","204658548","50647468","154011080"
"Google GStatic","Web","1054738570","89174415","965564155"
"Salesforce","Business Application","24719918","6474276","18245642"
"Portal.TidalTV.com","Web","904141","225633","678508"
"Google Generic","Web","877596216","190588081","687008135"
"AccuWeather","Web","19166085","3018941","16147144"
"Amazon Generic Services","Web","4124851785","1442808468","2682043317"
"Blogger","Web","2791186","81356","2709830"
"SlideShare","Web","22016","2617","19399"
"Weather.com","Web","62981900","3561135","59420765"
"Sina.com.cn","Internet Instant Messaging","985491","38525","946966"
"WhatsApp Messenger","Internet Instant Messaging","5987242548","1867663733","4119578815"
"Apple App Store","Web","3140614632","65646713","3074967919"
"Windows Marketplace","Web","1542967110","66329684","1476637426"
"Apple FaceTime","Real Time Audio/Video","3876714168","1743215991","2133498177"
"Apple Push Notification Service","Web","250491201","154694745","95796456"
"iOS over-the-air (OTA) update","Web","2372021286","33741073","2338280213"
"Samsung Apps","Web","150214135","15715206","134498929"
"Google Play Store","Media","925518156","266992548","658525608"
"iCloud (Apple)","Storage and Backup","3974778428","2174997328","1799781100"
"Instagram","Web","46162459799","1719343620","44443116179"
"SoundCloud","Media","107320255","7521559","99798696"
"Amazon Web Services/Cloudfront CDN","Infrastructure","14411604045","4126889944","10284714101"
"QQ.com","Web","455977553","51790836","404186717"
"163.com","Web","905342","431082","474260"
"Sohu.com","Web","2443934","74232","2369702"
"Akamai Technologies CDN","Web","1532825976","38712444","1494113532"
"Limelight Networks CDN","Web","649168051","41016507","608151544"
"Microsoft Azure (previously Windows Azure)","Infrastructure","97855691","6484210","91371481"
"ISO Base Media File Format","Real Time Audio/Video","666158472","10160729","655997743"
"Yahoo.com","Web","2802830976","197533456","2605297520"
"WeChat","Internet Instant Messaging","4451730706","439535213","4012195493"
"Tencent.com","Internet Instant Messaging","683593697","6362316","677231381"
"CloudFlare CDN","Infrastructure","3930708422","353010268","3577698154"
"Microsoft Office 365","Business Collaboration","467668580","50089588","417578992"
"Zoho Corporation","Business Application","114201510","65883789","48317721"
"Nokia Here API","Web","6465953","412087","6053866"
"Microsoft SharePoint Online (Office 365)","Business Application","9107841","1982885","7124956"
"Pinterest","Web","755520789","44331978","711188811"
"Microsoft Outlook (Office 365)","Business Application","1164099975","210450802","953649173"
"Reddit.com","Web","1002231758","30065284","972166474"
"Apple SIRI","Web","43405463","25604747","17800716"
"Imgur.com","Storage and Backup","725392058","10421571","714970487"
"Google Documents (aka Google Drive)","Storage and Backup","88494324","8153978","80340346"
"WebSocket","Network Service","2901100","132913","2768187"
"Paypal.com","Web","101442751","9279409","92163342"
"Google Accounts","Web","67462379","17305321","50157058"
"Amazon Ad System","Web","210583429","39316387","171267042"
"Aol","Web","6359169","947405","5411764"
"Snapchat","Social Networking","4118712803","417760480","3700952323"
"AddThis","Web","10995599","1019135","9976464"
"uTorrent","Peer to Peer","1184811","848854","335957"
"Turn","Web","2912040","686443","2225597"
"ScorecardResearch","Web","39895198","6617478","33277720"
"Quantcast","Web","16726441","2855011","13871430"
"Telegram","Internet Instant Messaging","303100324","37409649","265690675"
"Symantec","Web","4205336","1216802","2988534"
"Oracle","Web","6678562","1694224","4984338"
"Bitstrips","Social Networking","55088945","2491509","52597436"
"TRUSTe","Web","23849793","2160842","21688951"
"Criteo","Web","194595284","53619931","140975353"
"Adobe","Business Application","857924550","134641006","723283544"
"Google Safe Browsing","Web","10111930","2435524","7676406"
"Inneractive","Web","58034204","41569048","16465156"
"Flurry","Business Application","55143537","12940509","42203028"
"Samsung","Web","127866980","42774078","85092902"
"Crashlytics","Web","21751110","3081169","18669941"
"Twitch","Media","743795715","22703930","721091785"
"BoldChat Live Chat","Internet Instant Messaging","980434","393979","586455"
"Facebook Messenger","Internet Instant Messaging","1567564499","621719102","945845397"
"AppsFlyer","Business Application","41513691","10526800","30986891"
"Gravatar","Business Collaboration","1464547","235687","1228860"
"Fetion","Internet Instant Messaging","732421","37116","695305"
"FreeWheel","Web","9388622","324037","9064585"
"Nielsen","Web","6455839","918259","5537580"
"Stickyads","Web","16011443","6331203","9680240"
"Smart AdServer","Web","90517708","40437157","50080551"
"Taobao Ad Network and Exchange","Web","1200899","501840","699059"
"Google Cloud Storage","Web","313206156","191627011","121579145"
"Google Cloud Messaging","Web","117740860","36779199","80961661"
"Google Calendar","Web","15661307","5548601","10112706"
"Apple Location","Web","1419878702","162013931","1257864771"
"OpenX","Web","7658932","2319740","5339192"
"PubMatic","Web","108736502","72355923","36380579"
"Index Exchange (previously Casale Media)","Web","27363327","8593123","18770204"
"LOTAME","Web","6086312","1172397","4913915"
"Rubicon Project","Web","105035990","37177373","67858617"
"CPMSTAR","Web","41380","7969","33411"
"Sizmek (previously MediaMind)","Web","9902193","725034","9177159"
"AppNexus","Web","289486722","198163337","91323385"
"Rlcdn","Web","9694449","1620523","8073926"
"HyperText Transfer Protocol version 2","Web","8230772631","370031692","7860740939"
"Advertising.com","Web","8726095","1988703","6737392"
"Google Tag Manager","Web","192377030","9147693","183229337"
"Facebook Embedded Video","Media","2936141993","45179050","2890962943"
"Ad Safe Protected","Web","94094139","14596372","79497767"
"Adjust.com","Web","10741339","4622924","6118415"
"Scotiabank","Web","21588121","4074085","17514036"
"Atlas Solutions","Web","517443","179904","337539"
"Urbanairship","Web","6717522","1745245","4972277"
"BootstrapCDN","Web","3637350","258484","3378866"
"Apple Music","Media","515525835","9680420","505845415"
"Outbrain","Web","50527941","10180169","40347772"
"LogMeIn","Remote Desktop","114352","6271","108081"
"Fastly","Web","4313450","224671","4088779"
"Unruly","Web","3968474","1697687","2270787"
"Rogers TV","Web","64406574","4592249","59814325"
"UpLynk","Web","537506","117622","419884"
"Applovin","Web","516848454","148492812","368355642"
"Android connectivity Manager","Network Service","10844302","5734377","5109925"
"Moat","Web","115182629","34703247","80479382"
"Krux","Web","6717656","747332","5970324"
"Microsoft Office OneNote (Office 365)","Business Application","29384786","9368445","20016341"
"Heap","Web","270718545","233642718","37075827"
"Branch Metrics","Web","95570022","14412931","81157091"
"Optimizely","Web","48138533","15543468","32595065"
"Taboola","Web","142261439","20149517","122111922"
"Rackspace","Web","1771921126","150460132","1621460994"
"Signal","Web","213210","34742","178468"
"LiveChat","Web","3830865","240102","3590763"
"Ensighten","Web","2411651","277524","2134127"
"Smaato","Web","9695853","5488978","4206875"
"Verizon","Web","2913966","1693824","1220142"
"MediaMath","Web","5569523","2200765","3368758"
"LKQD","Web","3661078","1464980","2196098"
"jQuery","Web","8852665","509020","8343645"
"Everest Technologies","Web","10623252","2977362","7645890"
"TubeMogul","Web","328832","57658","271174"
"SpotXchange","Web","5507949","2277046","3230903"
"Microsoft OneDrive","Web","930424078","435502842","494921236"
"Microsoft","Web","3677901437","683831352","2994070085"
"Umeng","Web","11406672","5809820","5596852"
"Revcontent","Web","4419447","798764","3620683"
"New Relic","Web","270891595","172184868","98706727"
"Google Photos (formerly Google Picasa)","Web","8033434","1232326","6801108"
"Liftoff","Web","1932273","627225","1305048"
"Baidu Maps","Web","265863","96340","169523"
"Uber (formerly UberCab)","Web","3263169633","2428675308","834494325"
"QQVideo","Web","180539064","2456182","178082882"
"Conversant","Web","6943519","2389244","4554275"
"Bazaarvoice","Web","41706226","2101176","39605050"
"Teads","Web","22099135","2799172","19299963"
"Adform","Web","53131026","10559199","42571827"
"HyperText Transfer Protocol proxy","Network Service","1600910","831358","769552"
"Innovid","Web","206331514","6203581","200127933"
"GIPHY","Web","122423506","2453029","119970477"
"Firebase Cloud Messaging","Web","320617046","137943121","182673925"
"Bidswitch","Web","72910778","38057096","34853682"
"Clash of Clans","Gaming","98529252","3507148","95022104"
"Amazon Music","Media","25291436","4384021","20907415"
"Bugsnag","Web","2183155","896288","1286867"
"Apple Game Center","Gaming","7683836","1674176","6009660"
"Tealium","Web","9371581","2763170","6608411"
"Flashtalking","Web","23610575","3313308","20297267"
"Sharethrough","Web","65014731","30212432","34802299"
"AdColony","Web","11541872","3812552","7729320"
"Yieldmo","Web","9706057","1941168","7764889"
"Huawei","Web","5083513","1460381","3623132"
"MGID","Web","7320922","435751","6885171"
"DoubleVerify","Web","76143195","18631792","57511403"
"Media Innovation Group","Web","1320783","337631","983152"
"Avast","Web","201508433","13899187","187609246"
"Okta","Web","60697446","14664836","46032610"
"PulsePoint","Web","5952236","1840262","4111974"
"eXelate","Web","1603572","423408","1180164"
"Optus","Web","318527","28735","289792"
"Amplitude","Web","141400354","128516036","12884318"
"T-Mobile","Web","10448095","1452344","8995751"
"Google Cloud Platform","Web","15207170","3862366","11344804"
"Meitu","Web","25341638","5332480","20009158"
"Microsoft teams","Internet Instant Messaging","1490274139","108087537","1382186602"
"Tenor","Web","59555531","1483115","58072416"
"Cisco","Web","7562933","3244325","4318608"
"IronSource","Business Application","369978456","27361710","342616746"
"Disqus","Web","15130008","1048593","14081415"
"Grammarly","Web","17518478","4687910","12830568"
"Simpli.fi","Web","2790526","515747","2274779"
"ByteDance","Web","426997602","222083824","204913778"
"TikTok (Musical.ly)","Social Networking","27296662995","945175956","26351487039"
"Visual IQ","Web","440525","135204","305321"
"Alibaba Group","Web","1281747","246932","1034815"
"Alibaba Cloud","Web","18882186","3458975","15423211"
"Discord","Internet Instant Messaging","1380850139","102934790","1277915349"
"Apple News","Web","157908669","7689466","150219203"
"Google GSuite","Web","6987305","5673466","1313839"
"Google APIs","Web","2243439507","818798795","1424640712"
"Amazon Cognito","Web","24438571","8252513","16186058"
"Unknown virtual protocol","Unclassified","602476755","21957851","580518904"
"NetEase","Web","3763029","322481","3440548"
"Unknown virtual protocol","Unclassified","2213455523","45108176","2168347347"
"Google Pay","Web","12027139","2139665","9887474"
"Wireguard","Tunneling and VPN","1642984752","232326402","1410658350"
"Google Messages","Internet Instant Messaging","21700045","11919984","9780061"
"Quora","Social Networking","17293952","1269901","16024051"
"Netease Games","Gaming","2938557","308057","2630500"
"Baidu Tieba","Social Networking","286570","100152","186418"
"Wangwang","Internet Instant Messaging","2446448","1009502","1436946"
"DoorDash","Web","529254734","266340600","262914134"
"Spotify Audio","Real Time Audio/Video","1403659863","19768341","1383891522"
"Connatix","Real Time Audio/Video","79830051","3689372","76140679"
"UserReport","Web","696493","116163","580330"
"Pendo","Web","26303875","10645685","15658190"
"Go Daddy","Web","7434255","249933","7184322"
"Contentful","Web","117299798","5314613","111985185"
"Coursera","Web","2588332","228415","2359917"
"Nvidia","Web","86266","6131","80135"
"Geforce Now","Gaming","229714","62896","166818"
"Bilibili","Web","530047591","19804006","510243585"
"Digicert","Web","42433149","3616017","38817132"
"Datadog","Web","3064352","2674991","389361"
"Font Awesome","Web","13946626","925092","13021534"
"Intercom","Web","77119731","28979612","48140119"
"SD-WAN Control","SD-WAN","28524531464","15628987519","12895543945"
"SD-WAN Management","SD-WAN","4231393536","1770375334","2461018202"
"TencentMeeting","Business Collaboration","386090375","78427173","307663202"
"McAfee Client update","Business Application","160527308","15459709","145067599"
"Yahoo Search","Web","2518853","201878","2316975"
"Secure AIM","Internet Instant Messaging","638271","108722","529549"
"Tumblr","Social Networking","353433967","5990467","347443500"
"AlJazeera.net","Web","6837805","782477","6055328"
"CNN (Cable News Network)","Web","12821481","2221735","10599746"
"Daum.net","Web","22660468","1676670","20983798"
"Google App Engine","Business Application","66367103","3869366","62497737"
"KakaoTalk","Internet Instant Messaging","45867422","6997635","38869787"
"Apple Maps","Web","2130160","90383","2039777"
"InMobi","Web","31019134","14765651","16253483"
"Turner","Web","15049037","611415","14437622"
"Mixpanel","Web","8979657","6389866","2589791"
"quic","Network Service","130434106","103249665","27184441"
"ZoomMeetings","Business Collaboration","4049620043","2432583119","1617036924"
"IMO Video Calling Application","Media","18614729","10032794","8581935"
"Booking.com","Web","49043370","3351496","45691874"
"Sonobi","Web","8077313","3076503","5000810"
"Kakao","Web","691163","168602","522561"
"Data Saver","Web","130309282","1356894","128952388"
"IBM","Web","118655","11898","106757"
"Vungle","Web","146812617","5488281","141324336"
"Unknown virtual protocol","Unclassified","43982982","7989718","35993264"
"Unknown virtual protocol","Unclassified","129927226","58420011","71507215"
"Unknown virtual protocol","Unclassified","5970877","3321685","2649192"
"Likee","Internet Instant Messaging","1900157","532664","1367493"
"Border Gateway Protocol","Network Service","1514","1016","498"
"Dailymotion.com","Media","3263925","480135","2783790"
"eBay.com","Web","52447545","6961826","45485719"
"Google Earth","Web","2789197","785072","2004125"
"GPRS Tunneling Protocol","Tunneling and VPN","928309042","150954637","777354405"
"IPsec (AH and ESP)","Tunneling and VPN","90247282","28234252","62013030"
"Internet Security Association and Key Management Protocol","Tunneling and VPN","270864012","19483318","251380694"
"Lighweight Directory Access Protocol","Authentication","244507","5596","238911"
"Netbios Name Service","Network Service","1170","1170","0"
"Post Office Protocol (Version 3)","Email","20071413","226808","19844605"
"Secure POP3","Email","1352784","107958","1244826"
"Point-to-Point Protocol","Tunneling and VPN","505864","223549","282315"
"QQ","Internet Instant Messaging","5461735","1651537","3810198"
"Real Time Control Protocol","Business Collaboration","65330275","39495046","25835229"
"Real Time Streaming Protocol","Media","102281","18453","83828"
"SAP","Business Application","28097","14886","13211"
"Session Initiation Protocol","Business Application","33939","18950","14989"
"Simple Mail Transfer Protocol","Email","6057385","5841620","215765"
"Secure Shell","Tunneling and VPN","15412","6164","9248"
"MPEG-Transport Stream","Real Time Audio/Video","1039499375","7815091","1031684284"
"Simple Network Paging Protocol","Network Service","24354","5495","18859"
"Xunlei/Thunder protocol","Peer to Peer","8397","3047","5350"
"Expedia.fr","Web","6052620","2454207","3598413"
"Travelocity.com","Web","18821","2035","16786"
"Realtor.com","Web","33035","3657","29378"
"Flickr","Social Networking","154261","7224","147037"
"Mail.ru Webmail","Email","39376","8833","30543"
"Steampowered.com","Gaming","86727747","27195292","59532455"
"Bolt","Web","124521","9830","114691"
"DeviantArt.com","Web","606663","69939","536724"
"Foursquare.com","Web","370299","106040","264259"
"Last.fm","Media","4603287","396202","4207085"
"LiveJournal.com","Social Networking","3685","416","3269"
"Odnoklassniki.ru","Social Networking","32561","6986","25575"
"Vk.com (Vkontakte)","Social Networking","28564","5301","23263"
"Vox.com","Web","105811","39947","65864"
"Yelp.com","Web","6846027","238525","6607502"
"Yandex.ru","Web","3134806","888620","2246186"
"Adobe Flash Plugin Update","Web","40445","4625","35820"
"Firefox Update","Web","13794921","374667","13420254"
"Apple Update","Web","4071862","69102","4002760"
"Inter Asterisk eXchange","Real Time Audio/Video","217540026","146005286","71534740"
"QQLive Network Player","Media","94085","59283","34802"
"BitDefender Update","Web","9697714","3622237","6075477"
"Symantec Norton AntiVirus Updates","Web","1699337","16598","1682739"
"Kaspersky Update","Web","1059","770","289"
"Garena","Web","153828","6677","147151"
"Microsoft SharePoint","Business Application","10408574","897794","9510780"
"Box","File Sharing","45567454","1372490","44194964"
"Dropbox","Storage and Backup","426424077","86952295","339471782"
"Google Translate","Web","2319043","615732","1703311"
"iHeartRADIO","Media","18077114","676710","17400404"
"Psiphon","Web","272673","44641","228032"
"Shutterfly.com","Web","88556","29722","58834"
"Tokbox.com","Web","872607486","7454998","865152488"
"YouKu","Media","18150917","1398262","16752655"
"Zoho CRM","Business Application","10536","1252","9284"
"WebEx","Business Collaboration","707902","118325","589577"
"Slingbox","Media","4989362","147067","4842295"
"BlackBerry.com","Web","13323058","3477360","9845698"
"Flash Media Playback","Media","8264296","149766","8114530"
"10086.cn","Web","20441","7787","12654"
"ABCNews","Web","174083","21798","152285"
"Acer","Web","110642","27465","83177"
"Adobe Acrobat DC (Document Cloud)","Web","7597052","1164787","6432265"
"Alexa","Web","32634","3728","28906"
"AmericanExpress","Web","45281","11467","33814"
"Capital One","Web","21393775","2609890","18783885"
"Cnet.com","Web","12725","1380","11345"
"Comcast","Web","33762024","1436860","32325164"
"Daily Mail","Web","20331991","568162","19763829"
"FoxSports.com","Web","3165523","145585","3019938"
"Groupon","Web","6922008","314042","6607966"
"Intuit.com","Business Application","221532","60943","160589"
"Kaspersky.com","Web","143673","81380","62293"
"Mashable.com","Web","126879","3887","122992"
"Match.com","Web","24577","14529","10048"
"Monster.com","Web","22495","5257","17238"
"Mozilla.com - Mozilla.org","Web","24592567","5472302","19120265"
"National-lottery.co.uk","Web","440446","82194","358252"
"Naver Corporation (formerly NHN Corporation)","Web","266517703","10637819","255879884"
"NBA.com","Web","8580","1399","7181"
"National Football League (NFL.com)","Web","5217083","484184","4732899"
"Nike.com","Web","16581028","2597033","13983995"
"NYTimes.com","Web","673036","26830","646206"
"PlayStation.com","Web","304908","11493","293415"
"Reuters.com","Web","1824424","66655","1757769"
"Sports Illustrated","Web","144877","3196","141681"
"SurveyMonkey.com","Web","198188","15664","182524"
"Vimeo","Web","326039713","6405226","319634487"
"Xbox","Gaming","1399767","68704","1331063"
"Xvideos.com","Media","18187","8691","9496"
"Youdao.com","Web","3792318","1655472","2136846"
"OICQ","Internet Instant Messaging","78200","44269","33931"
"Sina Weibo","Web","41095","8554","32541"
"Taobao","Web","71254200","6629246","64624954"
"QQ WeiBo","Web","103335","36453","66882"
"GMX webmail","Email","838336","14251","824085"
"Line","Internet Instant Messaging","11707670","875353","10832317"
"Scribd.com","Web","1600718","308011","1292707"
"Shazam","Web","841191","52579","788612"
"TuneIn","Real Time Audio/Video","30877","3812","27065"
"Chosun services","Web","6456620","324787","6131833"
"Coupang","Web","1966171","249663","1716508"
"Zum.com","Web","178734","18381","160353"
"Donga.com","Web","948701","44304","904397"
"Hankyung.com","Web","4123463","257340","3866123"
"The Kyunghyang Shinmun","Web","26908065","1774450","25133615"
"Nate.com","Web","61514","11073","50441"
"SportsSeoul.com","Web","15907343","490487","15416856"
"Ticketmonster.co.kr","Web","78732","12778","65954"
"KBS (Korean Broadcasting System)","Web","1473","309","1164"
"Amazon Prime Video","Media","1089453250","43803821","1045649429"
"Ifeng.com","Web","528297","452596","75701"
"Tmall.com","Web","198606","41009","157597"
"Alipay","Web","8742896","1985530","6757366"
"Sogou.com","Web","185851","85866","99985"
"360.cn","Web","59614","41192","18422"
"Alibaba.com","Web","5399984","1163721","4236263"
"People.com.cn","Web","859932","91850","768082"
"Alimama.com","Web","1797","682","1115"
"51.la","Web","180941","73487","107454"
"Zynga.com","Gaming","27358049","4892855","22465194"
"Datagram Transport Layer Security","Tunneling and VPN","100489306","27264854","73224452"
"MiTalk Messenger (Miliao)","Internet Instant Messaging","290187","19586","270601"
"MEGA","Peer to Peer","63262","25871","37391"
"Rakuten.co.jp","Web","896125","198326","697799"
"Chinatimes.com","Web","137055","8401","128654"
"Ctrip.com","Web","2946026","107886","2838140"
"QQ Games","Gaming","251266","115248","136018"
"QQ Mail","Email","358136","107190","250946"
"QQ News","Web","16398643","2877299","13521344"
"Qunar.com","Web","137420","23031","114389"
"Udn.com","Web","36149","15219","20930"
"Pornhub","Web","1053709","669746","383963"
"Google Talk (incl. Hangouts and Allo and Duo)","Real Time Audio/Video","3976900","1516557","2460343"
"Speedtest","File Sharing","152033","105715","46318"
"ESPN.go.com","Web","21469123","1468333","20000790"
"MapQuest.com","Web","261269","11229","250040"
"BuzzFeed.com","Web","148250","74128","74122"
"Internet Movie Database","Web","511848","67383","444465"
"ThePirateBay.se","Web","53308","2869","50439"
"xHamster.com","Web","2505","319","2186"
"JingDong","Web","1374800","568102","806698"
"Bet365.com","Web","230130","41241","188889"
"ITV Player","Real Time Audio/Video","1419878","59108","1360770"
"Saavn Bollywood Music","Media","226233","11185","215048"
"BBC","Web","10664798","569607","10095191"
"AVG.com","Web","1065885","131553","934332"
"Marca.com","Web","79861","17320","62541"
"Apple HTTP Live Streaming","Real Time Audio/Video","4709864553","35866551","4673998002"
"B92.net","Web","42128","2912","39216"
"Indiatimes","Web","507707","41276","466431"
"Kijiji.ca","Web","32704970","5605188","27099782"
"Internet Small Computer Systems Interface","Network Service","614","184","430"
"Background Intelligent Transfer Service","File Sharing","66338754","4458980","61879774"
"Marktplaats.nl","Web","56583","13055","43528"
"Sahibinden.com","Web","3550","601","2949"
"Seznam.cz","Web","57091","3366","53725"
"Hotspot Shield","Tunneling and VPN","56003","17679","38324"
"Conviva","Infrastructure","2000945","891938","1109007"
"AliExpress.com","Web","56250642","3505379","52745263"
"Avaz.ba","Web","11049177","560678","10488499"
"Bild.de","Web","740462","131288","609174"
"Rt.com","Web","331552","59794","271758"
"Wp.pl","Web","6057","1326","4731"
"Onet.pl","Web","442415","27476","414939"
"Stuff.co.nz","Web","2750785","351385","2399400"
"Zing.vn","Web","12463","2426","10037"
"Bittorrent Apps","Peer to Peer","734","92","642"
"Eltiempo","Web","16473","7770","8703"
"Fox Business Network","Web","331421","40882","290539"
"News","Web","4475646","123892","4351754"
"Gameloft Games","Gaming","67592","18129","49463"
"Naver","Web","1162589","37765","1124824"
"Yadro","Web","9794","3676","6118"
"Candy Crush Saga","Gaming","3918791","1321744","2597047"
"King Digital Entertainment","Gaming","1987157","176632","1810525"
"Waze Social GPS Maps & Traffic","Web","38122891","2193766","35929125"
"Almasryalyoum","Web","1143596","135947","1007649"
"Zendesk","Business Collaboration","12952639","544272","12408367"
"Brightcove","Media","675681264","18275531","657405733"
"Apsalar","Business Application","23196","5269","17927"
"Xiaomi","Web","4995286","1358325","3636961"
"zalo","Internet Instant Messaging","28623545","10282039","18341506"
"battlenet","Gaming","87120605","16219985","70900620"
"Ukr","Web","447254","148036","299218"
"AAJTAK","Web","55848","2471","53377"
"Eksisozluk","Web","52437","1557","50880"
"Cedexis","Web","5734059","1694132","4039927"
"Amazon Cloud Drive","Web","14257177","13481897","775280"
"Lazada","Web","6267164","374218","5892946"
"Elfagr","Web","23297","2488","20809"
"Flipboard","Web","2898231","202104","2696127"
"ADTECH","Web","3755336","169686","3585650"
"AOL One","Web","1963082","509610","1453472"
"Realestate","Web","112955","21410","91545"
"Constant Contact","Web","2736009","120438","2615571"
"GitHub","Web","2846852","54473","2792379"
"Skynewsarabia","Web","380041","18670","361371"
"Atlassian","Web","570482","279792","290690"
"Public website of Luxemburg Government","Web","833698","41086","792612"
"Kakaocdn","Infrastructure","10255824","321925","9933899"
"Bizographics","Web","7402070","137286","7264784"
"Helpshift","Web","1021650","203480","818170"
"Yallakora","Web","3611","1798","1813"
"Ebay.classifieds","Web","1281465","17609","1263856"
"CBS Video","Web","5742811","157939","5584872"
"Disney Channel","Web","2769488","113074","2656414"
"NBC","Web","10523096","747011","9776085"
"Localytics","Web","6583748","3099697","3484051"
"MoPub","Web","140390","52130","88260"
"Microsoft Translator (Bing Translator)","Web","19331","2833","16498"
"Perform","Web","3244375","137595","3106780"
"Periscope","Media","1619974","72026","1547948"
"Olark","Web","697030","38259","658771"
"Liveperson","Web","15824803","1944485","13880318"
"Zopim","Web","1531432","307502","1223930"
"Mapbox","Web","4602116","230883","4371233"
"Liberty Times Net","Web","4735202","208026","4527176"
"Google Code","Web","2644","567","2077"
"Rollout","Web","42585","9087","33498"
"Microsoft Excel Online (Office 365)","Web","20565","3191","17374"
"Riffsy (Tenor.co)","Web","4184700","87265","4097435"
"Braintree","Web","424486","107993","316493"
"QINIU","Web","2472","138","2334"
"Lookout Mobile Security","Business Application","23134","17239","5895"
"Dai Ky Nguyen","Web","56464","1363","55101"
"Bleacher Report","Web","128021","3145","124876"
"Elbotola","Web","1447199","37963","1409236"
"Hola Web Proxy","Web","191643","63571","128072"
"MobFox","Web","15297","2709","12588"
"Slack","Web","58899137","2594114","56305023"
"Younow","Web","4386704","1957770","2428934"
"MQ Telemetry Transport","Network Service","1231","674","557"
"Clicktale","Web","3627649","2279916","1347733"
"Adk2","Web","29919","3111","26808"
"hotjar","Web","28069357","10645170","17424187"
"Pokemon GO","Gaming","44431216","3789272","40641944"
"CDNetworks","Infrastructure","32358254","1010836","31347418"
"Weborama","Web","80254","16380","63874"
"Highwinds","Web","751620","31952","719668"
"Wix","Web","21397460","2496807","18900653"
"Tinder","Web","80142310","2784049","77358261"
"Eskimi","Web","42037","9348","32689"
"Heroku","Web","5117656","2916843","2200813"
"Supercell","Gaming","26781423","781318","26000105"
"Cheetah Mobile","Web","8676","1774","6902"
"Microsoft Word Online (Office 365)","Business Collaboration","7030271","782457","6247814"
"Signal Private Messenger (Open Whisper Systems)","Internet Instant Messaging","62645757","20464728","42181029"
"Tidal","Media","16635","9175","7460"
"StreamRail","Media","254947","47732","207215"
"Nintendo","Gaming","20948940","1486775","19462165"
"ADventori","Web","139853","27741","112112"
"Audible","Real Time Audio/Video","319761","161985","157776"
"Dnevnik","Web","1405865","40705","1365160"
"HK Observatory","Web","89689","10596","79093"
"Google Classroom","Web","19594","3197","16397"
"Samsung Update","Web","2295635995","68484532","2227151463"
"ULP","Network Service","1531091","59122","1471969"
"AnyDesk","Remote Desktop","199126","80834","118292"
"Livescore","Web","8473380","1338927","7134453"
"Savefrom","Web","56000","6634","49366"
"MaxCDN","Web","42049","7963","34086"
"Zhihu","Web","3222932","211631","3011301"
"Walmart","Web","1153329","966498","186831"
"DocuSign","Web","10961160","1608448","9352712"
"Automatic Data Processing (ADP)","Web","20106326","573337","19532989"
"Autodesk Fusion 360","Tunneling and VPN","1886211","219358","1666853"
"Cloudinary","Web","53283890","972320","52311570"
"Google Secure User Plane Location","Web","344563","58764","285799"
"Chunghwa Telecom","Web","382650","56223","326427"
"Wall Street Journal","Web","2523092","140066","2383026"
"ChinaNetCenter ","Web","37788","12391","25397"
"Niantic, Inc","Web","875027","95234","779793"
"Snow","Internet Instant Messaging","174664","49822","124842"
"Clash Royale","Gaming","165854","24954","140900"
"Origin","Web","140084","28814","111270"
"Instructure","Web","738090","28287","709803"
"Mail.com","Email","655455","159602","495853"
"United Internet","Web","55687","16343","39344"
"Workplace By Facebook","Social Networking","6808","5352","1456"
"shopee.tw","Web","8886675","654350","8232325"
"Electronic Arts","Web","152040","30793","121247"
"Facebook Lite","Social Networking","2738520","539255","2199265"
"Apache Thrift","Network Service","227637","196797","30840"
"Demonware","Web","8913","2579","6334"
"Digioh","Web","1177239","33998","1143241"
"Apptimize","Web","2917378","688540","2228838"
"UC Browser","Web","6565670","3292177","3273493"
"x_vpn","Tunneling and VPN","155503","33249","122254"
"Mediascope","Web","28219","5680","22539"
"YouTube Kids","Media","3102398","79403","3022995"
"Vero","Social Networking","388079","50904","337175"
"Adtelligent","Web","1533740","458362","1075378"
"Youtube Music","Media","1142847001","1083217791","59629210"
"Akamai Video","Media","1207626","272604","935022"
"Splunk Cloud","Storage and Backup","170058","76965","93093"
"Fox Networks","Web","77215","12828","64387"
"9GAG","File Sharing","8147853","262161","7885692"
"Text Me","Internet Instant Messaging","3795423","1686757","2108666"
"AnchorFree","Tunneling and VPN","74044","34987","39057"
"Epic_games","Gaming","1021520","48194","973326"
"Line2","Internet Instant Messaging","97918","29862","68056"
"RingCentral","Business Collaboration","234092","35171","198921"
"Google News","Web","112459","18423","94036"
"Google One","Web","14597","818","13779"
"League of Legends","Gaming","4276824","2713351","1563473"
"Discourse","Web","104920","10932","93988"
"Future_plc","Web","13014296","250413","12763883"
"Inskin","Web","18467","5356","13111"
"Monday.com","Web","21131","3083","18048"
"Wish","Web","30366354","2118276","28248078"
"ProtonMail","Email","692287","195959","496328"
"Ted Conferences","Web","22916","9906","13010"
"Prezi","Web","1040509","48978","991531"
"Opera VPN","Tunneling and VPN","62868","12750","50118"
"iBooks","Web","442005","142384","299621"
"Tesla","Web","325981","104182","221799"
"AnonyTun","Tunneling and VPN","155917","57933","97984"
"W3Schools","Web","1699485","64286","1635199"
"OpenSignal","Web","5821","1418","4403"
"Megaphone","Web","50591992","1117068","49474924"
"TripAdvisor","Web","15056619","736775","14319844"
"Moodle","Social Networking","5049772","155758","4894014"
"DAZN","Real Time Audio/Video","854858938","5335526","849523412"
"PubNub","Web","143638","41291","102347"
"Unknown virtual protocol","Unclassified","426582965","55436100","371146865"
"Unknown virtual protocol","Unclassified","30364225","1124769","29239456"
"Unknown virtual protocol","Unclassified","167426","50213","117213"
"Unknown virtual protocol","Unclassified","8216","2664","5552"
"Unknown virtual protocol","Unclassified","5489","1082","4407"
"Unknown virtual protocol","Unclassified","10295","4032","6263"
"Bumble","Web","101915148","8593398","93321750"
"Qwant","Web","57454","2291","55163"
"National Public Radio","Web","2662376","48793","2613583"
"Firework","Internet Instant Messaging","347351","46673","300678"
"JWPLAYER","Web","183357974","3187738","180170236"
"Bigo","Web","4096829","1039068","3057761"
"BAMTech","Real Time Audio/Video","98389998","7955316","90434682"
"Disney Plus","Real Time Audio/Video","666696821","3690539","663006282"
"Apple TV Plus","Real Time Audio/Video","50400226","274383","50125843"
"Agora","Network Service","37897","11130","26767"
"Toutiao","Web","385586","52107","333479"
"Xigua Video","Real Time Audio/Video","27653592","3155368","24498224"
"Tuchong","Web","18492","12332","6160"
"Airbnb","Web","11236030","1679743","9556287"
"Activision-Blizzard","Web","1021087","38761","982326"
"MediaLab","Web","6627907","5341098","1286809"
"Workday","Business Application","7455891","1199600","6256291"
"Shopify","Web","43783812","1287941","42495871"
"StackPath","Web","335468","22871","312597"
"Ximalaya","Real Time Audio/Video","5744355","116202","5628153"
"Uber Eats","Web","4339274","818390","3520884"
"Houseparty","Real Time Audio/Video","13761","1312","12449"
"Roblox","Gaming","1103937820","82214208","1021723612"
"BridTV","Real Time Audio/Video","168438","13803","154635"
"Acronis Cloud","Web","21622","5739","15883"
"Acronis Backup","File Sharing","258495","32544","225951"
"Citrix","Web","134825","47758","87067"
"Microsoft Dynamics","Business Application","7203","1533","5670"
"Digital Turbine","Web","10039","1261","8778"
"Pluto TV","Real Time Audio/Video","7486969","288921","7198048"
"adRise","Real Time Audio/Video","57511","4855","52656"
"Tubi TV","Real Time Audio/Video","1424873","56639","1368234"
"iFunny","Web","12202","836","11366"
"Demandbase","Web","985975","30109","955866"
"KOCHAVA","Web","1440223","434368","1005855"
"Sift Science","Web","414657","117258","297399"
"Amazon Alexa Assistant","Business Collaboration","261759","64157","197602"
"Minute Media","Web","174718226","5694141","169024085"
"Jitsi","Real Time Audio/Video","35867","3735","32132"
"The Blaze","Web","3036537","404782","2631755"
"WordReference.com","Web","272622","15842","256780"
"E! Online","Web","238949","5273","233676"
"Hotels.com","Web","23860","2396","21464"
"Indeed","Web","64590688","12656941","51933747"
"NHL.com","Web","19267321","696433","18570888"
"Official Major League Baseball","Web","47148","3160","43988"
"The Telegraph","Web","729089","23756","705333"
"The Free Dictionary","Web","210680","22189","188491"
"OnlyFans","Web","9973","2223","7750"
"Call of Duty Mobile","Gaming","123560730","7832556","115728174"
"The Walt Disney Company","Web","212609","50625","161984"
"Wired","Web","54356239","317327","54038912"
"Kickstarter","Web","2808577","121879","2686698"
"FedEx","Web","5678964","516756","5162208"
"Kayak","Web","52961966","9199666","43762300"
"Eventbrite","Web","1987410","17081","1970329"
"WarnerMedia","Web","304947","10326","294621"
"ICA Real Time","Remote Desktop","2352","1080","1272"
