"Application","Category","Total Bytes","Bytes Received","Bytes Sent"
"Domain Name Service","Network Service","947620100","423270186","524349914"
"Google Mail","Email","1441450290","208624931","1232825359"
"Google Search","Web","1216934233","184613867","1032320366"
"Google Maps","Web","65900315","5077205","60823110"
"HyperText Transfer Protocol","Web","432323350322","3758830297","428564520025"
"HyperText Transfer Protocol Secure","Web","19689332023","1575389814","18113942209"
"Internet Control Message Protocol","Network Service","4254932259","2574071418","1680860841"
"Internet Message Access Protocol version 4","Email","96944861","35281834","61663027"
"Internet Message Access Protocol Secure","Email","133564783","8504838","125059945"
"Internet Protocol","Network Service","0","0","0"
"XMPP Protocol (Jabber)","Business Collaboration","13318723","2679807","10638916"
"McAfee Client update","Business Application","260529482","37364334","223165148"
"Network Time Protocol","Network Service","230746","109328","121418"
"Remote Desktop Protocol (Windows Terminal Server)","Remote Desktop","249461","144286","105175"
"Real Time Protocol","Business Collaboration","844729289","514715502","330013787"
"Session Initiation Protocol","Business Application","496208","249008","247200"
"Skype and Teams","Business Collaboration","51735833","8999384","42736449"
"Simple Object Access Protocol","Network Service","1440618373","635269042","805349331"
"Secure Socket Layer","Tunneling and VPN","52418100936","5088142097","47329958839"
"Session Traversal Utilities for NAT","Business Collaboration","17189619","6492508","10697111"
"Transmission Control Protocol","Other TCP/UDP","21538651023","7148897259","14389753764"
"User Datagram Protocol","Other TCP/UDP","325341981743","24033799224","301308182519"
"Yahoo Search","Web","7271449","646705","6624744"
"Youtube.com","Media","23739434843","1194478605","22544956238"
"Facebook","Social Networking","152577503459","4681608508","147895894951"
"Google Ads","Web","3427483632","734297777","2693185855"
"MPEG-Transport Stream","Real Time Audio/Video","42136295713","591419225","41544876488"
"Windows Live Hotmail","Email","386321576","103306554","283015022"
"Apple Generic Services","Web","8723283047","347815512","8375467535"
"Online Certificate Status Protocol","Business Application","15024968","5799037","9225931"
"Tumblr","Social Networking","19107430","304971","18802459"
"Twitter","Social Networking","835326344","36810457","798515887"
"Yandex.ru","Web","6630585","1671300","4959285"
"iTunes","Media","831189073","105707782","725481291"
"Spotify","Media","803298010","73996341","729301669"
"TeamViewer","Remote Desktop","225496061","140234886","85261175"
"Bing.com (formerly MSN Search)","Web","504515931","68002294","436513637"
"Baidu.com","Web","66148934","7398861","58750073"
"Windows Update","Web","11985710081","715073843","11270636238"
"Chrome Update","Web","730454449","34832219","695622230"
"Opera Update","Web","2457686","375380","2082306"
"Netflix.com","Media","52624731024","1290938626","51333792398"
"Google Analytics,Google Marketing Platform","Web","282362780","61067180","221295600"
"Google GStatic","Web","1847187842","162124613","1685063229"
"Portal.TidalTV.com","Web","1532013","396607","1135406"
"YouKu","Media","47439796","45550884","1888912"
"Google Generic","Web","958018158","229570829","728447329"
"AccuWeather","Web","22853889","4051481","18802408"
"Amazon Generic Services","Web","6886553228","1627568098","5258985130"
"Mozilla.com - Mozilla.org","Web","170651504","10720841","159930663"
"WhatsApp Messenger","Internet Instant Messaging","27023509783","11560679357","15462830426"
"Taobao","Web","315408254","95694146","219714108"
"Apple App Store","Web","6581439216","318140009","6263299207"
"Windows Marketplace","Web","2078750582","126528264","1952222318"
"Apple Push Notification Service","Web","337828967","230638083","107190884"
"iOS over-the-air (OTA) update","Web","3772167080","118101900","3654065180"
"Samsung Apps","Web","112341918","13178534","99163384"
"Google Play Store","Media","4083771196","298971008","3784800188"
"iCloud (Apple)","Storage and Backup","9130980500","3265900148","5865080352"
"Instagram","Web","68559676870","3014158425","65545518445"
"SoundCloud","Media","262034314","16466668","245567646"
"Amazon Web Services/Cloudfront CDN","Infrastructure","16384576742","4729634991","11654941751"
"Alipay","Web","1174865","495244","679621"
"Alibaba.com","Web","42057269","4190079","37867190"
"Akamai Technologies CDN","Web","19742927799","283417987","19459509812"
"Microsoft Azure (previously Windows Azure)","Infrastructure","403543424","10726731","392816693"
"Yahoo.com","Web","376759316","75094749","301664567"
"Google Talk (incl. Hangouts and Allo and Duo)","Real Time Audio/Video","28025825","10516738","17509087"
"CloudFlare CDN","Infrastructure","6688373303","282428203","6405945100"
"Microsoft Office 365","Business Collaboration","2383182331","269358423","2113823908"
"Zoho Corporation","Business Application","73215929","42018233","31197696"
"Microsoft Outlook (Office 365)","Business Application","4042185522","1033797437","3008388085"
"Apple SIRI","Web","88633329","65195011","23438318"
"Google Documents (aka Google Drive)","Storage and Backup","6685625","426299","6259326"
"WebSocket","Network Service","56030380295","467712680","55562667615"
"AliExpress.com","Web","1531342204","50293605","1481048599"
"Google Accounts","Web","130638070","40662359","89975711"
"Amazon Ad System","Web","654282935","73429220","580853715"
"Snapchat","Social Networking","11777770930","793574729","10984196201"
"Turn","Web","4324679","1036197","3288482"
"ScorecardResearch","Web","57716525","23295584","34420941"
"Quantcast","Web","9114317","1731903","7382414"
"Telegram","Internet Instant Messaging","1452932214","71323697","1381608517"
"Symantec","Web","8798551","1483077","7315474"
"Oracle","Web","11465874","4835360","6630514"
"Bitstrips","Social Networking","225719224","8958272","216760952"
"TRUSTe","Web","38275772","2932852","35342920"
"Criteo","Web","201073948","29853178","171220770"
"Adobe","Business Application","741805392","186185303","555620089"
"Inneractive","Web","413283076","255019612","158263464"
"Samsung","Web","219000020","72949806","146050214"
"Crashlytics","Web","41017432","5578738","35438694"
"Brightcove","Media","133604248","3614241","129990007"
"Facebook Messenger","Internet Instant Messaging","8529177149","4096669032","4432508117"
"InMobi","Web","211621827","97547734","114074093"
"AppsFlyer","Business Application","97546114","25904497","71641617"
"Smart AdServer","Web","83271398","28814154","54457244"
"Google Cloud Storage","Web","9671187945","8885859847","785328098"
"Google Cloud Messaging","Web","324575719","39503142","285072577"
"Lazada","Web","19887549","636208","19251341"
"Apple Location","Web","1984980186","195695557","1789284629"
"OpenX","Web","7365346","1964347","5400999"
"PubMatic","Web","77748778","37393199","40355579"
"Index Exchange (previously Casale Media)","Web","46005279","16755896","29249383"
"LOTAME","Web","11097562","2148863","8948699"
"Rubicon Project","Web","101239811","28553919","72685892"
"AppNexus","Web","255344146","141225157","114118989"
"Rlcdn","Web","7947779","1637813","6309966"
"HyperText Transfer Protocol version 2","Web","10988641747","446785798","10541855949"
"GitHub","Web","8152992","846717","7306275"
"Advertising.com","Web","2278414","694953","1583461"
"Google Tag Manager","Web","363143195","48916439","314226756"
"Facebook Embedded Video","Media","13862957799","306780086","13556177713"
"Ad Safe Protected","Web","159415992","24961629","134454363"
"Helpshift","Web","4454289","1047307","3406982"
"Adjust.com","Web","43288151","18014922","25273229"
"Apple Music","Media","3426622948","209422699","3217200249"
"Outbrain","Web","71625460","13255156","58370304"
"Fastly","Web","4301413","354031","3947382"
"Unruly","Web","3815600","1719600","2096000"
"Applovin","Web","4991273520","1677244594","3314028926"
"Android connectivity Manager","Network Service","25832939","12816756","13016183"
"Moat","Web","240737075","76866705","163870370"
"Krux","Web","51922300","5087103","46835197"
"Microsoft Office OneNote (Office 365)","Business Application","2531853","335049","2196804"
"Branch Metrics","Web","94710203","13722373","80987830"
"Taboola","Web","162125348","20181543","141943805"
"Smaato","Web","81080922","35229640","45851282"
"Verizon","Web","34833361","20900067","13933294"
"MediaMath","Web","6550280","2461630","4088650"
"jQuery","Web","17159770","885399","16274371"
"Everest Technologies","Web","18411815","5321421","13090394"
"Microsoft OneDrive","Web","759218141","61946323","697271818"
"Microsoft","Web","3067103810","599363166","2467740644"
"Liftoff","Web","10391979","3710347","6681632"
"Uber (formerly UberCab)","Web","4982143010","3142049414","1840093596"
"Younow","Web","387180787","128925730","258255057"
"Conversant","Web","4873362","1365756","3507606"
"Teads","Web","11030095","3324883","7705212"
"Adform","Web","14784919","3541068","11243851"
"HyperText Transfer Protocol proxy","Network Service","993706","566344","427362"
"GIPHY","Web","524812147","10611324","514200823"
"Firebase Cloud Messaging","Web","432710414","188318588","244391826"
"Heroku","Web","581325","102938","478387"
"IMO Video Calling Application","Media","7707694","2837699","4869995"
"Bidswitch","Web","18462664","6940555","11522109"
"Bugsnag","Web","19352646","12017184","7335462"
"Apple Game Center","Gaming","7050104","1482488","5567616"
"Sharethrough","Web","35003320","10900372","24102948"
"AdColony","Web","30852024","10216317","20635707"
"Yieldmo","Web","7314849","1662937","5651912"
"Huawei","Web","39671503","7252823","32418680"
"ULP","Network Service","2876851","158629","2718222"
"DoubleVerify","Web","78764578","15911203","62853375"
"Media Innovation Group","Web","2716183","745115","1971068"
"PulsePoint","Web","4479062","1439054","3040008"
"eXelate","Web","2607819","694902","1912917"
"Sonobi","Web","7820184","3252762","4567422"
"Amplitude","Web","38410473","29596776","8813697"
"Google Cloud Platform","Web","108130888","37891894","70238994"
"UC Browser","Web","2008001","1528602","479399"
"Cisco","Web","4293520","1755764","2537756"
"IronSource","Business Application","1471081750","145578526","1325503224"
"Simpli.fi","Web","4743997","1067069","3676928"
"ByteDance","Web","1405617654","221124884","1184492770"
"TikTok (Musical.ly)","Social Networking","47225842871","2220767518","45005075353"
"Alibaba Cloud","Web","124101054","13768150","110332904"
"Discord","Internet Instant Messaging","2351169671","1071350225","1279819446"
"Apple News","Web","233042131","14467558","218574573"
"Vungle","Web","523187012","33603290","489583722"
"Google APIs","Web","3633667584","1566032989","2067634595"
"Moodle","Social Networking","23524584","989530","22535054"
"Amazon Cognito","Web","25870817","8383639","17487178"
"Unknown virtual protocol","Unclassified","8042854","1585883","6456971"
"Unknown virtual protocol","Unclassified","1932090435","844112446","1087977989"
"Google Pay","Web","13904614","2915929","10988685"
"Google Messages","Internet Instant Messaging","53184369","17925230","35259139"
"Wangwang","Internet Instant Messaging","7461405","2884947","4576458"
"Likee","Internet Instant Messaging","11109917","2813293","8296624"
"KOCHAVA","Web","5877364","2008415","3868949"
"UserReport","Web","672123","117762","554361"
"NHL.com","Web","740033980","33293820","706740160"
"Digicert","Web","12334039","3460753","8873286"
"Intercom","Web","17494695","6550832","10943863"
"SD-WAN Control","SD-WAN","33919351148","18659338073","15260013075"
"SD-WAN Management","SD-WAN","828438807","379467656","448971151"
"TencentMeeting","Business Collaboration","771087180","65750524","705336656"
"Dailymotion.com","Media","7178846243","119523752","7059322491"
"Server Message Block (Windows File Server)","File Sharing","32381","22830","9551"
"SOCKet Secure v4","Tunneling and VPN","22994","15926","7068"
"Wikipedia.com","Web","36702594","1513245","35189349"
"Wireless Transaction Protocol","Network Service","3074740","1410068","1664672"
"Yahoo Mail v.2.0","Email","146833394","22977710","123855684"
"WordPress.com","Social Networking","17470698","701687","16769011"
"LinkedIn","Social Networking","917524174","48809332","868714842"
"Mail.ru Webmail","Email","101726","24107","77619"
"Yelp.com","Web","3387544","79712","3307832"
"Adobe Update Manager","Web","545808675","11165288","534643387"
"Java Update","Web","4440590","566762","3873828"
"Apple Update","Web","1936981","56558","1880423"
"Viber","Real Time Audio/Video","54035754","26574536","27461218"
"Dropbox","Storage and Backup","1028407299","37724191","990683108"
"Tor","Anonymizers and Proxies","3206711","365957","2840754"
"SurveyMonkey.com","Web","185752","25462","160290"
"Weather.com","Web","40482521","3269621","37212900"
"Google App Engine","Business Application","7744880","2654425","5090455"
"Apple FaceTime","Real Time Audio/Video","6034437396","3175545326","2858892070"
"Amazon Prime Video","Media","3021564153","227454914","2794109239"
"QQ.com","Web","82669751","4660324","78009427"
"Sogou.com","Web","2217077","449043","1768034"
"Limelight Networks CDN","Web","17513456983","203128023","17310328960"
"WeChat","Internet Instant Messaging","2704706209","938258547","1766447662"
"Nokia Here API","Web","9050814","420538","8630276"
"Microsoft SharePoint Online (Office 365)","Business Application","451860458","213827517","238032941"
"Pinterest","Web","519026093","34009302","485016791"
"Reddit.com","Web","1545360893","42195214","1503165679"
"Internet Movie Database","Web","3598288","167525","3430763"
"Apple Maps","Web","382326","36466","345860"
"Bet365.com","Web","12669429","1882984","10786445"
"Paypal.com","Web","26834385","3146806","23687579"
"Kooora.com","Web","2979762","702353","2277409"
"Kijiji.ca","Web","184381112","75459089","108922023"
"Gameloft Games","Gaming","335504","99123","236381"
"AddThis","Web","17142217","992400","16149817"
"Yadro","Web","113882","57708","56174"
"Candy Crush Saga","Gaming","35110278","10184908","24925370"
"King Digital Entertainment","Gaming","17519584","1195914","16323670"
"Waze Social GPS Maps & Traffic","Web","1666512","176020","1490492"
"OpenStreetMap","Infrastructure","810573","41994","768579"
"Wrike","Business Application","350004","24088","325916"
"Stickyads","Web","18822451","7332570","11489881"
"Ukr","Web","676193","260725","415468"
"Mixpanel","Web","10630395","7157460","3472935"
"Google Calendar","Web","31609930","10137524","21472406"
"Flipboard","Web","20299348","6109606","14189742"
"quic","Network Service","15414514","5896055","9518459"
"Realestate","Web","397317","71799","325518"
"Pastebin","Web","63773","19571","44202"
"My.com","Web","23240","6585","16655"
"Atlas Solutions","Web","216778","61518","155260"
"Urbanairship","Web","3273332","921374","2351958"
"HideMyAss","Anonymizers and Proxies","3032","1465","1567"
"Rogers TV","Web","7977612","757643","7219969"
"Localytics","Web","4197453","1548916","2648537"
"MoPub","Web","2441909","720042","1721867"
"Optimizely","Web","19314462","4886823","14427639"
"Rackspace","Web","1699444019","172340813","1527103206"
"Ensighten","Web","19699459","1274540","18424919"
"Braintree","Web","2405173","731450","1673723"
"SpotXchange","Web","4050953","1328744","2722209"
"Revcontent","Web","8051339","1260690","6790649"
"New Relic","Web","71660177","45687642","25972535"
"Google Photos (formerly Google Picasa)","Web","74222024","9236024","64986000"
"Slack","Web","29230511","5367454","23863057"
"Bazaarvoice","Web","4451436","482341","3969095"
"hotjar","Web","31594179","14514801","17079378"
"ZoomMeetings","Business Collaboration","387376617","200382953","186993664"
"StackExchange","Web","133434","30744","102690"
"StackOverflow","Web","921317","50013","871304"
"Signal Private Messenger (Open Whisper Systems)","Internet Instant Messaging","31787124","15903079","15884045"
"MGID","Web","9395334","476584","8918750"
"Zhihu","Web","5906575","726469","5180106"
"Booking.com","Web","62331091","5197985","57133106"
"Avast","Web","104921782","4344221","100577561"
"Okta","Web","112392464","23390867","89001597"
"Microsoft teams","Internet Instant Messaging","3946119788","2206608622","1739511166"
"Adtelligent","Web","3050930","1247113","1803817"
"Akamai Video","Media","25033435","881476","24151959"
"Disqus","Web","28394275","2080533","26313742"
"IBM","Web","95034","28640","66394"
"Grammarly","Web","32741998","5124055","27617943"
"Microsoft AD Right Management Service","Business Application","864082","501364","362718"
"Google Play Books","Web","923151","35664","887487"
"Fandom","Web","12805624","393600","12412024"
"W3Schools","Web","260933","29774","231159"
"Unknown virtual protocol","Unclassified","1576651100","47601190","1529049910"
"Unknown virtual protocol","Unclassified","1258122","52350","1205772"
"Unknown virtual protocol","Unclassified","165816125","2806189","163009936"
"JWPLAYER","Web","104239600","4029398","100210202"
"Quora","Social Networking","13970680","2310725","11659955"
"Airbnb","Web","86973405","6570200","80403205"
"Workday","Business Application","20029762","3331760","16698002"
"Spotify Audio","Real Time Audio/Video","943075487","14778041","928297446"
"Contentful","Web","239467944","17507976","221959968"
"Indeed","Web","11798011","1711610","10086401"
"The Free Dictionary","Web","26761","7674","19087"
"Bilibili","Web","503733434","21446270","482287164"
"Font Awesome","Web","10806048","969781","9836267"
"Advance Message Queuing Protocol","Network Service","1853","1076","777"
"BitTorrent","Peer to Peer","25482","1321","24161"
"Connection Oriented Transfer Protocol","Network Service","1836","1392","444"
"eBay.com","Web","123688586","19369719","104318867"
"File Transfer Protocol","File Sharing","14406","7910","6496"
"Gnutella","Peer to Peer","41317","9752","31565"
"GPRS Tunneling Protocol","Tunneling and VPN","5768319","992337","4775982"
"Independant Computing Architecture (Citrix)","Remote Desktop","2994","1662","1332"
"Internet Security Association and Key Management Protocol","Tunneling and VPN","178983481","38072644","140910837"
"HP Printer Job Language","Business Application","994","562","432"
"Kerberos","Authentication","9425","6236","3189"
"Lighweight Directory Access Protocol","Authentication","135952","14178","121774"
"Network News Transport Protocol","Network Service","942","498","444"
"Post Office Protocol (Version 3)","Email","942","498","444"
"Port Mapper","Network Service","6804","4590","2214"
"QQ","Internet Instant Messaging","3727320","1324716","2402604"
"Remote Authentication Dial-In User Service","Authentication","936","360","576"
"Real Time Control Protocol","Business Collaboration","5174010","3416406","1757604"
"SAP","Business Application","16412","1193","15219"
"Simple Mail Transfer Protocol","Email","550523","350221","200302"
"Simple Mail Transfer Protocol Secure","Email","1869","861","1008"
"Simple Network Management Protocol","Management","212706","212706","0"
"SOCKet Secure v5","Tunneling and VPN","4261","2271","1990"
"Secure Shell","Tunneling and VPN","1853","1298","555"
"Tabular Data Stream","Business Application","6264","3648","2616"
"Transparent Network Service (Oracle)","Business Application","2138","1472","666"
"VMWare","Remote Desktop","148863","10361","138502"
"X Window System","Business Application","11065","7186","3879"
"Secure AIM","Internet Instant Messaging","476555","75129","401426"
"Ask.com","Web","49118","5982","43136"
"Expedia.fr","Web","1058343","81574","976769"
"Travelocity.com","Web","15670","2429","13241"
"Flickr","Social Networking","935061","35523","899538"
"Deezer","Web","24083119","608393","23474726"
"Steampowered.com","Gaming","5917645","514106","5403539"
"Xbox Live","Gaming","13478270","778273","12699997"
"Badoo.com","Internet Instant Messaging","39433335","5207931","34225404"
"Foursquare.com","Web","760543","48366","712177"
"Goodreads.com","Web","1483396","115072","1368324"
"Meetup","Web","1081954","420039","661915"
"Odnoklassniki.ru","Social Networking","7611","1008","6603"
"ResearchGATE.net","Web","167903","11229","156674"
"Vk.com (Vkontakte)","Social Networking","20328036","693044","19634992"
"Vox.com","Web","4194","324","3870"
"Yandex webmail","Email","23444","3242","20202"
"Adobe Flash Plugin Update","Web","4246126","73128","4172998"
"Teredo protocol","Tunneling and VPN","37746","14186","23560"
"Firefox Update","Web","287064626","4595702","282468924"
"Archive.org","Web","4975989","188534","4787455"
"Debian/Ubuntu Update","Web","15958","7377","8581"
"BitDefender Update","Web","18049245","13278847","4770398"
"Symantec Norton AntiVirus Updates","Web","6304","2789","3515"
"Playstation Network","Gaming","7564","936","6628"
"Avira Update","Web","51439","11964","39475"
"Trendmicro Update protocol","Web","810598","181408","629190"
"Kugou/Kugoo","Peer to Peer","49500","10567","38933"
"Box","File Sharing","7840","2048","5792"
"Google Translate","Web","3365286","937031","2428255"
"iHeartRADIO","Media","166049","23216","142833"
"IMVU.com (Instant Message Virtual Universe)","Gaming","67779919","3410496","64369423"
"Livestream (formerly Mogulus)","Media","4134108","567137","3566971"
"Psiphon","Web","8429188","316603","8112585"
"QQMusic","Peer to Peer","3936","660","3276"
"Salesforce","Business Application","23666964","8175741","15491223"
"Tokbox.com","Web","14005","5688","8317"
"GoToMeeting Online Meeting","Business Collaboration","19350","9394","9956"
"WebEx","Business Collaboration","1763453","191054","1572399"
"Slingbox","Media","1636180","32469","1603711"
"Radmin","Remote Desktop","994","562","432"
"Internet Inter-ORB Protocol","Network Service","3423","2208","1215"
"Netware Core Protocol","Management","5797","3490","2307"
"10086.cn","Web","1771","1201","570"
"Adobe Acrobat DC (Document Cloud)","Web","957359","142449","814910"
"Alexa","Web","29279","3469","25810"
"AlJazeera.net","Web","867197","37208","829989"
"AlloCine","Web","272785","7523","265262"
"AmericanExpress","Web","3617253","926104","2691149"
"ATT.com (AT&T)","Web","11392961","5706994","5685967"
"Aufeminin.com","Web","79812","2647","77165"
"Blogger","Web","2545198","169879","2375319"
"Capital One","Web","11649589","430048","11219541"
"CDiscount","Web","860353","26970","833383"
"Cnet.com","Web","16819","4582","12237"
"CNN (Cable News Network)","Web","2189577","259061","1930516"
"China Network Television","Web","7644773","144228","7500545"
"Daily Mail","Web","4367026","229142","4137884"
"Daum.net","Web","652456","91656","560800"
"Fox News","Web","912362","14142","898220"
"Groupon","Web","989787","289181","700606"
"IKEA.com","Web","6412973","1709593","4703380"
"Intuit.com","Business Application","263181","99618","163563"
"Kaspersky.com","Web","112740","56698","56042"
"Monster.com","Web","22464","5760","16704"
"Naver Corporation (formerly NHN Corporation)","Web","92325079","15268329","77056750"
"NBA.com","Web","6828546","1631935","5196611"
"National Football League (NFL.com)","Web","160835843","4205769","156630074"
"Nike.com","Web","5404174","690149","4714025"
"NYTimes.com","Web","1062424","102482","959942"
"PlayStation.com","Web","3173193","666598","2506595"
"Reuters.com","Web","90446","3973","86473"
"Reverso.net","Web","2860757","199412","2661345"
"Ryanair.com","Web","760441","72347","688094"
"Sky","Web","279137","18491","260646"
"TF1.fr","Web","5953022","134082","5818940"
"Univision.com","Web","447497","48767","398730"
"Vimeo","Web","445324155","10349584","434974571"
"WashingtonPost.com","Web","144402","9164","135238"
"Xbox","Gaming","64009","8627","55382"
"XNXX","Web","88538778","2111108","86427670"
"Youdao.com","Web","953314","294702","658612"
"Sina.com.cn","Internet Instant Messaging","20794105","927020","19867085"
"Sophos update","Business Application","34079","9770","24309"
"Sina Weibo","Web","120007408","6781101","113226307"
"QQ WeiBo","Web","433523","52152","381371"
"GMX webmail","Email","9222578","1789482","7433096"
"Line","Internet Instant Messaging","57512416","4953512","52558904"
"Shazam","Web","4800525","806034","3994491"
"TuneIn","Real Time Audio/Video","55990947","1195987","54794960"
"KakaoTalk","Internet Instant Messaging","5583302","4822701","760601"
"163.com","Web","12094112","3823281","8270831"
"Sohu.com","Web","48838088","2134345","46703743"
"Ifeng.com","Web","5735996","586448","5149548"
"Tmall.com","Web","12863","2096","10767"
"Douban.com","Web","1407636","423967","983669"
"360.cn","Web","40952","17073","23879"
"4399.com","Web","7752","1056","6696"
"51.la","Web","21310","4632","16678"
"Zynga.com","Gaming","2087881","646499","1441382"
"Datagram Transport Layer Security","Tunneling and VPN","26180285","7266298","18913987"
"ISO Base Media File Format","Real Time Audio/Video","11239133662","100946097","11138187565"
"MiTalk Messenger (Miliao)","Internet Instant Messaging","6422789","951239","5471550"
"MEGA","Peer to Peer","10902","2382","8520"
"Rakuten.co.jp","Web","700377","94586","605791"
"QQ Games","Gaming","52589","22692","29897"
"QQ Mail","Email","622401","194422","427979"
"QQ News","Web","66778","51778","15000"
"Tencent.com","Internet Instant Messaging","4004924","344438","3660486"
"Pornhub","Web","336882","44232","292650"
"SoftBank.com","Web","6423","1425","4998"
"iperf","File Sharing","98088","21153","76935"
"Speedtest","File Sharing","99207953","31505414","67702539"
"ESPN.go.com","Web","13017934132","297929693","12720004439"
"MapQuest.com","Web","126725","14167","112558"
"Imgur.com","Storage and Backup","284140131","3535971","280604160"
"ImageShack","File Sharing","50210","1960","48250"
"JingDong","Web","248504","87739","160765"
"LastPass.com","Web","19272","6779","12493"
"Bitcoin client","Peer to Peer","1956","1290","666"
"Orange.com","Web","55212","17878","37334"
"BBC","Web","8185438","306146","7879292"
"AVG.com","Web","639847","34350","605497"
"Softonic.com","Web","81233","4024","77209"
"ElPais.com","Web","12234","3640","8594"
"Olx","Web","8622","2005","6617"
"Goal.com","Web","16708","3744","12964"
"Sapo.mz - Sapo.pt","Web","1146966","257744","889222"
"Apple HTTP Live Streaming","Real Time Audio/Video","320727048","3538704","317188344"
"Free","Web","740","530","210"
"AlManar.com","Web","1132635","25427","1107208"
"craigslist","Web","542","295","247"
"Hespress.com","Web","14568","4049","10519"
"Internet Small Computer Systems Interface","Network Service","675","348","327"
"Background Intelligent Transfer Service","File Sharing","130054715","16378017","113676698"
"Conviva","Infrastructure","110561345","98701175","11860170"
"EdgeCast Networks CDN","Infrastructure","1829","304","1525"
"20minutes","Web","1767085","105927","1661158"
"Abola.pt","Web","3254949","120890","3134059"
"Blick.ch","Web","58000","2031","55969"
"UOL.com.br","Web","8836264","1779358","7056906"
"Wp.pl","Web","144674","63348","81326"
"Top.channel","Web","4855267","161017","4694250"
"Over-blog","Web","4269","442","3827"
"News","Web","370109","19918","350191"
"Aol","Web","2036674","391253","1645421"
"uTorrent","Peer to Peer","16712","3526","13186"
"Huffington Post","Web","32627","3540","29087"
"Videoplaza","Web","8646","1811","6835"
"Zendesk","Business Collaboration","12384317","518410","11865907"
"Google Safe Browsing","Web","43005835","17707984","25297851"
"Flurry","Business Application","15338355","7683320","7655035"
"Traffic Factory","Business Application","195174293","4053476","191120817"
"Twitch","Media","881922700","20295195","861627505"
"BoldChat Live Chat","Internet Instant Messaging","911696","282527","629169"
"Apsalar","Business Application","154449","39738","114711"
"Gravatar","Business Collaboration","570482","88375","482107"
"FreeWheel","Web","687494","196509","490985"
"Xiaomi","Web","157709608","7949824","149759784"
"Turner","Web","680446","37219","643227"
"Nielsen","Web","10086749","1952122","8134627"
"Crackle","Media","393131","11992","381139"
"DISTCC","Network Service","994","562","432"
"JAVA-RMI","Network Service","5518","3736","1782"
"Taobao Ad Network and Exchange","Web","756890","206741","550149"
"Cedexis","Web","5112441","1240903","3871538"
"Amazon Cloud Drive","Web","1489947","956873","533074"
"Gettyimages","Web","233537","7288","226249"
"Traffic Junky","Web","910801","73996","836805"
"I2P Invisible Internet Project","Tunneling and VPN","10258","3928","6330"
"CPMSTAR","Web","194701","42845","151856"
"ADTECH","Web","1630694","64285","1566409"
"Sizmek (previously MediaMind)","Web","22720293","658271","22062022"
"AOL One","Web","2743252","134550","2608702"
"SBS","Media","1035958","39708","996250"
"Constant Contact","Web","1310517","48121","1262396"
"Atlassian","Web","3783898","1936330","1847568"
"Internet.org","Web","29121","7486","21635"
"Kakaocdn","Infrastructure","8716148","107972","8608176"
"Bizographics","Web","22429","5026","17403"
"Splunk","Web","12473","7305","5168"
"Scotiabank","Web","84574263","34333789","50240474"
"BootstrapCDN","Web","4018940","302033","3716907"
"Winamax","Web","1579888","164909","1414979"
"GoogleBot","Web","784","562","222"
"CBS Video","Web","44200076","890128","43309948"
"Microsoft SpyNet (aka Microsoft Active Protection Service)","Web","26883","16586","10297"
"LogMeIn","Remote Desktop","247244","10950","236294"
"Disney Channel","Web","12069885","461491","11608394"
"Jibjab","Web","1169985","29152","1140833"
"UpLynk","Web","44672569","635300","44037269"
"NBC","Web","67031","1660","65371"
"Microsoft Translator (Bing Translator)","Web","42495","4646","37849"
"Sekindo","Web","664655","25791","638864"
"Perform","Web","1594880","67047","1527833"
"Periscope","Media","745280810","9493726","735787084"
"Heap","Web","27736297","13918775","13817522"
"Olark","Web","2728241","120525","2607716"
"Liveperson","Web","9288407","1359495","7928912"
"Zopim","Web","799410","126304","673106"
"Mapbox","Web","11451234","479118","10972116"
"Google Code","Web","10555","1495","9060"
"Rollout","Web","4522534","1231300","3291234"
"Microsoft Excel Online (Office 365)","Web","13299577","5181584","8117993"
"Signal","Web","168959","30388","138571"
"LiveChat","Web","9075253","555141","8520112"
"Riffsy (Tenor.co)","Web","33391668","965031","32426637"
"Tune","Web","18022","4823","13199"
"QINIU","Web","757887","13634","744253"
"MiaoPai","Web","25556","1323","24233"
"LKQD","Web","5639511","1636053","4003458"
"TubeMogul","Web","594796","122975","471821"
"Bleacher Report","Web","82553109","1219091","81334018"
"Umeng","Web","2607928","1270069","1337859"
"Elbotola","Web","2739184","82248","2656936"
"Hola Web Proxy","Web","317762","74239","243523"
"funCaptcha","Web","31739","7471","24268"
"MobFox","Web","133106","34628","98478"
"Baidu Maps","Web","74928","12006","62922"
"QQVideo","Web","8507899","258022","8249877"
"MQ Telemetry Transport","Network Service","58407","31349","27058"
"Clicktale","Web","6039733","3462580","2577153"
"Adk2","Web","3338586","85900","3252686"
"Pokemon GO","Gaming","191545838","39592137","151953701"
"CDNetworks","Infrastructure","2558887","79427","2479460"
"Weborama","Web","565632","108297","457335"
"Constrained Application Protocol","Network Service","4015","2596","1419"
"Uptobox","Web","65243576701","1167212162","64076364539"
"Highwinds","Web","10341671","191836","10149835"
"Douyu","Gaming","586083832","9024386","577059446"
"Innovid","Web","2344430680","71714859","2272715821"
"Wix","Web","13694857","2628354","11066503"
"Tinder","Web","904910653","25908415","879002238"
"Eskimi","Web","21052","4063","16989"
"Qatarairways","Web","7143480","717660","6425820"
"Ubuntu","Web","3350425","81182","3269243"
"Clash of Clans","Gaming","389704114","10107796","379596318"
"Supercell","Gaming","18005599","821953","17183646"
"Amazon Music","Media","16469476","3114642","13354834"
"Cheetah Mobile","Web","2839","1836","1003"
"Microsoft Word Online (Office 365)","Business Collaboration","24333832","2197905","22135927"
"Microsoft Powerpoint Online (Office 365)","Business Collaboration","93556","2506","91050"
"OPC Unified Architecture","Web","1853","1076","777"
"StreamRail","Media","39082","7865","31217"
"Nintendo","Gaming","18229968444","640558785","17589409659"
"OpenRTB","Web","303880","257056","46824"
"ADventori","Web","175391","45412","129979"
"Tealium","Web","4640725","340444","4300281"
"Audible","Real Time Audio/Video","232014","20760","211254"
"Flashtalking","Web","17147736","1794279","15353457"
"Samsung Update","Web","3498031060","89163686","3408867374"
"Huawei Update","Web","6780","1092","5688"
"Be Forward","Web","184875","5812","179063"
"Mediacongo","Web","2964530","54158","2910372"
"AnyDesk","Remote Desktop","102119","43796","58323"
"MaxCDN","Web","11107939","2019152","9088787"
"Walmart","Web","5958855","4657627","1301228"
"DocuSign","Web","26231240","6416080","19815160"
"Automatic Data Processing (ADP)","Web","1608439","155861","1452578"
"Autodesk Fusion 360","Tunneling and VPN","4020718","96666","3924052"
"Cloudinary","Web","45701872","1156363","44545509"
"Optus","Web","1299123","56245","1242878"
"Google Secure User Plane Location","Web","1670226","246996","1423230"
"Gfycat","Web","3031103","22230","3008873"
"T-Mobile","Web","180349","73617","106732"
"Vivox","Internet Instant Messaging","75145","22123","53022"
"Kahoot!","Web","58989","17529","41460"
"Sportradar","Web","165769","9983","155786"
"Pornhub NETWORK","Web","117239057","3642573","113596484"
"Wall Street Journal","Web","2592886","84886","2508000"
"ChinaNetCenter ","Web","3921","843","3078"
"Niantic, Inc","Web","208655043","3750904","204904139"
"Meitu","Web","59185561","3765014","55420547"
"Clash Royale","Gaming","2747945","206613","2541332"
"Cabify","Web","14477","633","13844"
"Instructure","Web","294475","16293","278182"
"United Internet","Web","7358466","417068","6941398"
"Workplace By Facebook","Social Networking","259896","56206","203690"
"Electronic Arts","Web","14439251","325880","14113371"
"Facebook Lite","Social Networking","7034405","913998","6120407"
"Apache Thrift","Network Service","3911","2453","1458"
"streamRoot","Web","3036","444","2592"
"Kakao","Web","63013","9566","53447"
"Digioh","Web","194969","4971","189998"
"Apptimize","Web","23006","7965","15041"
"Mediascope","Web","33047","7474","25573"
"Data Saver","Web","4750079","292371","4457708"
"Opera turbo","Network Service","66989","17746","49243"
"Youtube Music","Media","28534675","6637868","21896807"
"Appnext","Web","1534188","73053","1461135"
"Tenor","Web","3846507","933258","2913249"
"Fortnite","Gaming","3879668","1011894","2867774"
"Fox Networks","Web","165990","3326","162664"
"Text Me","Internet Instant Messaging","18422047","3514800","14907247"
"textPlus","Internet Instant Messaging","14384","3231","11153"
"Epic_games","Gaming","5872859","2112037","3760822"
"Spring Tech VPN","Tunneling and VPN","54000002","2935968","51064034"
"Barracuda Networks","Web","457373","84426","372947"
"RingCentral","Business Collaboration","168651","9199","159452"
"Google News","Web","814861","46400","768461"
"Visual IQ","Web","487818","116444","371374"
"Alibaba Group","Web","3209162","396447","2812715"
"League of Legends","Gaming","2298497","1183031","1115466"
"Mobile Legends","Gaming","11393784","353479","11040305"
"ExpressVPN","Tunneling and VPN","286215","146914","139301"
"Redis","Business Application","418443","121368","297075"
"Future_plc","Web","1178040","57856","1120184"
"Wish","Web","1060379502","160503654","899875848"
"DICOM","Network Service","675","348","327"
"ProtonMail","Email","34114","5929","28185"
"MAkeMyTrip","Web","338630","27886","310744"
"Minecraft","Gaming","6586","1112","5474"
"Grab - Transport, Food Delivery, Payments","Web","22417","2730","19687"
"iBooks","Web","23923","7204","16719"
"Google GSuite","Web","1000064","175242","824822"
"AnonyTun","Tunneling and VPN","64673","28405","36268"
"Didi","Web","15182","2246","12936"
"OpenSignal","Web","4809511","132805","4676706"
"TripAdvisor","Web","23868118","1346824","22521294"
"DAZN","Real Time Audio/Video","376392","29770","346622"
"PubNub","Web","339017","82649","256368"
"Monero (XMR)","Web","1273","736","537"
"Gaana","Real Time Audio/Video","43945","5763","38182"
"Unknown virtual protocol","Unclassified","623143","26865","596278"
"Unknown virtual protocol","Unclassified","85816","14261","71555"
"Unknown virtual protocol","Unclassified","884740","101314","783426"
"Unknown virtual protocol","Unclassified","65030243","7448803","57581440"
"NetEase","Web","383595502","4168046","379427456"
"Unknown virtual protocol","Unclassified","1655167","181717","1473450"
"Unknown virtual protocol","Unclassified","18103865","1546464","16557401"
"Unknown virtual protocol","Unclassified","3823141","2513162","1309979"
"Unknown virtual protocol","Unclassified","554659","331894","222765"
"Eurosport","Web","1064697","68476","996221"
"Bumble","Web","34767444","1437763","33329681"
"Qwant","Web","1893723","82351","1811372"
"National Public Radio","Web","773","278","495"
"Raknet","Gaming","4705521","2200441","2505080"
"Wireguard","Tunneling and VPN","505026153","63811107","441215046"
"Firework","Internet Instant Messaging","1158821","163134","995687"
"Bigo","Web","86344023","2527392","83816631"
"BAMTech","Real Time Audio/Video","309272995","184491279","124781716"
"Disney Plus","Real Time Audio/Video","102503067750","2624288447","99878779303"
"Engage Digital","Network Service","15073704","4423425","10650279"
"Agora","Network Service","29017","14234","14783"
"Toutiao","Web","64776","7321","57455"
"Xigua Video","Real Time Audio/Video","3235223","95998","3139225"
"Zhenai","Web","14607","8206","6401"
"MediaLab","Web","32764484","1098445","31666039"
"Netease Games","Gaming","8121792","1353158","6768634"
"Browsec VPN","Tunneling and VPN","288145688","21603766","266541922"
"Advanced Hosting","Web","4265461","107526","4157935"
"Shopify","Web","88416426","3740365","84676061"
"Service Now","Web","10477","4190","6287"
"StackPath","Web","11638758","554234","11084524"
"Ximalaya","Real Time Audio/Video","14501","10357","4144"
"Uber Eats","Web","5483577","1221779","4261798"
"DoorDash","Web","66741976","7749603","58992373"
"Houseparty","Real Time Audio/Video","39693","5528","34165"
"Roblox","Gaming","50325417","4311812","46013605"
"BridTV","Real Time Audio/Video","94388","1860","92528"
"Citrix","Web","52119","17753","34366"
"Microsoft Dynamics","Business Application","18258","2439","15819"
"Digital Turbine","Web","21381750","422939","20958811"
"Pluto TV","Real Time Audio/Video","59728382","1533678","58194704"
"adRise","Real Time Audio/Video","423687","16726","406961"
"Tubi TV","Real Time Audio/Video","5084195","183600","4900595"
"Demandbase","Web","159167","17356","141811"
"Sift Science","Web","391033","130993","260040"
"Amazon Alexa Assistant","Business Collaboration","878555","405027","473528"
"Yubo","Internet Instant Messaging","1684964","295029","1389935"
"Arena of Valor","Gaming","2768811","1437308","1331503"
"Connatix","Real Time Audio/Video","8099764","933858","7165906"
"Minute Media","Web","795616","21205","774411"
" Revolut","Web","1821806","249887","1571919"
"Pendo","Web","3598197","656209","2941988"
"Jitsi","Real Time Audio/Video","31438","2326","29112"
"Go Daddy","Web","218337","39284","179053"
"The Blaze","Web","1239397","38981","1200416"
"WordReference.com","Web","296393","30625","265768"
"European Union","Web","4426144","170156","4255988"
"Hotels.com","Web","840761","184365","656396"
"Official Major League Baseball","Web","2511858","128705","2383153"
"Priceline.com","Web","18169541","6576382","11593159"
"BambooHR","Web","12789676","331607","12458069"
"The Telegraph","Web","2051671","241428","1810243"
"TIME","Web","1295748","44877","1250871"
"TMZ","Web","1174018","33980","1140038"
"United Airlines","Web","3575946","2136563","1439383"
"OnlyFans","Web","12660","8628","4032"
"Geforce Now","Gaming","50042","8102","41940"
"Call of Duty Mobile","Gaming","30644","10605","20039"
"The Walt Disney Company","Web","6819192","451925","6367267"
"Indiegogo","Web","923965","42244","881721"
"FedEx","Web","2727689","199038","2528651"
"Kayak","Web","41562","9452","32110"
"Akatsuki Inc","Gaming","5347835","339151","5008684"
"Eventbrite","Web","9544217","159050","9385167"
"WarnerMedia","Web","3160987","182380","2978607"
"Wargaming","Web","16076","2615","13461"
"Etahub","Web","24508","6012","18496"
"Datadog","Web","1706545","1467975","238570"
"Unknown virtual protocol","Unclassified","76745","38709","38036"
"ZoomPhone","Business Collaboration","29842","12461","17381"
