"Application","Category","Total Bytes","Bytes Received","Bytes Sent"
"Domain Name Service","Network Service","1633824915","768858578","864966337"
"Google Mail","Email","1750619577","262110415","1488509162"
"Google Search","Web","611869375","107986926","503882449"
"Google Maps","Web","143383348","34434372","108948976"
"HyperText Transfer Protocol","Web","3267201977","545388796","2721813181"
"HyperText Transfer Protocol Secure","Web","7978531303","897891244","7080640059"
"Internet Control Message Protocol","Network Service","4205221062","2535939987","1669281075"
"Internet Message Access Protocol version 4","Email","618970787","57757009","561213778"
"Internet Message Access Protocol Secure","Email","37166567","6618591","30547976"
"Internet Protocol","Network Service","0","0","0"
"XMPP Protocol (Jabber)","Business Collaboration","2436970","1164113","1272857"
"Simple Object Access Protocol","Network Service","160368136","106769576","53598560"
"Secure Shell","Tunneling and VPN","40250988","20471262","19779726"
"Secure Socket Layer","Tunneling and VPN","12912002747","1822843357","11089159390"
"Transmission Control Protocol","Other TCP/UDP","5997224272","2893585545","3103638727"
"User Datagram Protocol","Other TCP/UDP","240262340985","24410967351","215851373634"
"Youtube.com","Media","8303836350","1272916941","7030919409"
"Facebook","Social Networking","45606856721","2943119540","42663737181"
"Google Ads","Web","663763789","164507298","499256491"
"Gmail Mobile","Email","39426","21004","18422"
"LinkedIn","Social Networking","110637911","15258414","95379497"
"Apple Generic Services","Web","18657879231","1756523952","16901355279"
"Online Certificate Status Protocol","Business Application","27609181","12680742","14928439"
"Steampowered.com","Gaming","334595","61009","273586"
"Twitter","Social Networking","662902608","48669771","614232837"
"iTunes","Media","2717001555","438876336","2278125219"
"Spotify","Media","4647118328","233000510","4414117818"
"Bing.com (formerly MSN Search)","Web","224906905","40584392","184322513"
"Teredo protocol","Tunneling and VPN","27518498","26202599","1315899"
"Windows Update","Web","11139130789","1132249916","10006880873"
"Chrome Update","Web","560307500","30286380","530021120"
"Google Analytics,Google Marketing Platform","Web","496038087","145670389","350367698"
"Google GStatic","Web","985975089","117559147","868415942"
"Psiphon","Web","1331930","193435","1138495"
"Salesforce","Business Application","30564283","4588238","25976045"
"Google Generic","Web","1014064691","193874903","820189788"
"Amazon Generic Services","Web","1984012271","888850874","1095161397"
"Vimeo","Web","132453382","6543158","125910224"
"WhatsApp Messenger","Internet Instant Messaging","36731885809","13808318162","22923567647"
"Apple App Store","Web","18566652808","1158729593","17407923215"
"Windows Marketplace","Web","845367529","89168040","756199489"
"Apple Push Notification Service","Web","674475255","470494507","203980748"
"iOS over-the-air (OTA) update","Web","19768874520","1381759027","18387115493"
"Google Play Store","Media","771820535","289862966","481957569"
"iCloud (Apple)","Storage and Backup","5428124863","2728202848","2699922015"
"Instagram","Web","91469681986","7413327276","84056354710"
"Amazon Web Services/Cloudfront CDN","Infrastructure","9839543478","2656651495","7182891983"
"Akamai Technologies CDN","Web","2626373162","100821671","2525551491"
"Microsoft Azure (previously Windows Azure)","Infrastructure","182912033","22855857","160056176"
"Yahoo.com","Web","336493506","55312131","281181375"
"CloudFlare CDN","Infrastructure","3788526414","251812421","3536713993"
"Microsoft Office 365","Business Collaboration","1382824964","133116521","1249708443"
"Zoho Corporation","Business Application","15624516","7793576","7830940"
"Pinterest","Web","119695291","17168594","102526697"
"Microsoft Outlook (Office 365)","Business Application","3212591320","416894302","2795697018"
"Apple SIRI","Web","250087605","152275762","97811843"
"Google Documents (aka Google Drive)","Storage and Backup","43529611","28869215","14660396"
"Google Accounts","Web","542031416","300942573","241088843"
"Snapchat","Social Networking","28787198749","3325210546","25461988203"
"Telegram","Internet Instant Messaging","374091975","28949960","345142015"
"Bitstrips","Social Networking","268676095","33284340","235391755"
"Criteo","Web","65868325","14616717","51251608"
"Adobe","Business Application","248526469","35500822","213025647"
"Google Safe Browsing","Web","5187614","1640350","3547264"
"Samsung","Web","550567077","117509379","433057698"
"Crashlytics","Web","55409501","8228655","47180846"
"Twitch","Media","7480540486","341174080","7139366406"
"Facebook Messenger","Internet Instant Messaging","1253140677","502353002","750787675"
"AppsFlyer","Business Application","66877192","26739425","40137767"
"Mixpanel","Web","9767655","6447352","3320303"
"Google Cloud Storage","Web","7711608427","7011448430","700159997"
"Google Cloud Messaging","Web","117171101","40622929","76548172"
"Apple Location","Web","2936850783","436772606","2500078177"
"AppNexus","Web","83619492","49285238","34334254"
"HyperText Transfer Protocol version 2","Web","3517683093","904937860","2612745233"
"Google Tag Manager","Web","154083338","14851022","139232316"
"Scotiabank","Web","40598639","12702498","27896141"
"Outbrain","Web","64434050","9516421","54917629"
"Android connectivity Manager","Network Service","8572613","4481555","4091058"
"Heap","Web","17441006","12934840","4506166"
"Branch Metrics","Web","18410542","6907503","11503039"
"Optimizely","Web","10351522","3834568","6516954"
"LiveChat","Web","3492504","517572","2974932"
"Ensighten","Web","4919881","1023946","3895935"
"jQuery","Web","10425670","1049008","9376662"
"Everest Technologies","Web","9744540","3524840","6219700"
"Microsoft","Web","4022192476","743388362","3278804114"
"New Relic","Web","44476865","25722640","18754225"
"Bazaarvoice","Web","11681600","1817774","9863826"
"MQ Telemetry Transport","Network Service","69276068","48190849","21085219"
"hotjar","Web","23285954","12380151","10905803"
"ZoomMeetings","Business Collaboration","1112320995","304836722","807484273"
"HyperText Transfer Protocol proxy","Network Service","12889575","4162847","8726728"
"Firebase Cloud Messaging","Web","482549994","281690627","200859367"
"Bugsnag","Web","2509925","1557505","952420"
"Tealium","Web","10284024","4940140","5343884"
"AnyDesk","Remote Desktop","243312751","84340800","158971951"
"Cisco","Web","3351057","1420158","1930899"
"TikTok (Musical.ly)","Social Networking","140005298092","13033883755","126971414337"
"Discord","Internet Instant Messaging","800857053","57585236","743271817"
"Apple News","Web","346524712","32017124","314507588"
"Google APIs","Web","3478891571","2010425779","1468465792"
"Amazon Cognito","Web","15029895","5087304","9942591"
"Unknown virtual protocol","Unclassified","10782333","8883187","1899146"
"Google Messages","Internet Instant Messaging","67652257","39611407","28040850"
"Quora","Social Networking","3125240","252409","2872831"
"Go Daddy","Web","2671665","375125","2296540"
"Digicert","Web","165845529","12736773","153108756"
"Intercom","Web","15067965","6245364","8822601"
"SD-WAN Control","SD-WAN","45701370234","26965538570","18735831664"
"SD-WAN Management","SD-WAN","4648719700","1977032494","2671687206"
"Dailymotion.com","Media","1286417","202568","1083849"
"Internet Security Association and Key Management Protocol","Tunneling and VPN","128323312","23993400","104329912"
"Network Time Protocol","Network Service","641328","360865","280463"
"Real Time Control Protocol","Business Collaboration","156078575","44090369","111988206"
"Real Time Protocol","Business Collaboration","3565277338","1677536140","1887741198"
"Session Initiation Protocol","Business Application","5049767","3233418","1816349"
"Skype and Teams","Business Collaboration","103153069","39955932","63197137"
"Yahoo Mail v.2.0","Email","34807060","9343473","25463587"
"MPEG-Transport Stream","Real Time Audio/Video","28156189","1165366","26990823"
"Windows Live Hotmail","Email","134535312","20203150","114332162"
"Secure AIM","Internet Instant Messaging","521335","139028","382307"
"WordPress.com","Social Networking","32947092","2460149","30486943"
"Mail.ru Webmail","Email","687283","108275","579008"
"Xbox Live","Gaming","29012343","7677289","21335054"
"Yandex.ru","Web","7513165","1930597","5582568"
"Apple Update","Web","46855890","3632891","43222999"
"Netflix.com","Media","25370664967","1075854328","24294810639"
"Bloomberg.com","Web","76841","42520","34321"
"AccuWeather","Web","2946268","702755","2243513"
"CNN (Cable News Network)","Web","4387885","502092","3885793"
"Kaspersky.com","Web","15769724","3877077","11892647"
"Mozilla.com - Mozilla.org","Web","9094818","1913017","7181801"
"Weather.com","Web","51298919","11781781","39517138"
"Apple FaceTime","Real Time Audio/Video","8094188679","1856121506","6238067173"
"Samsung Apps","Web","124634281","15555294","109078987"
"Nokia Here API","Web","3910223","332416","3577807"
"Microsoft SharePoint Online (Office 365)","Business Application","154009568","23907475","130102093"
"Paypal.com","Web","291299194","29957314","261341880"
"BBC","Web","1491121","245800","1245321"
"Amazon Ad System","Web","110151673","27882544","82269129"
"Aol","Web","2328358","317762","2010596"
"AddThis","Web","9190493","974980","8215513"
"Turn","Web","1858430","586601","1271829"
"ScorecardResearch","Web","9620741","3265879","6354862"
"Quantcast","Web","9132802","2287414","6845388"
"Oracle","Web","3471856","1209197","2262659"
"TRUSTe","Web","5075916","805794","4270122"
"Zendesk","Business Collaboration","7703069","630965","7072104"
"Flurry","Business Application","15676765","5338535","10338230"
"BoldChat Live Chat","Internet Instant Messaging","1361673","593742","767931"
"InMobi","Web","21202316","10384866","10817450"
"Gravatar","Business Collaboration","858649","166446","692203"
"Turner","Web","208128","29528","178600"
"Stickyads","Web","8043394","3285798","4757596"
"Smart AdServer","Web","28078547","8941497","19137050"
"Google Calendar","Web","10471494","3036495","7434999"
"OpenX","Web","4377809","1706464","2671345"
"PubMatic","Web","35983868","16587631","19396237"
"Index Exchange (previously Casale Media)","Web","20911774","6241649","14670125"
"LOTAME","Web","4412203","1030481","3381722"
"Rubicon Project","Web","38691500","13342224","25349276"
"CPMSTAR","Web","117191","28843","88348"
"Sizmek (previously MediaMind)","Web","24134175","1241640","22892535"
"Rlcdn","Web","4681365","1176714","3504651"
"GitHub","Web","5180994","1112688","4068306"
"Advertising.com","Web","2255261","805897","1449364"
"Facebook Embedded Video","Media","3875528531","64643694","3810884837"
"Ad Safe Protected","Web","35408533","7316989","28091544"
"Adjust.com","Web","17230693","7545148","9685545"
"Urbanairship","Web","1152607","408589","744018"
"BootstrapCDN","Web","4239708","637835","3601873"
"Apple Music","Media","10789569217","1182450182","9607119035"
"Unruly","Web","1737026","762549","974477"
"Rogers TV","Web","25952052","3182152","22769900"
"UpLynk","Web","363376","103463","259913"
"Applovin","Web","575592780","225306234","350286546"
"Moat","Web","56878132","15191036","41687096"
"Krux","Web","5786514","1496896","4289618"
"Microsoft Office OneNote (Office 365)","Business Application","1054850","199959","854891"
"Taboola","Web","91589373","12774354","78815019"
"Rackspace","Web","1756325818","171762373","1584563445"
"Smaato","Web","9435703","4691177","4744526"
"MediaMath","Web","3205539","1333710","1871829"
"LKQD","Web","2556506","1018188","1538318"
"TubeMogul","Web","337601","96416","241185"
"SpotXchange","Web","1487029","529658","957371"
"Microsoft OneDrive","Web","314074127","32660181","281413946"
"Revcontent","Web","3946959","993787","2953172"
"Google Photos (formerly Google Picasa)","Web","339424251","245645477","93778774"
"Uber (formerly UberCab)","Web","250489001","60209245","190279756"
"Slack","Web","6858562","2977690","3880872"
"Conversant","Web","2755832","1086176","1669656"
"Teads","Web","12403315","2756656","9646659"
"Clicktale","Web","2513665","1429408","1084257"
"Adform","Web","14735896","2476079","12259817"
"GIPHY","Web","209796431","14444105","195352326"
"Bidswitch","Web","10073316","3992981","6080335"
"Apple Game Center","Gaming","7079219","1905708","5173511"
"Flashtalking","Web","15458417","2886210","12572207"
"Sharethrough","Web","16948613","6250934","10697679"
"AdColony","Web","39897937","16082317","23815620"
"Yieldmo","Web","7343654","1481163","5862491"
"Huawei","Web","7299288","2955259","4344029"
"Africa Guinee","Web","191220","23780","167440"
"MGID","Web","1185304","234378","950926"
"DoubleVerify","Web","40950116","9617417","31332699"
"Avast","Web","9083081","1677510","7405571"
"Okta","Web","27962095","4534875","23427220"
"PulsePoint","Web","3409072","1251948","2157124"
"eXelate","Web","880853","290471","590382"
"Sonobi","Web","2144706","748970","1395736"
"Cloudinary","Web","225302243","9803113","215499130"
"Google Secure User Plane Location","Web","1656991","326658","1330333"
"Amplitude","Web","11804603","9069552","2735051"
"Google Cloud Platform","Web","15311785","3026996","12284789"
"Microsoft teams","Internet Instant Messaging","400288743","65414490","334874253"
"Akamai Video","Media","1562542","533925","1028617"
"Disqus","Web","16117685","1947518","14170167"
"Grammarly","Web","32192487","17412611","14779876"
"Spring Tech VPN","Tunneling and VPN","17057","7368","9689"
"Simpli.fi","Web","1592867","438335","1154532"
"ByteDance","Web","614854190","209643380","405210810"
"Visual IQ","Web","418990","126801","292189"
"Vungle","Web","303338904","28892109","274446795"
"Unknown virtual protocol","Unclassified","3537692597","152013580","3385679017"
"Unknown virtual protocol","Unclassified","11756307","1730286","10026021"
"Unknown virtual protocol","Unclassified","83060471","42606835","40453636"
"Google Pay","Web","6793218","1143680","5649538"
"KOCHAVA","Web","3438566","1153767","2284799"
"Sift Science","Web","468198","171251","296947"
"Pendo","Web","3505908","385892","3120016"
"Contentful","Web","24130192","3013966","21116226"
"Font Awesome","Web","9921113","1106247","8814866"
"TencentMeeting","Business Collaboration","55388108","20005392","35382716"
"BitTorrent","Peer to Peer","32418","12065","20353"
"eBay.com","Web","1183901","184496","999405"
"Lighweight Directory Access Protocol","Authentication","9963","4305","5658"
"McAfee Client update","Business Application","58901291","7176784","51724507"
"Netbios Name Service","Network Service","5332","2587","2745"
"Post Office Protocol (Version 3)","Email","18667","10269","8398"
"QQ","Internet Instant Messaging","512468","72003","440465"
"Simple Mail Transfer Protocol","Email","70634","55105","15529"
"Simple Network Management Protocol","Management","27353","27353","0"
"Session Traversal Utilities for NAT","Business Collaboration","72548812","35010007","37538805"
"VMWare","Remote Desktop","29124","9760","19364"
"Wikipedia.com","Web","18441745","1392235","17049510"
"Yahoo Search","Web","838261","120376","717885"
"Simple Network Paging Protocol","Network Service","5049","582","4467"
"Ask.com","Web","54871","26891","27980"
"Expedia.fr","Web","3929009","907740","3021269"
"Travelocity.com","Web","8717","1574","7143"
"Flickr","Social Networking","88709","32236","56473"
"Deezer","Web","164382331","8103556","156278775"
"Rambler.ru","Web","159775","52971","106804"
"Badoo.com","Internet Instant Messaging","14982736","1157700","13825036"
"Foursquare.com","Web","281124","126830","154294"
"Odnoklassniki.ru","Social Networking","69302","8513","60789"
"Tumblr","Social Networking","9564497","293329","9271168"
"Vk.com (Vkontakte)","Social Networking","30165885","2397880","27768005"
"Yelp.com","Web","6864715","561832","6302883"
"TeamViewer","Remote Desktop","4155869","1410989","2744880"
"Baidu.com","Web","37278373","9654359","27624014"
"Firefox Update","Web","9239489","383713","8855776"
"Opera Update","Web","594835","251660","343175"
"BitDefender Update","Web","11892221","6020848","5871373"
"Viber","Real Time Audio/Video","12462364","3655013","8807351"
"Dropbox","Storage and Backup","128157049","109330330","18826719"
"Google Translate","Web","5314005","556189","4757816"
"iHeartRADIO","Media","4179311","648016","3531295"
"Livestream (formerly Mogulus)","Media","1050468","426496","623972"
"Ooyala.jp","Web","16490","3654","12836"
"Pandora Radio","Media","14429","7084","7345"
"Portal.TidalTV.com","Web","535169","156738","378431"
"SiriusXm.com","Media","2598971","594725","2004246"
"YouKu","Media","888856","809181","79675"
"WebEx","Business Collaboration","1656510","596073","1060437"
"Slingbox","Media","458886","36027","422859"
"RSS","Web","196220","15950","180270"
"BlackBerry.com","Web","45620","18172","27448"
"Adobe Acrobat DC (Document Cloud)","Web","648320","238241","410079"
"AdultFriendFinder","Web","5573","2882","2691"
"Alexa","Web","16312","4000","12312"
"AlJazeera.net","Web","397841","27634","370207"
"AmericanExpress","Web","247747","89282","158465"
"ATT.com (AT&T)","Web","1812896","484948","1327948"
"Blogger","Web","1495476","149602","1345874"
"Capital One","Web","12616826","867830","11748996"
"Cnet.com","Web","14660","4699","9961"
"Comcast","Web","8287347","3752425","4534922"
"Daum.net","Web","21336","6052","15284"
"Monster.com","Web","48865","10863","38002"
"NASA.gov","Web","10168","1893","8275"
"Naver Corporation (formerly NHN Corporation)","Web","5352484","555856","4796628"
"NBA.com","Web","1102770","354373","748397"
"Nike.com","Web","4039650","703900","3335750"
"NYTimes.com","Web","1505338","211825","1293513"
"PlayStation.com","Web","33298950","8047625","25251325"
"Sports Illustrated","Web","729355","54017","675338"
"Sprint.com","Web","7726","2244","5482"
"Xbox","Gaming","9803","2072","7731"
"Youdao.com","Web","187295","93319","93976"
"Taobao","Web","38212133","2018355","36193778"
"Google App Engine","Business Application","1244512","216931","1027581"
"GMX webmail","Email","31809","6971","24838"
"Scribd.com","Web","390883","43619","347264"
"Shazam","Web","916537","177809","738728"
"SoundCloud","Media","219690199","15407346","204282853"
"KakaoTalk","Internet Instant Messaging","68062","29287","38775"
"Amazon Prime Video","Media","76067444","7296871","68770573"
"QQ.com","Web","15374460","1383929","13990531"
"163.com","Web","35608","15344","20264"
"Sohu.com","Web","60626621","6763923","53862698"
"Ifeng.com","Web","26750","8982","17768"
"Alipay","Web","45524","20265","25259"
"360.cn","Web","171762","52364","119398"
"Alibaba.com","Web","674223","82413","591810"
"Limelight Networks CDN","Web","2936748830","123720558","2813028272"
"Datagram Transport Layer Security","Tunneling and VPN","321237616","72362147","248875469"
"ISO Base Media File Format","Real Time Audio/Video","6875050","202676","6672374"
"WeChat","Internet Instant Messaging","1000915332","279780883","721134449"
"MiTalk Messenger (Miliao)","Internet Instant Messaging","73047","14877","58170"
"Rakuten.co.jp","Web","543193","81964","461229"
"Pixiv.net","Web","37102","14124","22978"
"QQ Games","Gaming","58467","30959","27508"
"QQ Mail","Email","33994","14218","19776"
"QQ News","Web","215997","77041","138956"
"Tencent.com","Internet Instant Messaging","1977","1163","814"
"Pornhub","Web","823284","244286","578998"
"Google Talk (incl. Hangouts and Allo and Duo)","Real Time Audio/Video","94184038","75691154","18492884"
"Speedtest","File Sharing","19951104","3624666","16326438"
"ESPN.go.com","Web","75522913","11199471","64323442"
"BuzzFeed.com","Web","1121402","74894","1046508"
"Reddit.com","Web","69674626","5826812","63847814"
"Internet Movie Database","Web","268030","39560","228470"
"Imgur.com","Storage and Backup","4556839","314241","4242598"
"JingDong","Web","7844163","534925","7309238"
"Apple Maps","Web","895499","149533","745966"
"WebSocket","Network Service","822633","39462","783171"
"Bet365.com","Web","16644001","3045650","13598351"
"Egnyte Enterprise File Sharing","Storage and Backup","9144","2325","6819"
"Mendeley.com","File Sharing","52858","14954","37904"
"Orange.com","Web","79405","10859","68546"
"Marca.com","Web","53102","10144","42958"
"Kooora.com","Web","4336290","1676426","2659864"
"Apple HTTP Live Streaming","Real Time Audio/Video","233155","13549","219606"
"Caisse d'Allocations Familiales","Web","1020742","94533","926209"
"Free","Web","638450","23378","615072"
"Indiatimes","Web","66352","18945","47407"
"Kijiji.ca","Web","23931494","2556247","21375247"
"Background Intelligent Transfer Service","File Sharing","34533918","5387870","29146048"
"Hotspot Shield","Tunneling and VPN","87315955","22751312","64564643"
"Conviva","Infrastructure","9801","3816","5985"
"AliExpress.com","Web","7647902","498721","7149181"
"Clarin.com","Web","15257","4096","11161"
"Wp.pl","Web","89369","36841","52528"
"Emol.com","Web","1079561","389142","690419"
"Gameloft Games","Gaming","156714","57051","99663"
"Yadro","Web","21052","8246","12806"
"Candy Crush Saga","Gaming","7268088","3026510","4241578"
"King Digital Entertainment","Gaming","740548","301031","439517"
"Waze Social GPS Maps & Traffic","Web","85085443","7269910","77815533"
"Symantec","Web","396413","90453","305960"
"OpenStreetMap","Infrastructure","851828","63263","788565"
"Videoplaza","Web","40661","10476","30185"
"Inneractive","Web","64898234","44854146","20044088"
"Brightcove","Media","6523532","1050027","5473505"
"FreeWheel","Web","553099","172469","380630"
"Xiaomi","Web","12174700","2891520","9283180"
"Nielsen","Web","3742391","1084977","2657414"
"Tukif","Web","82518","25369","57149"
"Vetogate","Web","238853","22918","215935"
"4CHAN","Web","19904","6240","13664"
"Vine","Media","15470","3979","11491"
"Cedexis","Web","2357456","816826","1540630"
"Amazon Cloud Drive","Web","1013412935","928952751","84460184"
"Lazada","Web","19802","2101","17701"
"Gettyimages","Web","5274127","457082","4817045"
"Flipboard","Web","57692","4961","52731"
"Traffic Junky","Web","107729","18734","88995"
"quic","Network Service","2897083","1245545","1651538"
"ADTECH","Web","122164","33367","88797"
"AOL One","Web","1758607","68488","1690119"
"Realestate","Web","72538","20388","52150"
"Constant Contact","Web","6332150","462720","5869430"
"Bitbucket","Web","648227","253741","394486"
"Sabah","Web","24269","4586","19683"
"Atlassian","Web","7167095","3168308","3998787"
"Web.DE","Web","38767","11787","26980"
"Internet.org","Web","8957","4864","4093"
"Kakaocdn","Infrastructure","279755","11754","268001"
"My.com","Web","20154","12434","7720"
"Bizographics","Web","17873","5369","12504"
"Helpshift","Web","145149","49293","95856"
"Atlas Solutions","Web","172729","66134","106595"
"CBS Video","Web","37418","8786","28632"
"Fastly","Web","1811356","233468","1577888"
"Disney Channel","Web","1647658","249488","1398170"
"NBC","Web","992542","189120","803422"
"Localytics","Web","3447278","723385","2723893"
"MoPub","Web","74546","28104","46442"
"Perform","Web","4256491","191200","4065291"
"Periscope","Media","141435","33212","108223"
"Olark","Web","647996","76598","571398"
"Liveperson","Web","1887326","211222","1676104"
"Zopim","Web","768036","237055","530981"
"Mapbox","Web","4668059","515730","4152329"
"Rollout","Web","278438","90441","187997"
"Microsoft Excel Online (Office 365)","Web","114489170","30278059","84211111"
"Signal","Web","125478","25414","100064"
"Riffsy (Tenor.co)","Web","1489992","114035","1375957"
"Tune","Web","58178","16130","42048"
"Braintree","Web","593878","116938","476940"
"Verizon","Web","8766643","5543072","3223571"
"Bleacher Report","Web","39170694","5844206","33326488"
"Umeng","Web","877275","456333","420942"
"Elbotola","Web","428711","37864","390847"
"MobFox","Web","19414","4835","14579"
"Liftoff","Web","4766928","1783845","2983083"
"Baidu Maps","Web","39984","7481","32503"
"Younow","Web","55678458","27607533","28070925"
"Adk2","Web","58989","7140","51849"
"Pokemon GO","Gaming","227260","149082","78178"
"CDNetworks","Infrastructure","5305","1704","3601"
"Weborama","Web","522817","145915","376902"
"Myway","Web","54982","27295","27687"
"Highwinds","Web","1297447","131322","1166125"
"Innovid","Web","52088732","2935348","49153384"
"Wix","Web","7241125","1145115","6096010"
"Tinder","Web","91395775","6675055","84720720"
"Eskimi","Web","33827","9291","24536"
"Heroku","Web","233539","63885","169654"
"IMO Video Calling Application","Media","17769068","11303087","6465981"
"Clash of Clans","Gaming","12778715","1491492","11287223"
"Supercell","Gaming","617899","208482","409417"
"Amazon Music","Media","29823","15228","14595"
"Facebook Live","Media","4672576","4436160","236416"
"Microsoft Word Online (Office 365)","Business Collaboration","3225657","353564","2872093"
"Signal Private Messenger (Open Whisper Systems)","Internet Instant Messaging","22412188","3662068","18750120"
"Nintendo","Gaming","626115","455578","170537"
"OpenRTB","Web","492589","432163","60426"
"ADventori","Web","56664","14415","42249"
"Audible","Real Time Audio/Video","214014","104542","109472"
"Google Classroom","Web","457574","141114","316460"
"Samsung Update","Web","1190574","70602","1119972"
"Guineenews","Web","7813","2725","5088"
"ULP","Network Service","1117336","90148","1027188"
"MaxCDN","Web","210048","69360","140688"
"Media Innovation Group","Web","649414","214236","435178"
"Zhihu","Web","1521293","130553","1390740"
"Booking.com","Web","3227904","227835","3000069"
"Walmart","Web","320059","268695","51364"
"Tuko Kenya","Web","133514","28190","105324"
"Autodesk Fusion 360","Tunneling and VPN","1577862","98950","1478912"
"Optus","Web","1161634","124223","1037411"
"Gfycat","Web","10909","3741","7168"
"T-Mobile","Web","43086","15709","27377"
"Sportradar","Web","759426","156226","603200"
"Wall Street Journal","Web","1912664","534746","1377918"
"ChinaNetCenter ","Web","41056","6093","34963"
"Clash Royale","Gaming","12152578","1870955","10281623"
"Origin","Web","347439","119593","227846"
"Instructure","Web","300367","30817","269550"
"Electronic Arts","Web","27577127","9601947","17975180"
"Facebook Lite","Social Networking","852658","169938","682720"
"Kakao","Web","12425","3218","9207"
"Digioh","Web","6234","2440","3794"
"Apptimize","Web","73425","38308","35117"
"UC Browser","Web","7942","1737","6205"
"x_vpn","Tunneling and VPN","180037","44598","135439"
"Mediascope","Web","41957","14345","27612"
"Data Saver","Web","2013195","342163","1671032"
"Adtelligent","Web","2039426","898243","1141183"
"Youtube Music","Media","198627","12451","186176"
"Appnext","Web","148047","63581","84466"
"Tenor","Web","18043184","1503855","16539329"
"IronSource","Business Application","162985378","15091138","147894240"
"Text Me","Internet Instant Messaging","6488549","1707970","4780579"
"textPlus","Internet Instant Messaging","226320","87623","138697"
"Epic_games","Gaming","13327357","757979","12569378"
"HPE Insight Manager","Management","342124","169397","172727"
"Ubisoft","Gaming","5819485","941305","4878180"
"RingCentral","Business Collaboration","1379361","152586","1226775"
"Google News","Web","11653","2038","9615"
"Alibaba Group","Web","75366","14570","60796"
"Alibaba Cloud","Web","11590687","897292","10693395"
"League of Legends","Gaming","682052","88970","593082"
"Dragon Ball","Gaming","5582146","617867","4964279"
"ExpressVPN","Tunneling and VPN","83693","30013","53680"
"Future_plc","Web","862891","44655","818236"
"Wish","Web","94053","30907","63146"
"Google Play Books","Web","11568","2057","9511"
"Minecraft","Gaming","25835806","6856245","18979561"
"WorkspaceOne","Web","128976","15205","113771"
"Target","Web","1328218","103629","1224589"
"Fandom","Web","796527","146436","650091"
"Tesla","Web","6968","2451","4517"
"Google GSuite","Web","315595","83259","232336"
"AnonyTun","Tunneling and VPN","407375","138779","268596"
"W3Schools","Web","601221","36300","564921"
"OpenSignal","Web","108977","97118","11859"
"Megaphone","Web","55583018","4231089","51351929"
"TripAdvisor","Web","6155634","1079185","5076449"
"Moodle","Social Networking","15235614","1056407","14179207"
"PubNub","Web","861904","384726","477178"
"Unknown virtual protocol","Unclassified","418284","26286","391998"
"Unknown virtual protocol","Unclassified","1358334","121537","1236797"
"NetEase","Web","3359999","128633","3231366"
"Unknown virtual protocol","Unclassified","5304","3370","1934"
"Unknown virtual protocol","Unclassified","153931","36178","117753"
"Unknown virtual protocol","Unclassified","966281","88056","878225"
"Bumble","Web","223429747","24253708","199176039"
"Qwant","Web","934204","97701","836503"
"Acast","Real Time Audio/Video","55923435","3783981","52139454"
"Talkatone","Internet Instant Messaging","1874929","860261","1014668"
"Raknet","Gaming","108890298","19752767","89137531"
"Wireguard","Tunneling and VPN","726403143","197418429","528984714"
"Firework","Internet Instant Messaging","497790","127279","370511"
"JWPLAYER","Web","79647821","5156064","74491757"
"Bigo","Web","13419167","933129","12486038"
"BAMTech","Real Time Audio/Video","4151035","2259789","1891246"
"Disney Plus","Real Time Audio/Video","186614028","7891768","178722260"
"Engage Digital","Network Service","74143","17459","56684"
"Airbnb","Web","137044","86245","50799"
"Activision-Blizzard","Web","1074305","47400","1026905"
"Wangwang","Internet Instant Messaging","172882","78256","94626"
"Advanced Hosting","Web","10285265","523406","9761859"
"Workday","Business Application","3866603","434260","3432343"
"Shopify","Web","96364497","5516587","90847910"
"Service Now","Web","3130931","375692","2755239"
"StackPath","Web","206029","24846","181183"
"Uber Eats","Web","11626","2172","9454"
"DoorDash","Web","6096851","435773","5661078"
"Fifa","Gaming","175816657","30021455","145795202"
"Houseparty","Real Time Audio/Video","27672","7313","20359"
"Likee","Internet Instant Messaging","7943595","2420276","5523319"
"Acronis Backup","File Sharing","2416070","314354","2101716"
"Citrix","Web","50552","20057","30495"
"Pluto TV","Real Time Audio/Video","14665685","1319026","13346659"
"Demandbase","Web","103708","12042","91666"
"ToTok Messenger","Internet Instant Messaging","79720","22849","56871"
"Amazon Alexa Assistant","Business Collaboration","221840","46379","175461"
"Spotify Audio","Real Time Audio/Video","886138150","30252153","855885997"
"Yubo","Internet Instant Messaging","59855609","8672331","51183278"
"Connatix","Real Time Audio/Video","3546828","840751","2706077"
"Minute Media","Web","23374582","1058457","22316125"
"UserReport","Web","91406","21706","69700"
"The Blaze","Web","986976","55457","931519"
"Hotels.com","Web","705808","207876","497932"
"Indeed","Web","93787107","25578397","68208710"
"Priceline.com","Web","611205","45338","565867"
"Geforce Now","Gaming","63044","17656","45388"
"Call of Duty Mobile","Gaming","32856363","1538172","31318191"
"The Walt Disney Company","Web","2031014","935906","1095108"
"Indiegogo","Web","10154","1784","8370"
"FedEx","Web","2941835","839190","2102645"
"Kayak","Web","8103703","405107","7698596"
"WarnerMedia","Web","3807574","216313","3591261"
"Wargaming","Web","12504","3828","8676"
"Datadog","Web","413680","317654","96026"
"Unknown virtual protocol","Unclassified","112648","45651","66997"
"Unknown virtual protocol","Unclassified","150704","78740","71964"
"ShoreTel","Business Collaboration","67750","29725","38025"
