"Application","Category","Total Bytes","Bytes Received","Bytes Sent"
"Domain Name Service","Network Service","2218580262","987263310","1231316952"
"Google Mail","Email","4404962655","615388077","3789574578"
"Google Search","Web","2705445657","329438076","2376007581"
"HyperText Transfer Protocol","Web","10195475086","341253260","9854221826"
"HyperText Transfer Protocol Secure","Web","69299138760","7443692943","61855445817"
"Internet Control Message Protocol","Network Service","4210444512","2529201778","1681242734"
"Internet Message Access Protocol version 4","Email","148573075","39791775","108781300"
"Internet Message Access Protocol Secure","Email","65754438","11816983","53937455"
"Internet Protocol","Network Service","0","0","0"
"Internet Security Association and Key Management Protocol","Tunneling and VPN","1710255898","143828514","1566427384"
"XMPP Protocol (Jabber)","Business Collaboration","25249943","18389086","6860857"
"Network Time Protocol","Network Service","3978509","2159024","1819485"
"Real Time Protocol","Business Collaboration","5383624541","2749715654","2633908887"
"Skype and Teams","Business Collaboration","748784903","46680775","702104128"
"Simple Object Access Protocol","Network Service","1705635534","789010587","916624947"
"Secure Socket Layer","Tunneling and VPN","97620849272","16222091980","81398757292"
"Session Traversal Utilities for NAT","Business Collaboration","26924565","10618327","16306238"
"Transmission Control Protocol","Other TCP/UDP","9275477686","1863100368","7412377318"
"User Datagram Protocol","Other TCP/UDP","530882881391","35550139751","495332741640"
"Yahoo Search","Web","6030584","506193","5524391"
"Youtube.com","Media","75778832933","2238160838","73540672095"
"Facebook","Social Networking","259689309417","6719513260","252969796157"
"Google Ads","Web","4880903099","558479614","4322423485"
"Windows Live Hotmail","Email","600712181","76532414","524179767"
"LinkedIn","Social Networking","1461527610","72279967","1389247643"
"Apple Generic Services","Web","68271177909","1597059182","66674118727"
"Deezer","Web","241009251","1481424","239527827"
"Online Certificate Status Protocol","Business Application","67960252","22507924","45452328"
"Twitter","Social Networking","13742156728","586600916","13155555812"
"iTunes","Media","6645549088","400768747","6244780341"
"Spotify","Media","15905189437","488918059","15416271378"
"TeamViewer","Remote Desktop","294612952","153357325","141255627"
"Bing.com (formerly MSN Search)","Web","1658142966","209912584","1448230382"
"Baidu.com","Web","1227108597","350147716","876960881"
"Windows Update","Web","31136910591","826452877","30310457714"
"Chrome Update","Web","2415415106","40026356","2375388750"
"Netflix.com","Media","53694179939","657725850","53036454089"
"Google Analytics,Google Marketing Platform","Web","1290763911","270188267","1020575644"
"Google GStatic","Web","6478082421","358091606","6119990815"
"Salesforce","Business Application","35290543","6578085","28712458"
"Portal.TidalTV.com","Web","2309380","576637","1732743"
"Google Generic","Web","6667774159","1158378226","5509395933"
"AccuWeather","Web","18142271","2457962","15684309"
"Amazon Generic Services","Web","11113805930","3353407258","7760398672"
"Daum.net","Web","883298058","20593310","862704748"
"Mozilla.com - Mozilla.org","Web","82468281","15992267","66476014"
"Naver Corporation (formerly NHN Corporation)","Web","2321195898","72603874","2248592024"
"Weather.com","Web","100921178","6830259","94090919"
"Youdao.com","Web","8228505","3706244","4522261"
"WhatsApp Messenger","Internet Instant Messaging","62184373736","26336756750","35847616986"
"Taobao","Web","282321369","17927726","264393643"
"Apple App Store","Web","18674149976","430363123","18243786853"
"Windows Marketplace","Web","5484874898","121169842","5363705056"
"Apple Push Notification Service","Web","1047906308","674169449","373736859"
"iOS over-the-air (OTA) update","Web","21428227570","379970705","21048256865"
"Samsung Apps","Web","1178566366","26041015","1152525351"
"Google Play Store","Media","8038119502","2177894999","5860224503"
"iCloud (Apple)","Storage and Backup","47662637689","13130514557","34532123132"
"Instagram","Web","324543013735","9692872189","314850141546"
"SoundCloud","Media","2590525941","245149210","2345376731"
"Amazon Web Services/Cloudfront CDN","Infrastructure","36973083148","8153290436","28819792712"
"KakaoTalk","Internet Instant Messaging","276249927","60643461","215606466"
"QQ.com","Web","2905691244","196933124","2708758120"
"Sogou.com","Web","3852993","1837230","2015763"
"Akamai Technologies CDN","Web","6790150808","108078036","6682072772"
"Microsoft Azure (previously Windows Azure)","Infrastructure","945863686","18108275","927755411"
"Yahoo.com","Web","3818164049","360225247","3457938802"
"WeChat","Internet Instant Messaging","50445267579","2741225679","47704041900"
"QQ News","Web","1293722421","51421813","1242300608"
"CloudFlare CDN","Infrastructure","42344657237","1496366329","40848290908"
"Microsoft Office 365","Business Collaboration","5063998678","332185662","4731813016"
"Pinterest","Web","1532809367","71709395","1461099972"
"Microsoft Outlook (Office 365)","Business Application","2631259530","533440240","2097819290"
"Reddit.com","Web","7374849097","126420466","7248428631"
"Apple SIRI","Web","187560294","109094320","78465974"
"Google Documents (aka Google Drive)","Storage and Backup","230752707","58909518","171843189"
"JingDong","Web","4457664","115718","4341946"
"MercadoLibre (aka MercadoLivre)","Web","1315451","227809","1087642"
"Google Accounts","Web","412843456","124222508","288620948"
"Amazon Ad System","Web","813596414","102047159","711549255"
"Snapchat","Social Networking","14487826074","869396242","13618429832"
"AddThis","Web","44513713","2685735","41827978"
"ScorecardResearch","Web","379900620","21075570","358825050"
"Quantcast","Web","159589738","9454068","150135670"
"Oracle","Web","30537625","7183324","23354301"
"Bitstrips","Social Networking","309820159","13507550","296312609"
"TRUSTe","Web","50073726","4042631","46031095"
"Criteo","Web","438457530","83436461","355021069"
"Adobe","Business Application","1098802506","171725114","927077392"
"Google Safe Browsing","Web","172925568","44299744","128625824"
"Inneractive","Web","190419807","131271469","59148338"
"Flurry","Business Application","116778237","23355284","93422953"
"Samsung","Web","482395126","102000656","380394470"
"Crashlytics","Web","198132783","15338403","182794380"
"Twitch","Media","306786113","12949093","293837020"
"Facebook Messenger","Internet Instant Messaging","24751256570","11697648891","13053607679"
"InMobi","Web","396452032","198825617","197626415"
"AppsFlyer","Business Application","244151393","38238923","205912470"
"Gravatar","Business Collaboration","7163853","1158335","6005518"
"FreeWheel","Web","9134679","2685857","6448822"
"Xiaomi","Web","68783817","12416553","56367264"
"Nielsen","Web","89701448","5846210","83855238"
"Smart AdServer","Web","366771943","62863894","303908049"
"Cedexis","Web","15437889","3274942","12162947"
"Google Cloud Storage","Web","22126441002","20904962332","1221478670"
"Google Cloud Messaging","Web","277245582","73249051","203996531"
"Google Calendar","Web","62042942","17173769","44869173"
"Apple Location","Web","7093445619","455389769","6638055850"
"quic","Network Service","162980124","75873216","87106908"
"OpenX","Web","24458984","7535110","16923874"
"PubMatic","Web","203459805","92596546","110863259"
"Index Exchange (previously Casale Media)","Web","110082563","30621680","79460883"
"LOTAME","Web","52295679","4309997","47985682"
"Rubicon Project","Web","343744251","140348161","203396090"
"AppNexus","Web","709122474","396071143","313051331"
"Rlcdn","Web","32833927","6925333","25908594"
"HyperText Transfer Protocol version 2","Web","23509923050","1929564813","21580358237"
"Kakaocdn","Infrastructure","183518096","2810071","180708025"
"Google Tag Manager","Web","644138068","34805895","609332173"
"Ad Safe Protected","Web","238127788","37701146","200426642"
"Adjust.com","Web","54456564","22453675","32002889"
"Apple Music","Media","18621531129","546330351","18075200778"
"Outbrain","Web","267107916","41473387","225634529"
"Localytics","Web","8617789","2235638","6382151"
"MoPub","Web","11920897","5483134","6437763"
"Applovin","Web","1439233065","383111462","1056121603"
"Android connectivity Manager","Network Service","21694440","11404713","10289727"
"Moat","Web","336668791","84590048","252078743"
"Heap","Web","267552353","149251315","118301038"
"Branch Metrics","Web","278920676","36902345","242018331"
"Optimizely","Web","102339231","30521540","71817691"
"Taboola","Web","431251045","46910865","384340180"
"Smaato","Web","33106404","13637434","19468970"
"Verizon","Web","75873763","56697731","19176032"
"jQuery","Web","2835142601","17452562","2817690039"
"Everest Technologies","Web","30309296","8909987","21399309"
"TubeMogul","Web","1357074","253335","1103739"
"Microsoft OneDrive","Web","11386742109","5471700040","5915042069"
"Microsoft","Web","7911094655","1546047474","6365047181"
"Umeng","Web","7582707","3885456","3697251"
"Revcontent","Web","24094809","2077238","22017571"
"New Relic","Web","777895403","515429018","262466385"
"Liftoff","Web","325194602","4282451","320912151"
"Baidu Maps","Web","2591401","958548","1632853"
"Uber (formerly UberCab)","Web","4007092140","2583521993","1423570147"
"Conversant","Web","36126557","14068502","22058055"
"Teads","Web","221798752","12080945","209717807"
"Clicktale","Web","24340630","16879623","7461007"
"ZoomMeetings","Business Collaboration","11615553474","3647946873","7967606601"
"Pokemon GO","Gaming","197247790","10712523","186535267"
"GIPHY","Web","1320125939","20859533","1299266406"
"Firebase Cloud Messaging","Web","1256799701","547382123","709417578"
"Bidswitch","Web","71207799","24260512","46947287"
"Bugsnag","Web","7935620","4503202","3432418"
"Apple Game Center","Gaming","87614141","56244436","31369705"
"Sharethrough","Web","75356775","22815354","52541421"
"Yieldmo","Web","52146433","6582156","45564277"
"DoubleVerify","Web","286099438","46174695","239924743"
"Media Innovation Group","Web","3407290","889628","2517662"
"Booking.com","Web","126648118","5889294","120758824"
"Avast","Web","202598596","17241234","185357362"
"Okta","Web","248006345","84806109","163200236"
"PulsePoint","Web","16472789","5487596","10985193"
"Amplitude","Web","1622999241","1357470226","265529015"
"Chunghwa Telecom","Web","50999","9102","41897"
"ChinaNetCenter ","Web","4748463","960042","3788421"
"Google Cloud Platform","Web","59540762","11743999","47796763"
"Microsoft teams","Internet Instant Messaging","2973703183","583231300","2390471883"
"Kakao","Web","9341935","1716968","7624967"
"Apptimize","Web","616416","214140","402276"
"Akamai Video","Media","58081318","2058177","56023141"
"Cisco","Web","17114467","6295297","10819170"
"IronSource","Business Application","829032598","36254211","792778387"
"Grammarly","Web","130435664","51640460","78795204"
"Simpli.fi","Web","18408424","1780588","16627836"
"ByteDance","Web","1319723342","255063732","1064659610"
"TikTok (Musical.ly)","Social Networking","182533411116","3977874155","178555536961"
"Alibaba Cloud","Web","330657972","56417773","274240199"
"Discord","Internet Instant Messaging","3272847102","881054362","2391792740"
"Apple News","Web","523937126","21873690","502063436"
"Google APIs","Web","10603549901","4936137383","5667412518"
"Amazon Cognito","Web","35704177","11398079","24306098"
"Unknown virtual protocol","Unclassified","6297769204","111910865","6185858339"
"Unknown virtual protocol","Unclassified","141265236","8840113","132425123"
"Unknown virtual protocol","Unclassified","483807053","86953006","396854047"
"Unknown virtual protocol","Unclassified","545429206","105676926","439752280"
"Unknown virtual protocol","Unclassified","20750569","15195179","5555390"
"Google Pay","Web","22836747","4238656","18598091"
"Talkatone","Internet Instant Messaging","17312147","8010708","9301439"
"Wireguard","Tunneling and VPN","29391048690","1826241828","27564806862"
"Google Messages","Internet Instant Messaging","70954342","28742001","42212341"
"DoorDash","Web","609978128","292849849","317128279"
"Roblox","Gaming","26248323310","2276154269","23972169041"
"KOCHAVA","Web","4503726","1209763","3293963"
"Spotify Audio","Real Time Audio/Video","10589045672","76261522","10512784150"
"Pendo","Web","31654635","10160305","21494330"
"Contentful","Web","373889719","37942157","335947562"
"Digicert","Web","66976511","8551948","58424563"
"Font Awesome","Web","49996603","2694686","47301917"
"Intercom","Web","212992361","83231839","129760522"
"SD-WAN Control","SD-WAN","17640996538","10061502964","7579493574"
"SD-WAN Management","SD-WAN","391452415","188060205","203392210"
"TencentMeeting","Business Collaboration","2649657623","506507756","2143149867"
"Dailymotion.com","Media","76393242","1998061","74395181"
"eBay.com","Web","74786997","8099386","66687611"
"Gnutella","Peer to Peer","21087","5848","15239"
"Google Maps","Web","128068849","37162413","90906436"
"IPsec (AH and ESP)","Tunneling and VPN","310776724","161837019","148939705"
"McAfee Client update","Business Application","352870180","16196041","336674139"
"Real Time Control Protocol","Business Collaboration","34190688","15147698","19042990"
"Real Time Streaming Protocol","Media","41026","25618","15408"
"Session Initiation Protocol","Business Application","508032","278738","229294"
"Wikipedia.com","Web","163052033","4589705","158462328"
"XMLRPC","Web","29913","2354","27559"
"Yahoo Mail v.2.0","Email","372399783","45246801","327152982"
"Secure AIM","Internet Instant Messaging","1793101","313469","1479632"
"Expedia.fr","Web","78029273","13807758","64221515"
"Travelocity.com","Web","175839","29093","146746"
"WordPress.com","Social Networking","226931405","4349990","222581415"
"Flickr","Social Networking","39750741","713632","39037109"
"Mail.ru Webmail","Email","1040828","203988","836840"
"Steampowered.com","Gaming","16116954484","506421848","15610532636"
"Xbox Live","Gaming","33621213","3081594","30539619"
"Badoo.com","Internet Instant Messaging","12761686","1426640","11335046"
"ResearchGATE.net","Web","14097861","376136","13721725"
"Yandex.ru","Web","27389745","6698698","20691047"
"Adobe Flash Plugin Update","Web","461849","41911","419938"
"Teredo protocol","Tunneling and VPN","2031789","1526905","504884"
"Firefox Update","Web","66333883","1631353","64702530"
"Java Update","Web","3646669","441530","3205139"
"Apple Update","Web","650634990","10798926","639836064"
"Opera Update","Web","4403777","1611081","2792696"
"Viber","Real Time Audio/Video","170241449","29070951","141170498"
"Trendmicro Update protocol","Web","14079588","7646922","6432666"
"BBC Player","Media","111718895","2199694","109519201"
"Dropbox","Storage and Backup","2351380093","193302560","2158077533"
"iHeartRADIO","Media","3341511","363262","2978249"
"Psiphon","Web","611568","46534","565034"
"YouKu","Media","10903875","9736203","1167672"
"WebEx","Business Collaboration","136679026","13920402","122758624"
"Bloomberg.com","Web","24467398","847722","23619676"
"Acer","Web","113821","18934","94887"
"Adobe Acrobat DC (Document Cloud)","Web","12239401","1517215","10722186"
"AmericanExpress","Web","1180226","106275","1073951"
"ATT.com (AT&T)","Web","32586104","20007354","12578750"
"Blogger","Web","6107622","352678","5754944"
"CNN (Cable News Network)","Web","673406531","67638275","605768256"
"FoxSports.com","Web","1098268","23602","1074666"
"IKEA.com","Web","517135080","52764606","464370474"
"NASA.gov","Web","247321162","3190577","244130585"
"NBA.com","Web","15788261","1009050","14779211"
"National Football League (NFL.com)","Web","37803377","2999212","34804165"
"Vimeo","Web","3854687704","23882894","3830804810"
"Sina Weibo","Web","454402304","7935878","446466426"
"Google App Engine","Business Application","30911428","2020713","28890715"
"Apple FaceTime","Real Time Audio/Video","32289455038","16015509456","16273945582"
"Line","Internet Instant Messaging","3198853169","2011297815","1187555354"
"TuneIn","Real Time Audio/Video","723057030","15607867","707449163"
"Amazon Prime Video","Media","2016712713","31632481","1985080232"
"163.com","Web","5308420","2200626","3107794"
"Alipay","Web","38013632","1054528","36959104"
"Alibaba.com","Web","1415722222","24884390","1390837832"
"51.la","Web","143735","27318","116417"
"Limelight Networks CDN","Web","1643008749","27191841","1615816908"
"Datagram Transport Layer Security","Tunneling and VPN","808051835","216257994","591793841"
"Rakuten.co.jp","Web","8976421","577822","8398599"
"Zoho Corporation","Business Application","35242505","10231944","25010561"
"Microsoft SharePoint Online (Office 365)","Business Application","315926605","56921815","259004790"
"ESPN.go.com","Web","1600884025","35950294","1564933731"
"Imgur.com","Storage and Backup","110474262","1552637","108921625"
"Apple Maps","Web","5801324","280015","5521309"
"Issuu.com","Web","3844396","281382","3563014"
"Mendeley.com","File Sharing","241408","64322","177086"
"Paypal.com","Web","82674863","16877294","65797569"
"BBC","Web","855091614","34987757","820103857"
"Softonic.com","Web","154792490","891954","153900536"
"Goal.com","Web","32342","6244","26098"
"craigslist","Web","316188561","29844784","286343777"
"Conviva","Infrastructure","8864878","4940714","3924164"
"EdgeCast Networks CDN","Infrastructure","25954","3539","22415"
"AliExpress.com","Web","155919129","4741527","151177602"
"Wp.pl","Web","1134830","387809","747021"
"VnExpress.net","Web","2725179","264018","2461161"
"Aol","Web","6076374","870775","5205599"
"Turn","Web","9874279","2442706","7431573"
"Telegram","Internet Instant Messaging","2042781329","34819607","2007961722"
"Rovio Entertainment","Gaming","542018","128260","413758"
"Symantec","Web","60030117","18548560","41481557"
"Zendesk","Business Collaboration","33757056","1370244","32386812"
"Brightcove","Media","201434668","3044413","198390255"
"BoldChat Live Chat","Internet Instant Messaging","6383859","1659599","4724260"
"Turner","Web","500791384","4990181","495801203"
"zalo","Internet Instant Messaging","1558651682","614871235","943780447"
"Stickyads","Web","210113128","14134700","195978428"
"Eksisozluk","Web","55772","3299","52473"
"Mixpanel","Web","28370762","19963593","8407169"
"Lazada","Web","5857528","209278","5648250"
"Flipboard","Web","2667062","971548","1695514"
"CPMSTAR","Web","206110","41421","164689"
"ADTECH","Web","3251016","321880","2929136"
"Sizmek (previously MediaMind)","Web","173605385","2636248","170969137"
"AOL One","Web","1066147","231929","834218"
"Realestate","Web","524263","99630","424633"
"GitHub","Web","124508596","7576724","116931872"
"Atlassian","Web","5991182","2055028","3936154"
"Advertising.com","Web","9932968","2804988","7127980"
"Facebook Embedded Video","Media","14221693593","122693848","14098999745"
"Helpshift","Web","1779668","542061","1237607"
"Scotiabank","Web","65170283","14332728","50837555"
"Atlas Solutions","Web","792796","224870","567926"
"Urbanairship","Web","10593578","2900841","7692737"
"BootstrapCDN","Web","13829320","1247625","12581695"
"CBS Video","Web","59405368","567264","58838104"
"Fastly","Web","14456439","1195547","13260892"
"Unruly","Web","15409805","8613598","6796207"
"Disney Channel","Web","22769245","664637","22104608"
"Rogers TV","Web","64710410","5627804","59082606"
"UpLynk","Web","291171851","1269721","289902130"
"NBC","Web","20379633","721868","19657765"
"Krux","Web","616661154","20790569","595870585"
"Periscope","Media","84580232","2404849","82175383"
"Microsoft Office OneNote (Office 365)","Business Application","1983345380","1546645100","436700280"
"Olark","Web","8466392","347464","8118928"
"Liveperson","Web","29396494","2238423","27158071"
"Zopim","Web","5254196","1287833","3966363"
"Microsoft Excel Online (Office 365)","Web","466785012","242978894","223806118"
"Rackspace","Web","1580896016","67418433","1513477583"
"Signal","Web","2344060","240413","2103647"
"LiveChat","Web","6302575","420219","5882356"
"Ensighten","Web","6865662","957027","5908635"
"MediaMath","Web","17461116","6499684","10961432"
"LKQD","Web","10174072","5548962","4625110"
"Bleacher Report","Web","295066178","3604848","291461330"
"SpotXchange","Web","15899467","4576588","11322879"
"MobFox","Web","244389","96846","147543"
"Slack","Web","282797147","14880880","267916267"
"Bazaarvoice","Web","33616196","2755463","30860733"
"Adform","Web","47798804","9249882","38548922"
"hotjar","Web","452617109","65543175","387073934"
"CDNetworks","Infrastructure","6312603","225770","6086833"
"Financial Information eXchange (FIX)","Network Service","612037","207778","404259"
"Weborama","Web","452924","98771","354153"
"HyperText Transfer Protocol proxy","Network Service","288658498","20189859","268468639"
"Highwinds","Web","6794940","296386","6498554"
"Wells Fargo","Web","25612","3338","22274"
"Innovid","Web","502098338","10445600","491652738"
"Tinder","Web","501409441","13203715","488205726"
"Shutterstock","Web","3078380","180932","2897448"
"Heroku","Web","2404396","344363","2060033"
"IMO Video Calling Application","Media","8898218","3717199","5181019"
"Clash of Clans","Gaming","111163623","2613835","108549788"
"Supercell","Gaming","18574745","535237","18039508"
"Amazon Music","Media","84878561","5721094","79157467"
"Cheetah Mobile","Web","83247","12592","70655"
"ADventori","Web","434040","93952","340088"
"Tealium","Web","28104798","4595177","23509621"
"Audible","Real Time Audio/Video","5684990","334956","5350034"
"Flashtalking","Web","158028692","7913952","150114740"
"AdColony","Web","25433833","8814389","16619444"
"Huawei","Web","40526811","9490591","31036220"
"Be Forward","Web","1450422","34940","1415482"
"MGID","Web","7461981","701491","6760490"
"ULP","Network Service","5432900","304679","5128221"
"AnyDesk","Remote Desktop","411497","171526","239971"
"Walmart","Web","8637650","2490515","6147135"
"Automatic Data Processing (ADP)","Web","10139304","654340","9484964"
"eXelate","Web","108419828","2321011","106098817"
"Autodesk Fusion 360","Tunneling and VPN","106238282","13263064","92975218"
"Sonobi","Web","22526944","8939423","13587521"
"Cloudinary","Web","156466252","1466866","154999386"
"Caliente","Web","16226482","3309954","12916528"
"Google Secure User Plane Location","Web","2497806","384450","2113356"
"T-Mobile","Web","8155826","1730543","6425283"
"Wall Street Journal","Web","41591599","5340915","36250684"
"Origin","Web","15203872","449960","14753912"
"Canvas Student","Web","73714351","1087851","72626500"
"Instructure","Web","25754486","1017780","24736706"
"Mail.com","Email","21756765","2620731","19136034"
"UC Browser","Web","943716","730044","213672"
"x_vpn","Tunneling and VPN","119969","18723","101246"
"Mediascope","Web","246658","60973","185685"
"Data Saver","Web","2877273","249932","2627341"
"Domain Name Service Crypt","Network Service","1322053","622336","699717"
"Adtelligent","Web","26111896","12899124","13212772"
"Tenor","Web","232858673","9200157","223658516"
"Splunk Cloud","Storage and Backup","2119980","1073982","1045998"
"Fox Networks","Web","947717","23878","923839"
"9GAG","File Sharing","92544683","1719795","90824888"
"Epic_games","Gaming","31567291","5840246","25727045"
"Disqus","Web","73785948","5891499","67894449"
"Microsoft AD Right Management Service","Business Application","167555","126390","41165"
"RingCentral","Business Collaboration","3002461","514300","2488161"
"Visual IQ","Web","2546829","804032","1742797"
"Alibaba Group","Web","4747857","335647","4412210"
"WorkspaceOne","Web","127509","57097","70412"
"Fandom","Web","33780187","1687446","32092741"
"Google GSuite","Web","96458167","58543438","37914729"
"Vungle","Web","451262649","16458332","434804317"
"Megaphone","Web","13032409226","173118733","12859290493"
"TripAdvisor","Web","54725943","2572405","52153538"
"DAZN","Real Time Audio/Video","133513347","2643913","130869434"
"Unknown virtual protocol","Unclassified","6515460","415012","6100448"
"NetEase","Web","633523312","18210388","615312924"
"Unknown virtual protocol","Unclassified","72653552","1370323","71283229"
"Unknown virtual protocol","Unclassified","580463976","6691792","573772184"
"Acast","Real Time Audio/Video","11064088364","129378455","10934709909"
"JWPLAYER","Web","866574703","11936508","854638195"
"Bigo","Web","20289532","824177","19465355"
"Quora","Social Networking","46914980","3860704","43054276"
"Wangwang","Internet Instant Messaging","22633971","1865750","20768221"
"Workday","Business Application","21086264","2650879","18435385"
"Shopify","Web","464134427","10019527","454114900"
"Uber Eats","Web","23029918","5253275","17776643"
"Likee","Internet Instant Messaging","9184801","2427643","6757158"
"Citrix","Web","88456","41949","46507"
"Sift Science","Web","2139554","536084","1603470"
"Zerotier","Tunneling and VPN","20788411","10345334","10443077"
"Connatix","Real Time Audio/Video","167455854","6489164","160966690"
"Minute Media","Web","251007114","1936179","249070935"
"UserReport","Web","4549455","1147089","3402366"
"Go Daddy","Web","31797297","1557406","30239891"
"Hotels.com","Web","2733783","251354","2482429"
"Indeed","Web","496372876","154370284","342002592"
"The Free Dictionary","Web","518321","44414","473907"
"Nvidia","Web","49162668","2192501","46970167"
"Geforce Now","Gaming","14826686","1769922","13056764"
"The Walt Disney Company","Web","12454453","1668523","10785930"
"Kickstarter","Web","26263366","593245","25670121"
"WarnerMedia","Web","1965753491","14574021","1951179470"
"Datadog","Web","29800779","22342279","7458500"
"ShoreTel","Business Collaboration","368580","151833","216747"
"BitTorrent","Peer to Peer","2922321","33043","2889278"
"Google Earth","Web","752108","110836","641272"
"Google Groups","Social Networking","16563","1890","14673"
"GPRS Tunneling Protocol","Tunneling and VPN","2840","1440","1400"
"Internet Relay Chat","Internet Instant Messaging","1042811","161081","881730"
"HP Printer Job Language","Business Application","29660","14760","14900"
"Layer 2 Tunneling Protocol","Tunneling and VPN","194994","62477","132517"
"MySpace.com","Social Networking","8316","1598","6718"
"Netbios Name Service","Network Service","6318","6318","0"
"Post Office Protocol (Version 3)","Email","28032","13924","14108"
"Secure POP3","Email","50474548","469814","50004734"
"QQ","Internet Instant Messaging","48649713","12539484","36110229"
"Remote Authentication Dial-In User Service","Authentication","2786414","685636","2100778"
"Remote Desktop Protocol (Windows Terminal Server)","Remote Desktop","3655201","1453557","2201644"
"ShoutCast","Media","2114777","72501","2042276"
"Simple Mail Transfer Protocol","Email","1192501","1074538","117963"
"Simple Mail Transfer Protocol Secure","Email","74150","61287","12863"
"Simple Network Management Protocol","Management","1387912","1387912","0"
"Secure Shell","Tunneling and VPN","28207183","14332605","13874578"
"VMWare","Remote Desktop","8331","930","7401"
"Wireless Transaction Protocol","Network Service","15210","6786","8424"
"MPEG-Transport Stream","Real Time Audio/Video","276014733","3437882","272576851"
"Simple Network Paging Protocol","Network Service","8012700","1065870","6946830"
"4shared.com","Web","15470","2400","13070"
"Ares","Peer to Peer","5191564","4970720","220844"
"Xunlei/Thunder protocol","Peer to Peer","5950","2938","3012"
"Ask.com","Web","6897693","516258","6381435"
"Tagged.com","Social Networking","1702307","333486","1368821"
"Southwest.com","Web","1891456","178203","1713253"
"Realtor.com","Web","1673755","315465","1358290"
"RuneScape","Gaming","38174","1638","36536"
"Rambler.ru","Web","1117955","106739","1011216"
"Real Time Messaging Protocol","Network Service","418778","8067","410711"
"BabyCenter (My Baby Today)","Web","11927","2427","9500"
"Classmates","Social Networking","1228701","29240","1199461"
"DeviantArt.com","Web","9677361","1666665","8010696"
"Flixster.com","Web","19577664","225415","19352249"
"Foursquare.com","Web","1319076","388306","930770"
"Goodreads.com","Web","1616491","164362","1452129"
"Italki.com","Web","745920","14146","731774"
"Last.fm","Media","254490","116418","138072"
"LiveJournal.com","Social Networking","6711756","173521","6538235"
"Meetup","Web","1871370","242540","1628830"
"Mixi.jp","Web","168252","27976","140276"
"MyAnimeList.net","Web","12915395","537304","12378091"
"Odnoklassniki.ru","Social Networking","420366","45556","374810"
"Tumblr","Social Networking","676307899","13238702","663069197"
"Vk.com (Vkontakte)","Social Networking","19659471","522114","19137357"
"Vox.com","Web","4519","468","4051"
"Yammer.com","Business Application","74889","7952","66937"
"Yelp.com","Web","42792336","1703434","41088902"
"PPStream - P2P based Streamed Media","Business Collaboration","4798992","244993","4553999"
"Adobe Update Manager","Web","662161397","10561510","651599887"
"Archive.org","Web","88152137","651912","87500225"
"Debian/Ubuntu Update","Web","27912619","155206","27757413"
"QQLive Network Player","Media","885146","547401","337745"
"BitDefender Update","Web","67162393","8691646","58470747"
"Symantec Norton AntiVirus Updates","Web","43398175","672266","42725909"
"Tango Video Calls","Real Time Audio/Video","32085","7125","24960"
"Playstation Network","Gaming","16391","1669","14722"
"Kaspersky Update","Web","128715","99103","29612"
"Avira Update","Web","41631","9818","31813"
"Kugou/Kugoo","Peer to Peer","148553","40854","107699"
"Garena","Web","6814063","265230","6548833"
"Box","File Sharing","3357068","290339","3066729"
"Concur","Business Application","3881496","414676","3466820"
"Evony.com","Web","29954","6040","23914"
"Google Translate","Web","31319991","6042669","25277322"
"Nicovideo.jp (aka Nico Nico Douga)","Media","83997","12047","71950"
"Pandora Radio","Media","65313","1368","63945"
"Photobucket.com","Web","39827","1002","38825"
"Tokbox.com","Web","389621","37631","351990"
"SiriusXm.com","Media","22384029","1000841","21383188"
"Zoho CRM","Business Application","77250","21580","55670"
"GoToMeeting Online Meeting","Business Collaboration","84338","33298","51040"
"Slingbox","Media","1620311","21603","1598708"
"Microsoft Office Communicator","Internet Instant Messaging","501750","26990","474760"
"Poker Stars","Gaming","866727","19142","847585"
"RSS","Web","4251763","93995","4157768"
"Flash Media Playback","Media","641166","19131","622035"
"ABCNews","Web","11897461","191992","11705469"
"Alexa","Web","118175","14127","104048"
"Answers","Web","5880","1328","4552"
"Capital One","Web","16203156","1767027","14436129"
"Cnet.com","Web","323892","23761","300131"
"China Network Television","Web","395095","102875","292220"
"Comcast","Web","7939585","2262493","5677092"
"Daily Mail","Web","22452794","799115","21653679"
"Digg.com","Web","57859","7420","50439"
"Fox News","Web","4034432","173986","3860446"
"Groupon","Web","11200216","763552","10436664"
"Intuit.com","Business Application","19622747","5697538","13925209"
"Kaspersky.com","Web","33038158","12395437","20642721"
"Livedoor.com","Web","10813645","738586","10075059"
"Mashable.com","Web","45635","9740","35895"
"Monster.com","Web","957584","8737","948847"
"NationalGeographic.com","Web","12636135","443211","12192924"
"Nike.com","Web","95181566","8184913","86996653"
"Ntv.co.jp","Web","1067255","25620","1041635"
"NYTimes.com","Web","390409667","4181939","386227728"
"PlayStation.com","Web","184643","18207","166436"
"Reuters.com","Web","3119965","33929","3086036"
"Reverso.net","Web","1102856","58733","1044123"
"Ryanair.com","Web","32693","8175","24518"
"SlideShare","Web","495809","16777","479032"
"Sports Illustrated","Web","2762631","33983","2728648"
"Sprint.com","Web","17907","3975","13932"
"SurveyMonkey.com","Web","1310909","147751","1163158"
"VietBao.vn","Web","5642","1055","4587"
"WashingtonPost.com","Web","14615865","390007","14225858"
"Xbox","Gaming","174039","26523","147516"
"XNXX","Web","181220","46946","134274"
"Youm7.com","Web","4724","1738","2986"
"Youporn","Web","127851","6563","121288"
"Sina.com.cn","Internet Instant Messaging","288461272","9397313","279063959"
"QQDownload","Peer to Peer","11034","3220","7814"
"OICQ","Internet Instant Messaging","1127587","673935","453652"
"Sophos update","Business Application","47070","15065","32005"
"QQ WeiBo","Web","1864561","402535","1462026"
"GMX webmail","Email","4866972","447749","4419223"
"Google Plus","Web","3440071","1830877","1609194"
"Scribd.com","Web","3864713","157150","3707563"
"Hulu","Media","64224","27827","36397"
"Shazam","Web","3585821","385922","3199899"
"Chosun services","Web","478384","7309","471075"
"Coupang","Web","1425150","510370","914780"
"Zum.com","Web","88652","16863","71789"
"Hankooki.com","Web","39045","4501","34544"
"Hankyung.com","Web","5678","526","5152"
"Nate.com","Web","673172","113308","559864"
"Shinhan.com","Web","4518870","141620","4377250"
"Sports.chosun.com","Web","748011","24267","723744"
"Tistory.com","Web","235520","37612","197908"
"Interpark.com","Web","40595650","3523704","37071946"
"Joongang Daily","Web","4124624","389983","3734641"
"Nexon.com","Web","11304","2087","9217"
"Sohu.com","Web","21497897","898439","20599458"
"Ifeng.com","Web","146225966","15844413","130381553"
"Tmall.com","Web","152443","14553","137890"
"Douban.com","Web","4493660","1722635","2771025"
"cnzz.com","Web","21392","10444","10948"
"360.cn","Web","2489313","1567561","921752"
"PConline.com.cn","Web","153962","32421","121541"
"iQiyi","Web","12444830","1720135","10724695"
"Soku.com","Web","18906","3606","15300"
"Zynga.com","Gaming","1260451","521886","738565"
"ISO Base Media File Format","Real Time Audio/Video","2427375181","22710769","2404664412"
"KIK Messenger","Internet Instant Messaging","254615","89018","165597"
"MiTalk Messenger (Miliao)","Internet Instant Messaging","3362124","185267","3176857"
"FC2.com","Social Networking","27463165","366753","27096412"
"Ameba.jp","Web","47212860","2663605","44549255"
"Hatena.ne.jp","Social Networking","38969256","1435458","37533798"
"2ch.net","Web","1775","758","1017"
"Seesaa","Web","981244","43034","938210"
"Pixiv.net","Web","164257","30702","133555"
"Blogpark.jp","Web","126713869","4298138","122415731"
"Sakura.ne.jp","Web","148297","8962","139335"
"Biglobe.ne.jp","Web","2416","1306","1110"
"Yomiuri.co.jp","Web","6169999","185531","5984468"
"Cocolog-nifty.com","Social Networking","134284","21283","113001"
"Nikkei.com","Web","2298056","88344","2209712"
"Livedoor Blog","Web","8774470","627763","8146707"
"GREE Games","Gaming","24281","10154","14127"
"Auone.jp","Web","47104","8607","38497"
"China-airlines.com","Web","9344","1799","7545"
"Chinatimes.com","Web","4020030","120432","3899598"
"Ctrip.com","Web","105479339","8443827","97035512"
"Duowan.com","Gaming","118318","34240","84078"
"Eastmoney.com","Web","16585721","2312684","14273037"
"Ettoday.net","Web","1046550","46314","1000236"
"LionTravel.com","Web","5933736","218433","5715303"
"QQ Games","Gaming","815391","263527","551864"
"QQ Mail","Email","2431795","1214041","1217754"
"Qunar.com","Web","5841381","866793","4974588"
"Ruten.com.tw","Web","430678","16558","414120"
"Sina finance","Web","1381010","48484","1332526"
"Tencent.com","Internet Instant Messaging","63386293","2328804","61057489"
"Udn.com","Web","9265207","158614","9106593"
"Xuite.net","Gaming","262663","9710","252953"
"Google Talk (incl. Hangouts and Allo and Duo)","Real Time Audio/Video","1204611559","147592558","1057019001"
"Nokia Here API","Web","975095059","27076128","948018931"
"MeetMe.com","Social Networking","4419913","827381","3592532"
"Microsoft Skype for Business (formerly Microsoft Lync Online) (Office 365)","Business Collaboration","7217","2970","4247"
"SoftBank.com","Web","268394","41447","226947"
"Nend.net","Web","2168434","135376","2033058"
"Monex.com","Web","263377","25296","238081"
"iperf","File Sharing","303522","39239","264283"
"Sina Video","Media","1418703","1163401","255302"
"Baidu Player","Media","43528","1006","42522"
"Speedtest","File Sharing","165256083","20613234","144642849"
"BuzzFeed.com","Web","3194122","167050","3027072"
"Internet Movie Database","Web","331021737","3503708","327518029"
"Evernote","Web","1784834","151626","1633208"
"WebSocket","Network Service","4497880","493329","4004551"
"Bet365.com","Web","84006267","7653074","76353193"
"DCinside.com","Web","35531668","6277605","29254063"
"Egnyte Enterprise File Sharing","Storage and Backup","7285","1297","5988"
"LastPass.com","Web","212717","35516","177201"
"Naver Drive","Storage and Backup","5889","4461","1428"
"Microsoft Skype for Business (formerly Microsoft Lync)","Business Collaboration","40368","14667","25701"
"Saavn Bollywood Music","Media","1055690","451621","604069"
"LineGames.jp","Gaming","1652348","114429","1537919"
"Orange.com","Web","139218","5651","133567"
"AVG.com","Web","40612","6034","34578"
"ElPais.com","Web","53414","8907","44507"
"Marca.com","Web","853655","225285","628370"
"Kooora.com","Web","307796","7653","300143"
"Apple HTTP Live Streaming","Real Time Audio/Video","349947584","6569901","343377683"
"24h.com.vn","Web","2086121","280356","1805765"
"Dantri.com.vn","Web","492277","9096","483181"
"DBS Bank (dbs.com.sg)","Web","31727","8467","23260"
"Indiatimes","Web","212972","10157","202815"
"Kijiji.ca","Web","15406042","2101667","13304375"
"System Center Configuration Manager","Management","2445","1809","636"
"Background Intelligent Transfer Service","File Sharing","86958326","4808147","82150179"
"Seznam.cz","Web","119354","7061","112293"
"Hotspot Shield","Tunneling and VPN","410038","233498","176540"
"OpenGW (VPN Gate)","Tunneling and VPN","156159","33989","122170"
"Clarin.com","Web","13658","4154","9504"
"Coccoc.com","Web","349017","82742","266275"
"Elcomercio.pe","Web","4566734","196848","4369886"
"Elmundo.es","Web","103717","3617","100100"
"NZHerald.co.nz","Web","22607","5751","16856"
"Rt.com","Web","958047","50525","907522"
"UOL.com.br","Web","816288","107104","709184"
"Ynet.co.il","Web","1187938","505143","682795"
"Stuff.co.nz","Web","1678457","79697","1598760"
"Zing.vn","Web","177107","40496","136611"
"Over-blog","Web","84162","2001","82161"
"Eltiempo","Web","1810076","121745","1688331"
"News","Web","1911564","83883","1827681"
"Gameloft Games","Gaming","1294005314","35687478","1258317836"
"Akinator the Genie","Gaming","31396","4531","26865"
"Aparat","Web","50741183","449308","50291875"
"Naver","Web","203153","11848","191305"
"Yadro","Web","223251","99893","123358"
"Candy Crush Saga","Gaming","19206646","6921217","12285429"
"King Digital Entertainment","Gaming","3535786","457891","3077895"
"Waze Social GPS Maps & Traffic","Web","23469761","903574","22566187"
"Huffington Post","Web","3781093","100487","3680606"
"Plants vs Zombies","Gaming","951496","366069","585427"
"KakaoStory","Social Networking","28590","5088","23502"
"OpenStreetMap","Infrastructure","893409","45290","848119"
"Videoplaza","Web","467242","80758","386484"
"magicJack","Business Application","231522","103120","128402"
"Qoo10","Web","1277730","322751","954979"
"Digital River","Web","104576","18944","85632"
"Naver Blog","Web","24102","3821","20281"
"Wrike","Business Application","4068723","432562","3636161"
"Plenty Of Fish","Web","7026308","4421004","2605304"
"Apsalar","Business Application","5290","1255","4035"
"Vmware Horizon View (PCoIP protocol)","Business Application","149470804","34782912","114687892"
"Afreeca TV","Media","2323493398","14651328","2308842070"
"battlenet","Gaming","8227155","348003","7879152"
"Ukr","Web","2156048","117006","2039042"
"4CHAN","Web","211507","51078","160429"
"ASANA","Web","1888353","33232","1855121"
"Abs.cbnnews","Web","124629","3300","121329"
"Taobao Ad Network and Exchange","Web","248689","73442","175247"
"Amazon Cloud Drive","Web","5644007","5169281","474726"
"Gettyimages","Web","19965150","605245","19359905"
"Traffic Junky","Web","19314","4095","15219"
"I2P Invisible Internet Project","Tunneling and VPN","9030","3876","5154"
"SBS","Media","87356","1433","85923"
"Smh","Web","543738","21206","522532"
"Constant Contact","Web","13453745","343316","13110429"
"Xbox Music","Media","217307","2457","214850"
"Bitbucket","Web","1365929","565562","800367"
"Pastebin","Web","3432","962","2470"
"Internet.org","Web","73368","28365","45003"
"SourceForge","Web","2544","947","1597"
"My.com","Web","356200","141156","215044"
"Bizographics","Web","38313","8162","30151"
"Aptoide","Web","6015","1008","5007"
"Ebay.classifieds","Web","12032","1332","10700"
"Gmanetwork","Web","2322539","106676","2215863"
"Winamax","Web","58270","7810","50460"
"LogMeIn","Remote Desktop","46372","2238","44134"
"GodTube","Web","1770","376","1394"
"Threema","Web","13579","2660","10919"
"Microsoft Translator (Bing Translator)","Web","880714","101255","779459"
"Perform","Web","1405384","32475","1372909"
"Microsoft Sway (Office 365)","Business Application","34537","4194","30343"
"Mapbox","Web","50580687","1858239","48722448"
"SDE","Web","3277446","277564","2999882"
"Liberty Times Net","Web","1318196","43582","1274614"
"Google Code","Web","7492","1014","6478"
"Rollout","Web","337539","35821","301718"
"Riffsy (Tenor.co)","Web","11106870","1205799","9901071"
"Tune","Web","139011","51262","87749"
"Braintree","Web","2337271","483455","1853816"
"QINIU","Web","16904207","204268","16699939"
"Blog Phong Thuy","Web","30983","15407","15576"
"NeuLion","Web","20037","8117","11920"
"Lookout Mobile Security","Business Application","1693268","1044464","648804"
"Commonwealth Bank of Australia","Web","781728","250534","531194"
"Google Trusted Store (Google Commerce)","Web","83394","20380","63014"
"Rappler","Web","316044","6650","309394"
"Hola Web Proxy","Web","184102","46502","137600"
"funCaptcha","Web","30277","7303","22974"
"Yandex Maps","Web","9302175","621808","8680367"
"Google Photos (formerly Google Picasa)","Web","24625390","7838101","16787289"
"QQVideo","Web","2333276029","40401619","2292874410"
"ICY (I Can Yell)","Media","9167023","273270","8893753"
"Switch","Web","26844","13860","12984"
"Younow","Web","761297379","367239586","394057793"
"MQ Telemetry Transport","Network Service","13898","5717","8181"
"nuomi.com","Web","18380","2916","15464"
"Adk2","Web","2532135","37628","2494507"
"Uptobox","Web","4370965645","36950981","4334014664"
"StackExchange","Web","1758371","98728","1659643"
"StackOverflow","Web","1294831","21270","1273561"
"Wix","Web","105921948","7302560","98619388"
"Namuwiki","Web","42081","1962","40119"
"SolarWinds","Web","20338","2889","17449"
"Ubuntu","Web","4183986","86753","4097233"
"Hola","Web","275448","9021","266427"
"Microsoft Word Online (Office 365)","Business Collaboration","124249267","16305752","107943515"
"Microsoft Powerpoint Online (Office 365)","Business Collaboration","15202726","1902263","13300463"
"Signal Private Messenger (Open Whisper Systems)","Internet Instant Messaging","15588618","5435747","10152871"
"Tidal","Media","242815","86604","156211"
"StreamRail","Media","22607375","18428587","4178788"
"Vidyard","Web","186896","13231","173665"
"Nintendo","Gaming","35959596","1893731","34065865"
"OpenRTB","Web","1051723","957745","93978"
"Ming Pao","Web","4482272","54679","4427593"
"Oriental Daily News (on.cc)","Web","823268","11710","811558"
"Meituan","Web","915745","659532","256213"
"Dianping","Web","906805","607352","299453"
"Aerserv","Web","7533","1232","6301"
"QQ r2","Web","16001321","11551630","4449691"
"Google Classroom","Web","115999","23542","92457"
"Samsung Update","Web","6178351930","148730480","6029621450"
"Huawei Update","Web","1555","828","727"
"Yandex Disk","Web","36172","6736","29436"
"Amazon Chime","Business Collaboration","63291","12828","50463"
"Net Perform","Web","30841","25967","4874"
"Livescore","Web","4570908","171937","4398971"
"MaxCDN","Web","396102","49130","346972"
"Zhihu","Web","25388388","4201162","21187226"
"Yandex Music","Real Time Audio/Video","4788522","222038","4566484"
"Namibia University of Science and Technology ","Web","1172391","20630","1151761"
"DocuSign","Web","32272455","3334276","28938179"
"8tracks","Real Time Audio/Video","183238","7611","175627"
"WeTransfer","Web","12327","1231","11096"
"Indian Railway Catering and Tourism Corporation","Web","774476","57469","717007"
"Optus","Web","1289105","71277","1217828"
"Gfycat","Web","116811878","1219959","115591919"
"KKBOX","Real Time Audio/Video","1524857","371990","1152867"
"Vivox","Internet Instant Messaging","87452","27684","59768"
"ptt","Web","103359","8753","94606"
"Kahoot!","Web","103192326","1098603","102093723"
"Sportradar","Web","987812","85329","902483"
"Niantic, Inc","Web","51828875","1866230","49962645"
"Meitu","Web","59271574","1486084","57785490"
"Snow","Internet Instant Messaging","29943211","958610","28984601"
"Clash Royale","Gaming","23535422","1036830","22498592"
"DCARD","Social Networking","1057293","66874","990419"
"United Internet","Web","5056174","429860","4626314"
"shopee.tw","Web","17691519","849598","16841921"
"Electronic Arts","Web","846767175","17277795","829489380"
"Facebook Lite","Social Networking","5926739","748757","5177982"
"Apache Thrift","Network Service","984","751","233"
"Demonware","Web","100304528","6131293","94173235"
"Digioh","Web","3527109","124581","3402528"
"upnp","Network Service","158120","3796","154324"
"Youtube Music","Media","14003911","820599","13183312"
"Appnext","Web","956824","118480","838344"
"Fortnite","Gaming","152928518","40902933","112025585"
"Text Me","Internet Instant Messaging","10221357","4010450","6210907"
"AnchorFree","Tunneling and VPN","100369","30816","69553"
"Unreal_engine","Gaming","241524","120500","121024"
"Voxer","Internet Instant Messaging","191852","7572","184280"
"IBM","Web","16780","5215","11565"
"TunnelBear VPN","Tunneling and VPN","24004","6218","17786"
"Spring Tech VPN","Tunneling and VPN","182041","5146","176895"
"Google News","Web","11036067","2125732","8910335"
"PlayerUnknown's BattleGrounds","Gaming","328979003","46459272","282519731"
"CyberGhost","Tunneling and VPN","52866","13245","39621"
"League of Legends","Gaming","9114151","5120081","3994070"
"Mobile Legends","Gaming","270857352","11317476","259539876"
"ExpressVPN","Tunneling and VPN","4884196","1654184","3230012"
"Account Kit","Web","1156734","370552","786182"
"Redis","Business Application","13522","4538","8984"
"TechRadar","Web","25704006","184366","25519640"
"Future_plc","Web","28401844","1063163","27338681"
"Inskin","Web","9448","2622","6826"
"Monday.com","Web","6675388","1094658","5580730"
"Wish","Web","10681633","1104355","9577278"
"Google Play Books","Web","47748","2607","45141"
"ProtonMail","Email","1293598","95052","1198546"
"Bluehost","Web","10070553","794148","9276405"
"MAkeMyTrip","Web","35776","18177","17599"
"Minecraft","Gaming","5276656","393698","4882958"
"Warner Bros. Interactive Entertainment","Gaming","397834","338881","58953"
"AWS Console","Business Application","2329753","1645713","684040"
"Ted Conferences","Web","755853","23612","732241"
"HBO","Web","317518","204116","113402"
"Grab - Transport, Food Delivery, Payments","Web","1547224","563039","984185"
"iBooks","Web","7425469","836556","6588913"
"Tesla","Web","14193570","510590","13682980"
"AnonyTun","Tunneling and VPN","34247","14961","19286"
"W3Schools","Web","7877172","162425","7714747"
"Codepen","Web","697131","13934","683197"
"Didi","Web","166770","52613","114157"
"OpenSignal","Web","9232430","8791633","440797"
"UDP Data Transfer protocol","File Sharing","23624717","4985867","18638850"
"Moodle","Social Networking","154588060","3707375","150880685"
"Gcash","Web","6133003","82771","6050232"
"Mynt","Web","16289","11539","4750"
"PubNub","Web","3688479","1458322","2230157"
"Valve Source Engine","Gaming","4848","1320","3528"
"Gaana","Real Time Audio/Video","836980","62472","774508"
"Unknown virtual protocol","Unclassified","87968","14272","73696"
"Unknown virtual protocol","Unclassified","39811","7444","32367"
"Unknown virtual protocol","Unclassified","1072063","831953","240110"
"Unknown virtual protocol","Unclassified","5558","1769","3789"
"Unknown virtual protocol","Unclassified","21597","4239","17358"
"Unknown virtual protocol","Unclassified","179108","3585","175523"
"eLong","Web","1310592","31172","1279420"
"Eurosport","Web","45379","2911","42468"
"Bumble","Web","267164841","17357497","249807344"
"Qwant","Web","72813","2743","70070"
"National Public Radio","Web","150609560","992246","149617314"
"Mario Kart Tour","Gaming","179030699","3785075","175245624"
"Firework","Internet Instant Messaging","9986346","156030","9830316"
"BAMTech","Real Time Audio/Video","59196406","29289505","29906901"
"Disney Plus","Real Time Audio/Video","16161494800","142681164","16018813636"
"Apple TV Plus","Real Time Audio/Video","849720571","6943205","842777366"
"Kuwo","Real Time Audio/Video","15967","11952","4015"
"Agora","Network Service","40269","18085","22184"
"Toutiao","Web","11931376","1359386","10571990"
"Xigua Video","Real Time Audio/Video","1988908","338154","1650754"
"Tuchong","Web","926856","878464","48392"
"Airbnb","Web","103618696","8007744","95610952"
"Activision-Blizzard","Web","2073434","74931","1998503"
"Sharp Stream","Real Time Audio/Video","230473164","2898087","227575077"
"Zhenai","Web","1313","866","447"
"MediaLab","Web","805910","322560","483350"
"Netease Games","Gaming","39899546","18450126","21449420"
"Baidu Tieba","Social Networking","158461762","15687491","142774271"
"LocationIQ","Web","108517","5158","103359"
"StackPath","Web","7897540","291311","7606229"
"Ximalaya","Real Time Audio/Video","1473","707","766"
"Grubhub","Web","567267","11850","555417"
"Fifa","Gaming","2125109","377533","1747576"
"Houseparty","Real Time Audio/Video","246892","31309","215583"
"BridTV","Real Time Audio/Video","24012","5142","18870"
"YY","Real Time Audio/Video","47859506","652044","47207462"
"Acronis Cloud","Web","5900016","3250788","2649228"
"Acronis Backup","File Sharing","155182955","2900885","152282070"
"Microsoft Dynamics","Business Application","391471","121975","269496"
"Digital Turbine","Web","23936504","298675","23637829"
"Pluto TV","Real Time Audio/Video","12561023651","137506589","12423517062"
"Amber Weather","Web","4671","836","3835"
"adRise","Real Time Audio/Video","257021","25010","232011"
"Tubi TV","Real Time Audio/Video","91249585","1090398","90159187"
"iFunny","Web","42389545","1511639","40877906"
"Hiido - Haidu Cloud","Web","5319244","3642319","1676925"
"Demandbase","Web","1392556","57880","1334676"
"Amazon Alexa Assistant","Business Collaboration","58442204","16652707","41789497"
"Hearthstone","Gaming","557930","138597","419333"
"Yubo","Internet Instant Messaging","201775","11834","189941"
"Arena of Valor","Gaming","16956223","3945008","13011215"
"Xbox Cloud Gaming","Gaming","13128","4103","9025"
" Revolut","Web","810018","88895","721123"
"Jitsi","Real Time Audio/Video","16480388","4111179","12369209"
"Rappi","Web","10188","1108","9080"
"Coursera","Web","147495909","4568241","142927668"
"The Blaze","Web","5034544","84030","4950514"
"WordReference.com","Web","40024","2654","37370"
"E! Online","Web","25090065","188350","24901715"
"NHL.com","Web","66963119","2208810","64754309"
"Official Major League Baseball","Web","67163171","375252","66787919"
"Priceline.com","Web","11616311","2863367","8752944"
"Rotten Tomattoes","Web","6229906","376781","5853125"
"RetailMeNot","Web","798856","620078","178778"
"SFGate","Web","461536","12868","448668"
"BambooHR","Web","19229724","128038","19101686"
"The Telegraph","Web","4058234","325700","3732534"
"TIME","Web","597921","12468","585453"
"TMZ","Web","27303311","271330","27031981"
"United Airlines","Web","7066454","1967065","5099389"
"OnlyFans","Web","529","319","210"
"Call of Duty Mobile","Gaming","510278468","24605506","485672962"
"Wired","Web","528774552","5334711","523439841"
"Indiegogo","Web","26079","3148","22931"
"FedEx","Web","2647616","555551","2092065"
"Kayak","Web","34445909","165656","34280253"
"Akatsuki Inc","Gaming","14284653","638623","13646030"
"Eventbrite","Web","18956719","232078","18724641"
"Bilibili","Web","50778292","2910469","47867823"
"Wargaming","Web","153932","85107","68825"
"Unknown virtual protocol","Unclassified","40801","904","39897"
"Unknown virtual protocol","Unclassified","655598","280892","374706"
"LWAPP","Business Application","1440","1440","0"
"RingCentralApp","Business Collaboration","96712","31001","65711"
