"Application","Category","Total Bytes","Bytes Received","Bytes Sent"
"Domain Name Service","Network Service","969659730","509860534","459799196"
"Google Mail","Email","930813426","75868001","854945425"
"Google Search","Web","317165427","34808433","282356994"
"Google Maps","Web","147632628","3779032","143853596"
"HyperText Transfer Protocol","Web","1456685610","77136196","1379549414"
"HyperText Transfer Protocol Secure","Web","13249535570","959211904","12290323666"
"Internet Control Message Protocol","Network Service","2938236614","1682251275","1255985339"
"Internet Message Access Protocol version 4","Email","110744631","38327781","72416850"
"Internet Protocol","Network Service","0","0","0"
"Network Time Protocol","Network Service","601465","336370","265095"
"Simple Object Access Protocol","Network Service","1310882380","552878785","758003595"
"Secure Socket Layer","Tunneling and VPN","25627841139","1946985691","23680855448"
"Session Traversal Utilities for NAT","Business Collaboration","939375","567129","372246"
"Transmission Control Protocol","Other TCP/UDP","5057060089","2575534540","2481525549"
"User Datagram Protocol","Other TCP/UDP","81061801040","10489789257","70572011783"
"Yahoo Mail v.2.0","Email","17707224","3201141","14506083"
"Youtube.com","Media","20378311172","239501204","20138809968"
"Facebook","Social Networking","46099071524","1074497022","45024574502"
"Google Ads","Web","517029532","59628436","457401096"
"Apple Generic Services","Web","7380938761","172580877","7208357884"
"Online Certificate Status Protocol","Business Application","9448674","3759067","5689607"
"Twitter","Social Networking","1280678362","32418784","1248259578"
"iTunes","Media","613129483","63202440","549927043"
"Spotify","Media","727401296","77230562","650170734"
"TeamViewer","Remote Desktop","220810171","95642569","125167602"
"Bing.com (formerly MSN Search)","Web","154630997","13327027","141303970"
"Windows Update","Web","8986222324","374246489","8611975835"
"Chrome Update","Web","769758877","14527738","755231139"
"Google Analytics,Google Marketing Platform","Web","176936088","20134430","156801658"
"Google GStatic","Web","1019956417","43058299","976898118"
"Google Generic","Web","929646856","72759646","856887210"
"Amazon Generic Services","Web","5009075889","1014610495","3994465394"
"WhatsApp Messenger","Internet Instant Messaging","23907847913","11422103175","12485744738"
"Apple App Store","Web","9824337446","106892671","9717444775"
"Windows Marketplace","Web","2383637505","152552968","2231084537"
"Apple Push Notification Service","Web","228923114","155923906","72999208"
"iOS over-the-air (OTA) update","Web","1597161170","24191396","1572969774"
"Samsung Apps","Web","31794820","3940314","27854506"
"Google Play Store","Media","948566482","230455780","718110702"
"iCloud (Apple)","Storage and Backup","25270991302","15431742382","9839248920"
"Instagram","Web","67816844152","1975329504","65841514648"
"Amazon Web Services/Cloudfront CDN","Infrastructure","4322663955","501453131","3821210824"
"Yahoo.com","Web","177152162","19171734","157980428"
"CloudFlare CDN","Infrastructure","5216757631","213235198","5003522433"
"Microsoft Office 365","Business Collaboration","697679735","54699004","642980731"
"Microsoft Outlook (Office 365)","Business Application","532493185","87328948","445164237"
"Apple SIRI","Web","33202124","18712498","14489626"
"Google Accounts","Web","348031887","280397017","67634870"
"Snapchat","Social Networking","17100047462","565265833","16534781629"
"Quantcast","Web","11246510","2106732","9139778"
"Bitstrips","Social Networking","92820128","5189733","87630395"
"Adobe","Business Application","529867221","44178325","485688896"
"Samsung","Web","66005739","22650447","43355292"
"Facebook Messenger","Internet Instant Messaging","493809380","178634401","315174979"
"Google Cloud Messaging","Web","46392683","12370092","34022591"
"Google Calendar","Web","14065685","3016944","11048741"
"Apple Location","Web","1932938618","204101277","1728837341"
"HyperText Transfer Protocol version 2","Web","4368412129","154621687","4213790442"
"Google Tag Manager","Web","83761827","3138990","80622837"
"Android connectivity Manager","Network Service","6810743","3815044","2995699"
"Branch Metrics","Web","21545985","6850281","14695704"
"Microsoft","Web","2161565384","409083686","1752481698"
"Uber (formerly UberCab)","Web","1872910173","1315833011","557077162"
"TikTok (Musical.ly)","Social Networking","32011708226","557466608","31454241618"
"Apple News","Web","163560887","5642579","157918308"
"Google APIs","Web","2653028635","1742513146","910515489"
"Amazon Cognito","Web","16073222","5118641","10954581"
"Digicert","Web","14137244","1733739","12403505"
"SD-WAN Control","SD-WAN","17397065335","9225135244","8171930091"
"SD-WAN Management","SD-WAN","1588079638","657897050","930182588"
"TencentMeeting","Business Collaboration","138142014","42810115","95331899"
"BitTorrent","Peer to Peer","1919","1360","559"
"eBay.com","Web","4694302","599111","4095191"
"Internet Message Access Protocol Secure","Email","6517754","2111554","4406200"
"Internet Security Association and Key Management Protocol","Tunneling and VPN","20026570","5667562","14359008"
"Remote Desktop Protocol (Windows Terminal Server)","Remote Desktop","4155","2688","1467"
"Real Time Protocol","Business Collaboration","299292965","182839063","116453902"
"Skype and Teams","Business Collaboration","97251825","40547490","56704335"
"Server Message Block (Windows File Server)","File Sharing","3274","2200","1074"
"Secure Shell","Tunneling and VPN","1044652","25491","1019161"
"Yahoo Search","Web","3091859","277144","2814715"
"Windows Live Hotmail","Email","26323970","4593088","21730882"
"Ask.com","Web","39990","2170","37820"
"LinkedIn","Social Networking","313444691","10312517","303132174"
"Yandex.ru","Web","1212410","188915","1023495"
"Salesforce","Business Application","11221515","5211057","6010458"
"Portal.TidalTV.com","Web","342834","90845","251989"
"GoToMeeting Online Meeting","Business Collaboration","69571","34153","35418"
"WebEx","Business Collaboration","21710","1173","20537"
"Weather.com","Web","5731803","714362","5017441"
"Apple FaceTime","Real Time Audio/Video","1687410343","819739462","867670881"
"Akamai Technologies CDN","Web","393210001","5148875","388061126"
"Google Talk (incl. Hangouts and Allo and Duo)","Real Time Audio/Video","834768682","508352940","326415742"
"Pinterest","Web","54666454","3688460","50977994"
"craigslist","Web","11735092","817292","10917800"
"Amazon Ad System","Web","87414781","16408599","71006182"
"AddThis","Web","3775003","451671","3323332"
"Turn","Web","1534796","377145","1157651"
"ScorecardResearch","Web","18413702","3613742","14799960"
"Oracle","Web","2578254","852795","1725459"
"TRUSTe","Web","7292499","328365","6964134"
"Criteo","Web","70481052","12949382","57531670"
"Google Safe Browsing","Web","39454100","1825520","37628580"
"Crashlytics","Web","5378587","1163872","4214715"
"InMobi","Web","15071955","7245643","7826312"
"AppsFlyer","Business Application","92599706","4487075","88112631"
"Gravatar","Business Collaboration","888077","135412","752665"
"Stickyads","Web","4804938","2106779","2698159"
"Mixpanel","Web","9050427","7506628","1543799"
"Smart AdServer","Web","28296979","8042011","20254968"
"OpenX","Web","3302205","1034091","2268114"
"PubMatic","Web","28539333","14537399","14001934"
"Index Exchange (previously Casale Media)","Web","16719479","4526860","12192619"
"LOTAME","Web","3315700","555871","2759829"
"Rubicon Project","Web","40885179","12231398","28653781"
"AppNexus","Web","79550188","45073227","34476961"
"AOL One","Web","177714","66213","111501"
"Rlcdn","Web","6599597","800582","5799015"
"Advertising.com","Web","958788","248098","710690"
"Facebook Embedded Video","Media","3731384459","21593371","3709791088"
"Ad Safe Protected","Web","25606124","3654537","21951587"
"Helpshift","Web","158108","35121","122987"
"Adjust.com","Web","3466848","1275301","2191547"
"Outbrain","Web","24440601","5636786","18803815"
"Unruly","Web","5705507","3533395","2172112"
"Rogers TV","Web","15766172","1046209","14719963"
"UpLynk","Web","102310","18983","83327"
"Localytics","Web","3545374","617262","2928112"
"Moat","Web","49277969","13213440","36064529"
"Krux","Web","2354379","327461","2026918"
"Taboola","Web","35917620","5070789","30846831"
"Rackspace","Web","1656131926","50366926","1605765000"
"Smaato","Web","2085158","787365","1297793"
"MediaMath","Web","4807506","1315703","3491803"
"Everest Technologies","Web","6455408","2017308","4438100"
"Microsoft OneDrive","Web","1237283798","388488619","848795179"
"Google Photos (formerly Google Picasa)","Web","98992767","73389722","25603045"
"Conversant","Web","1849204","632267","1216937"
"Teads","Web","21044885","2511294","18533591"
"Adform","Web","7021293","1114952","5906341"
"Firebase Cloud Messaging","Web","128620543","54495735","74124808"
"Bidswitch","Web","11886746","4348086","7538660"
"Apple Game Center","Gaming","2733249","553281","2179968"
"Sharethrough","Web","22847463","7954444","14893019"
"Yieldmo","Web","5306082","993625","4312457"
"MGID","Web","1296690","87272","1209418"
"DoubleVerify","Web","41882368","7520226","34362142"
"Media Innovation Group","Web","458847","123275","335572"
"Booking.com","Web","15107243","1138808","13968435"
"Okta","Web","28123354","3666526","24456828"
"PulsePoint","Web","2457859","760806","1697053"
"Sonobi","Web","10730612","5103384","5627228"
"Amplitude","Web","42447276","37632371","4814905"
"Microsoft teams","Internet Instant Messaging","65594427","9603102","55991325"
"Cisco","Web","2548978","1285333","1263645"
"Disqus","Web","12966183","902671","12063512"
"Simpli.fi","Web","5953353","302855","5650498"
"Wish","Web","119951","72543","47408"
"Google GSuite","Web","2505023","806870","1698153"
"Unknown virtual protocol","Unclassified","3988862","298323","3690539"
"Unknown virtual protocol","Unclassified","153866122","30784137","123081985"
"Google Messages","Internet Instant Messaging","20231121","14447472","5783649"
" Revolut","Web","33830","6467","27363"
"Go Daddy","Web","6057658","897155","5160503"
"Font Awesome","Web","5664244","368009","5296235"
"Dailymotion.com","Media","19438789032","108829739","19329959293"
"Google Earth","Web","38531038","347535","38183503"
"XMPP Protocol (Jabber)","Business Collaboration","1048078","458920","589158"
"McAfee Client update","Business Application","43628317","3133084","40495233"
"Secure POP3","Email","48933","7097","41836"
"QQ","Internet Instant Messaging","1631541","742437","889104"
"Real Time Control Protocol","Business Collaboration","18444","8768","9676"
"SAP","Business Application","258338","181643","76695"
"Session Initiation Protocol","Business Application","74295","34280","40015"
"Simple Mail Transfer Protocol","Email","70090","36358","33732"
"Wikipedia.com","Web","64766862","7028880","57737982"
"Wireless Transaction Protocol","Network Service","742","322","420"
"Secure AIM","Internet Instant Messaging","119886","21483","98403"
"Tagged.com","Social Networking","40139962","12161095","27978867"
"Expedia.fr","Web","29787602","8408124","21379478"
"Realtor.com","Web","9763","1443","8320"
"WordPress.com","Social Networking","5468972","191180","5277792"
"Flickr","Social Networking","629303","12789","616514"
"Mail.ru Webmail","Email","570853","164796","406057"
"Steampowered.com","Gaming","26008710","433395","25575315"
"Xbox Live","Gaming","2258872","84450","2174422"
"Badoo.com","Internet Instant Messaging","2933933","426109","2507824"
"Foursquare.com","Web","237137","36699","200438"
"Odnoklassniki.ru","Social Networking","175828","48563","127265"
"Vk.com (Vkontakte)","Social Networking","145674","52744","92930"
"Yelp.com","Web","35514778","995623","34519155"
"Baidu.com","Web","29908652","5984737","23923915"
"Adobe Flash Plugin Update","Web","31801","7262","24539"
"Firefox Update","Web","22669930","164883","22505047"
"Apple Update","Web","588776","8305","580471"
"Archive.org","Web","173336","10322","163014"
"Opera Update","Web","193782","51697","142085"
"BitDefender Update","Web","204693","47862","156831"
"Viber","Real Time Audio/Video","539002","46820","492182"
"Netflix.com","Media","11242685740","99333822","11143351918"
"Microsoft SharePoint","Business Application","3425128","227263","3197865"
"Dropbox","Storage and Backup","26167058","13779531","12387527"
"Google Translate","Web","2816590","604707","2211883"
"iHeartRADIO","Media","3236629","49466","3187163"
"Ooyala.jp","Web","5346","628","4718"
"PartyPoker.com","Gaming","639068","98647","540421"
"Psiphon","Web","3072454","669578","2402876"
"YouKu","Media","543608","511050","32558"
"Flash Media Playback","Media","1029660615","18504748","1011155867"
"ABCNews","Web","654931","12959","641972"
"AccuWeather","Web","622005","80579","541426"
"Adobe Acrobat DC (Document Cloud)","Web","69566","24192","45374"
"Alexa","Web","62209","7862","54347"
"AmericanExpress","Web","1703050","127900","1575150"
"ATT.com (AT&T)","Web","3309508","343561","2965947"
"Blogger","Web","121609","8659","112950"
"Capital One","Web","89032","12007","77025"
"Cnet.com","Web","139528","13944","125584"
"CNN (Cable News Network)","Web","24839645","2128420","22711225"
"Comcast","Web","9913","1482","8431"
"Daum.net","Web","7400587","515275","6885312"
"DirecTV.com","Web","6489","808","5681"
"Fox News","Web","24022127","996511","23025616"
"FoxSports.com","Web","275234","6432","268802"
"Groupon","Web","17938754","4452608","13486146"
"HowStuffWorks.com","Web","4576","622","3954"
"IKEA.com","Web","20688280","3048014","17640266"
"Intuit.com","Business Application","749716","42639","707077"
"Kaspersky.com","Web","3895092","2210671","1684421"
"Monster.com","Web","11942","3034","8908"
"Mozilla.com - Mozilla.org","Web","6523224","769809","5753415"
"Naver Corporation (formerly NHN Corporation)","Web","28755978","1092794","27663184"
"NBA.com","Web","7695","1111","6584"
"National Football League (NFL.com)","Web","8376150","1621326","6754824"
"Nike.com","Web","55336554","9959945","45376609"
"NYTimes.com","Web","62866916","1385000","61481916"
"Reuters.com","Web","2023024","83063","1939961"
"Sports Illustrated","Web","7686","653","7033"
"SurveyMonkey.com","Web","56722","12608","44114"
"TorrentDownloads.net","File Sharing","23176","8339","14837"
"Vimeo","Web","1455464844","25582014","1429882830"
"Xbox","Gaming","18218","3661","14557"
"Youdao.com","Web","349368","110409","238959"
"Sina.com.cn","Internet Instant Messaging","42563594","1368779","41194815"
"Sophos update","Business Application","97918","12233","85685"
"Sina Weibo","Web","755769251","119853289","635915962"
"Taobao","Web","14145441","1565320","12580121"
"QQ WeiBo","Web","37235","5234","32001"
"Google App Engine","Business Application","3673593","623472","3050121"
"GMX webmail","Email","145447","23218","122229"
"Line","Internet Instant Messaging","56030694","1818658","54212036"
"Scribd.com","Web","73631","10763","62868"
"Shazam","Web","1850344","192906","1657438"
"SoundCloud","Media","4950083","736918","4213165"
"TuneIn","Real Time Audio/Video","13259373","582822","12676551"
"KakaoTalk","Internet Instant Messaging","1102666","281123","821543"
"Chosun services","Web","46509950","196948","46313002"
"Coupang","Web","259482","23092","236390"
"Hankyung.com","Web","2619250","148302","2470948"
"Nate.com","Web","179834","27692","152142"
"Amazon Prime Video","Media","2744607769","50237802","2694369967"
"QQ.com","Web","6964840545","37829962","6927010583"
"Ifeng.com","Web","29184","20513","8671"
"Alipay","Web","71280","22298","48982"
"Sogou.com","Web","24192","1074","23118"
"Alibaba.com","Web","470886","83453","387433"
"Zynga.com","Gaming","48817","15840","32977"
"Limelight Networks CDN","Web","349730341","10582923","339147418"
"Microsoft Azure (previously Windows Azure)","Infrastructure","114588200","2793825","111794375"
"Datagram Transport Layer Security","Tunneling and VPN","18797314","7051601","11745713"
"ISO Base Media File Format","Real Time Audio/Video","253871740","1346867","252524873"
"KIK Messenger","Internet Instant Messaging","39708","4433","35275"
"WeChat","Internet Instant Messaging","9552411420","149691807","9402719613"
"MiTalk Messenger (Miliao)","Internet Instant Messaging","19234","3060","16174"
"FC2.com","Social Networking","190405","15932","174473"
"Rakuten.co.jp","Web","1556906","133328","1423578"
"QQ Games","Gaming","103277","34136","69141"
"QQ Mail","Email","1775445","347666","1427779"
"QQ News","Web","1470371","196407","1273964"
"Tencent.com","Internet Instant Messaging","63449","38667","24782"
"Udn.com","Web","2175759","76737","2099022"
"Pornhub","Web","35021","6966","28055"
"Zoho Corporation","Business Application","8930326","5432578","3497748"
"Nokia Here API","Web","1904756","109503","1795253"
"MeetMe.com","Social Networking","18104","10586","7518"
"Microsoft SharePoint Online (Office 365)","Business Application","9331981","1454785","7877196"
"SoftBank.com","Web","8428","1288","7140"
"iperf","File Sharing","1375","1002","373"
"ESPN.go.com","Web","79875671","1328406","78547265"
"BuzzFeed.com","Web","447163","47067","400096"
"Reddit.com","Web","3620871621","72159617","3548712004"
"Internet Movie Database","Web","6828768","80358","6748410"
"Imgur.com","Storage and Backup","25614739","122165","25492574"
"ThePirateBay.se","Web","86267","13838","72429"
"ImageShack","File Sharing","20554","8746","11808"
"Google Documents (aka Google Drive)","Storage and Backup","210063068","7101472","202961596"
"Evernote","Web","1565912","931603","634309"
"JingDong","Web","8154445","521040","7633405"
"Apple Maps","Web","625467","58231","567236"
"WebSocket","Network Service","771125","78871","692254"
"Bet365.com","Web","844171","111912","732259"
"Paypal.com","Web","14696575","4220051","10476524"
"BBC","Web","7959668","432211","7527457"
"ElPais.com","Web","394876","11918","382958"
"T-Online.de","Web","47083","4388","42695"
"Marca.com","Web","689335","33599","655736"
"Kooora.com","Web","1825","376","1449"
"MercadoLibre (aka MercadoLivre)","Web","739631","365747","373884"
"Globo.com","Web","13154","11433","1721"
"Kijiji.ca","Web","2428683","186338","2242345"
"Background Intelligent Transfer Service","File Sharing","780561","73338","707223"
"Walla.co.il","Web","1586101","48843","1537258"
"FrostWire Bittorrent client","Peer to Peer","372","224","148"
"Conviva","Infrastructure","1351001","860116","490885"
"AliExpress.com","Web","13608555","1178824","12429731"
"Rt.com","Web","267133","16564","250569"
"Wp.pl","Web","6008","1325","4683"
"Onet.pl","Web","14998","1424","13574"
"Aib","Web","206681","40208","166473"
"Fox Business Network","Web","636281","24539","611742"
"News","Web","706084","13749","692335"
"Aol","Web","2731482","214144","2517338"
"Naver","Web","1982","1248","734"
"Telegram","Internet Instant Messaging","1248765089","14244242","1234520847"
"King Digital Entertainment","Gaming","300517","151930","148587"
"Waze Social GPS Maps & Traffic","Web","13036562","843603","12192959"
"Symantec","Web","582905","171602","411303"
"OpenStreetMap","Infrastructure","224169","10117","214052"
"Videoplaza","Web","110188","29095","81093"
"Zendesk","Business Collaboration","24991843","888101","24103742"
"Inneractive","Web","36449845","26298068","10151777"
"Flurry","Business Application","2480764","1195424","1285340"
"Nate Mail","Email","80666","16507","64159"
"Brightcove","Media","16480515","480591","15999924"
"Twitch","Media","18472","4678","13794"
"BoldChat Live Chat","Internet Instant Messaging","690765","214241","476524"
"FreeWheel","Web","312155","85443","226712"
"Xiaomi","Web","193079","77575","115504"
"Turner","Web","3865918","153064","3712854"
"Nielsen","Web","3398231","284848","3113383"
"zalo","Internet Instant Messaging","1782756","81567","1701189"
"Taobao Ad Network and Exchange","Web","9652","7302","2350"
"Cedexis","Web","4415772","707269","3708503"
"Google Cloud Storage","Web","255296133","118842347","136453786"
"Lazada","Web","609116","9452","599664"
"Gettyimages","Web","69664","1435","68229"
"Flipboard","Web","18046638","1884287","16162351"
"Traffic Junky","Web","12485","1896","10589"
"quic","Network Service","24050242","8672888","15377354"
"CPMSTAR","Web","26667","4909","21758"
"ADTECH","Web","196407","16446","179961"
"Sizmek (previously MediaMind)","Web","385685414","1426493","384258921"
"Realestate","Web","92558","17518","75040"
"Constant Contact","Web","2444","1016","1428"
"GitHub","Web","11991242","935323","11055919"
"Atlassian","Web","358268","271319","86949"
"Internet.org","Web","75734","37203","38531"
"Kakaocdn","Infrastructure","7686239","163921","7522318"
"Bizographics","Web","4814","1238","3576"
"Splunk","Web","3502995","2780353","722642"
"Scotiabank","Web","16704358","2910387","13793971"
"Atlas Solutions","Web","155295","34233","121062"
"Urbanairship","Web","4443616","609529","3834087"
"BootstrapCDN","Web","2034292","124389","1909903"
"Apple Music","Media","62282666","1067888","61214778"
"HideMyAss","Anonymizers and Proxies","3279438","973727","2305711"
"CBS Video","Web","23509686","180434","23329252"
"Fastly","Web","2459221","92842","2366379"
"Disney Channel","Web","2067034","44670","2022364"
"Threema","Web","14423","2341","12082"
"NBC","Web","22693812","1016806","21677006"
"MoPub","Web","70334","15383","54951"
"Microsoft Translator (Bing Translator)","Web","18013","1808","16205"
"Applovin","Web","160746656","61785537","98961119"
"Perform","Web","3139146","26709","3112437"
"Periscope","Media","3976757","121883","3854874"
"Microsoft Office OneNote (Office 365)","Business Application","1126918","573276","553642"
"ngrok","Web","504330","259919","244411"
"Heap","Web","690098","211111","478987"
"Olark","Web","1027156","35408","991748"
"Optimizely","Web","9596628","2286871","7309757"
"Liveperson","Web","2358354","192214","2166140"
"Zopim","Web","1630611","307620","1322991"
"Mapbox","Web","2156963","76667","2080296"
"Google Code","Web","54549","10561","43988"
"Rollout","Web","2409477","475661","1933816"
"Microsoft Excel Online (Office 365)","Web","6142984","5098339","1044645"
"Signal","Web","920530","32913","887617"
"LiveChat","Web","833425","30251","803174"
"Riffsy (Tenor.co)","Web","10026519","170805","9855714"
"Ensighten","Web","1928493","196384","1732109"
"Tune","Web","28033","7538","20495"
"Braintree","Web","324551","103194","221357"
"QINIU","Web","6895","3505","3390"
"MiaoPai","Web","71187","2566","68621"
"Verizon","Web","2045680","1299292","746388"
"LKQD","Web","188583","54387","134196"
"jQuery","Web","6235341","405617","5829724"
"TubeMogul","Web","145934","37794","108140"
"Bleacher Report","Web","59661179","640861","59020318"
"SpotXchange","Web","2446161","848398","1597763"
"Umeng","Web","530536","265379","265157"
"pCloud","Web","17117","5599","11518"
"Revcontent","Web","1521577","294816","1226761"
"New Relic","Web","33720161","20928600","12791561"
"Liftoff","Web","784504","245834","538670"
"Baidu Maps","Web","102096","37870","64226"
"QQVideo","Web","2584610","82151","2502459"
"Slack","Web","70402194","7194404","63207790"
"ICY (I Can Yell)","Media","537489","4586","532903"
"Younow","Web","26623013","12565667","14057346"
"Bazaarvoice","Web","9849015","851577","8997438"
"MQ Telemetry Transport","Network Service","257500","27667","229833"
"Clicktale","Web","9596082","7230511","2365571"
"hotjar","Web","8095737","1484743","6610994"
"ZoomMeetings","Business Collaboration","1322299220","112692262","1209606958"
"Pokemon GO","Gaming","4757578","725378","4032200"
"CDNetworks","Infrastructure","12967","3770","9197"
"Weborama","Web","66785","15879","50906"
"HyperText Transfer Protocol proxy","Network Service","154368508","38510439","115858069"
"Highwinds","Web","4363592","67516","4296076"
"Innovid","Web","24823378","427044","24396334"
"StackExchange","Web","25860","7626","18234"
"StackOverflow","Web","868262","12785","855477"
"Wix","Web","26970727","15234110","11736617"
"Tinder","Web","111661377","3471391","108189986"
"GIPHY","Web","60633539","569546","60063993"
"Shutterstock","Web","510172","6267","503905"
"Heroku","Web","623968","135933","488035"
"IMO Video Calling Application","Media","1405890","723307","682583"
"Clash of Clans","Gaming","1924436","194361","1730075"
"Supercell","Gaming","8243769","57793","8185976"
"Amazon Music","Media","1267154","375337","891817"
"Cheetah Mobile","Web","20195","3723","16472"
"Microsoft Word Online (Office 365)","Business Collaboration","9587884","383917","9203967"
"Signal Private Messenger (Open Whisper Systems)","Internet Instant Messaging","107423029","53834648","53588381"
"Tidal","Media","76439","17901","58538"
"StreamRail","Media","22648","3196","19452"
"Bugsnag","Web","2579192","1935406","643786"
"Nintendo","Gaming","246638","34452","212186"
"ADventori","Web","64196","18511","45685"
"Tealium","Web","2625437","758380","1867057"
"Audible","Real Time Audio/Video","434358","128329","306029"
"Flashtalking","Web","10410011","1103312","9306699"
"AdColony","Web","2353996","770680","1583316"
"Google Classroom","Web","2100418","1315764","784654"
"Samsung Update","Web","3846027912","132331542","3713696370"
"Huawei","Web","358793","137290","221503"
"Mail.Ru Love","Web","55653","19377","36276"
"ULP","Network Service","1001775","63985","937790"
"Amazon Chime","Business Collaboration","1962732","283319","1679413"
"AnyDesk","Remote Desktop","47140","16432","30708"
"Livescore","Web","745597","84975","660622"
"Savefrom","Web","10141","3416","6725"
"MaxCDN","Web","4042","672","3370"
"Walmart","Web","593214","537735","55479"
"Avast","Web","2325007","1086760","1238247"
"DocuSign","Web","15911902","3011589","12900313"
"Automatic Data Processing (ADP)","Web","14546410","916680","13629730"
"eXelate","Web","855356","258961","596395"
"Autodesk Fusion 360","Tunneling and VPN","2336937","984690","1352247"
"Cloudinary","Web","46507948","448068","46059880"
"Google Secure User Plane Location","Web","324703","49060","275643"
"T-Mobile","Web","1801180","198760","1602420"
"Sportradar","Web","97912","2006","95906"
"Wall Street Journal","Web","559173166","3574847","555598319"
"Google Cloud Platform","Web","6772796","2455236","4317560"
"Niantic, Inc","Web","29736","7056","22680"
"Meitu","Web","689637","217360","472277"
"Snow","Internet Instant Messaging","13768","3366","10402"
"Clash Royale","Gaming","260961","77589","183372"
"Canvas Student","Web","1167603","19610","1147993"
"Instructure","Web","4904139","68490","4835649"
"United Internet","Web","99684","38362","61322"
"Workplace By Facebook","Social Networking","67548","35108","32440"
"shopee.tw","Web","10483","742","9741"
"Facebook Lite","Social Networking","208504","26872","181632"
"Kakao","Web","481361","51359","430002"
"Digioh","Web","535016","19837","515179"
"Apptimize","Web","10437","7342","3095"
"UC Browser","Web","144227","120380","23847"
"Mediascope","Web","66676","15352","51324"
"Data Saver","Web","350348","31898","318450"
"Adtelligent","Web","540436","219601","320835"
"Youtube Music","Media","1159778","449754","710024"
"Akamai Video","Media","514270","135853","378417"
"Tenor","Web","22256440","918090","21338350"
"IronSource","Business Application","56320026","4957459","51362567"
"Fox Networks","Web","480098","23131","456967"
"Text Me","Internet Instant Messaging","47317","6429","40888"
"AnchorFree","Tunneling and VPN","638471","376100","262371"
"textPlus","Internet Instant Messaging","98251","25144","73107"
"Epic_games","Gaming","2188046","40593","2147453"
"Grammarly","Web","19238103","7697968","11540135"
"ByteDance","Web","123654810","3312827","120341983"
"RingCentral","Business Collaboration","13352151","1289863","12062288"
"Google News","Web","31241","4029","27212"
"Visual IQ","Web","192167","49307","142860"
"Alibaba Group","Web","456626","72972","383654"
"Alibaba Cloud","Web","194125794","2839108","191286686"
"CyberGhost","Tunneling and VPN","114249","26234","88015"
"Discord","Internet Instant Messaging","16438718","405772","16032946"
"ExpressVPN","Tunneling and VPN","171247","31158","140089"
"Future_plc","Web","3134537","96401","3038136"
"ProtonMail","Email","705261","60735","644526"
"AWS Console","Business Application","21024355","17008924","4015431"
"WorkspaceOne","Web","264479","68933","195546"
"Jumpshare","File Sharing","3514986","179463","3335523"
"Fandom","Web","3292749","143493","3149256"
"Vungle","Web","31882220","2106840","29775380"
"Codepen","Web","4887","1155","3732"
"OpenSignal","Web","4953","1408","3545"
"Megaphone","Web","73428220","898366","72529854"
"TripAdvisor","Web","52180825","1620246","50560579"
"Moodle","Social Networking","8068562","1070882","6997680"
"DAZN","Real Time Audio/Video","198250112","484091","197766021"
"PubNub","Web","236524","67284","169240"
"Unknown virtual protocol","Unclassified","2177010659","43915605","2133095054"
"Unknown virtual protocol","Unclassified","1363805","20995","1342810"
"Unknown virtual protocol","Unclassified","1886199","850273","1035926"
"NetEase","Web","29311","9421","19890"
"Unknown virtual protocol","Unclassified","3002","1418","1584"
"Unknown virtual protocol","Unclassified","4524","1009","3515"
"Unknown virtual protocol","Unclassified","52353699","28211185","24142514"
"Unknown virtual protocol","Unclassified","4439499","3136704","1302795"
"Discovery Inc","Real Time Audio/Video","32235","11124","21111"
"Google Pay","Web","1822508","424494","1398014"
"Bumble","Web","4965319","478554","4486765"
"Acast","Real Time Audio/Video","50443949","94168","50349781"
"Wireguard","Tunneling and VPN","3722684818","288388994","3434295824"
"Firework","Internet Instant Messaging","17114","3440","13674"
"JWPLAYER","Web","128063337","1423729","126639608"
"Bigo","Web","6327","2218","4109"
"BAMTech","Real Time Audio/Video","145904323","26672290","119232033"
"Disney Plus","Real Time Audio/Video","12085683008","62086919","12023596089"
"Apple TV Plus","Real Time Audio/Video","31444221","79355","31364866"
"Engage Digital","Network Service","260819","5677","255142"
"Quora","Social Networking","22895236","3553648","19341588"
"Toutiao","Web","166596","7184","159412"
"Airbnb","Web","9992407","2625673","7366734"
"Activision-Blizzard","Web","2305559","313296","1992263"
"Sharp Stream","Real Time Audio/Video","20821430","83181","20738249"
"Zhenai","Web","21355","14747","6608"
"Baidu Tieba","Social Networking","82293","33696","48597"
"Wangwang","Internet Instant Messaging","1088000","364014","723986"
"Workday","Business Application","4445860","564440","3881420"
"Shopify","Web","122787976","1735150","121052826"
"StackPath","Web","16260072","356006","15904066"
"Uber Eats","Web","3170405","520431","2649974"
"DoorDash","Web","202993326","78359069","124634257"
"Houseparty","Real Time Audio/Video","41687","7012","34675"
"Roblox","Gaming","249059543","18675596","230383947"
"Likee","Internet Instant Messaging","652000","177536","474464"
"Acronis Backup","File Sharing","1225204","181879","1043325"
"Citrix","Web","44064","13788","30276"
"7digital","Real Time Audio/Video","370883","18066","352817"
"adRise","Real Time Audio/Video","8761","1309","7452"
"Tubi TV","Real Time Audio/Video","344882","6658","338224"
"Demandbase","Web","45656","8021","37635"
"KOCHAVA","Web","810647","211002","599645"
"Sift Science","Web","374495","123932","250563"
"Amazon Alexa Assistant","Business Collaboration","300378","197919","102459"
"Spotify Audio","Real Time Audio/Video","1359421138","12896812","1346524326"
"Yubo","Internet Instant Messaging","130391","6618","123773"
"Connatix","Real Time Audio/Video","15656245","752873","14903372"
"Minute Media","Web","21740447","303978","21436469"
"UserReport","Web","155775","30320","125455"
"Pendo","Web","5888989","944710","4944279"
"Jitsi","Real Time Audio/Video","17826","1407","16419"
"Contentful","Web","39532127","10072907","29459220"
"Coursera","Web","291170542","2179006","288991536"
"E! Online","Web","337714","2022","335692"
"Hotels.com","Web","408736","33758","374978"
"Indeed","Web","48744114","20090511","28653603"
"NHL.com","Web","2796162","151219","2644943"
"Official Major League Baseball","Web","4571926","77803","4494123"
"Priceline.com","Web","1669398","70478","1598920"
"The Telegraph","Web","1680603","16169","1664434"
"TIME","Web","35811","1090","34721"
"TMZ","Web","370446","4256","366190"
"United Airlines","Web","1750822","45582","1705240"
"OnlyFans","Web","1230451","262153","968298"
"Nvidia","Web","95741","12797","82944"
"Geforce Now","Gaming","202276","60446","141830"
"Call of Duty Mobile","Gaming","558834667","12724614","546110053"
"The Walt Disney Company","Web","108580","31138","77442"
"FedEx","Web","9041","2984","6057"
"Kayak","Web","12977540","148494","12829046"
"Eventbrite","Web","8443703","210323","8233380"
"WarnerMedia","Web","9048858","30266","9018592"
"Bilibili","Web","64592189","3134847","61457342"
"Datadog","Web","674935","460522","214413"
"Intercom","Web","2464788","536898","1927890"
"Unknown virtual protocol","Unclassified","56664","34011","22653"
"ICA Real Time","Remote Desktop","50246","50246","0"
"Riverbed","Tunneling and VPN","27993","4540","23453"
"RingCentralApp","Business Collaboration","286180","88638","197542"
