"Application","Category","Total Bytes","Bytes Received","Bytes Sent"
"Domain Name Service","Network Service","1539509771","781116971","758392800"
"Google Mail","Email","803487333","96917777","706569556"
"Google Search","Web","344770818","69467264","275303554"
"Google Maps","Web","241708054","9943877","231764177"
"HyperText Transfer Protocol","Web","8360735959","552330825","7808405134"
"HyperText Transfer Protocol Secure","Web","10272313919","3801249103","6471064816"
"Internet Control Message Protocol","Network Service","4307504937","2617994275","1689510662"
"Internet Message Access Protocol version 4","Email","101749033","36041072","65707961"
"Internet Message Access Protocol Secure","Email","22319878","3472543","18847335"
"Internet Protocol","Network Service","0","0","0"
"Internet Security Association and Key Management Protocol","Tunneling and VPN","65454132","60871215","4582917"
"XMPP Protocol (Jabber)","Business Collaboration","29565018","3924274","25640744"
"Network Time Protocol","Network Service","986632","567268","419364"
"Session Initiation Protocol","Business Application","239652","110110","129542"
"Skype and Teams","Business Collaboration","29922631","7361363","22561268"
"Simple Object Access Protocol","Network Service","1440483254","795589526","644893728"
"Secure Shell","Tunneling and VPN","42794549","22150516","20644033"
"Secure Socket Layer","Tunneling and VPN","24098960993","5295210477","18803750516"
"Session Traversal Utilities for NAT","Business Collaboration","1378219","660089","718130"
"Transmission Control Protocol","Other TCP/UDP","1282975895","781611609","501364286"
"User Datagram Protocol","Other TCP/UDP","55638580004","9577959018","46060620986"
"Yahoo Mail v.2.0","Email","383473504","101468104","282005400"
"Youtube.com","Media","12246796660","566893999","11679902661"
"Facebook","Social Networking","50754954623","1709638663","49045315960"
"Google Ads","Web","917664758","134260868","783403890"
"Windows Live Hotmail","Email","501902784","56059550","445843234"
"LinkedIn","Social Networking","201887618","40065426","161822192"
"Apple Generic Services","Web","14854924304","548669265","14306255039"
"Online Certificate Status Protocol","Business Application","15710609","7310345","8400264"
"Twitter","Social Networking","998939906","61026288","937913618"
"iTunes","Media","1829996653","121831502","1708165151"
"Spotify","Media","739183604","72171977","667011627"
"TeamViewer","Remote Desktop","328491483","200502232","127989251"
"Bing.com (formerly MSN Search)","Web","2128414552","220617799","1907796753"
"Windows Update","Web","10347234010","488166508","9859067502"
"Chrome Update","Web","397382256","17188588","380193668"
"Opera Update","Web","481160","159203","321957"
"Viber","Real Time Audio/Video","961393649","372807721","588585928"
"Netflix.com","Media","14350688964","221595430","14129093534"
"Google Analytics,Google Marketing Platform","Web","127682732","33379520","94303212"
"Google GStatic","Web","980684085","97765463","882918622"
"Google Translate","Web","4911813","1644283","3267530"
"Salesforce","Business Application","89202040","14503211","74698829"
"YouKu","Media","387905","354583","33322"
"Google Generic","Web","1590500386","626771285","963729101"
"Adobe Acrobat DC (Document Cloud)","Web","29003376","1402047","27601329"
"Amazon Generic Services","Web","2867858435","930029111","1937829324"
"Intuit.com","Business Application","6839535","4053811","2785724"
"Weather.com","Web","57811514","7231598","50579916"
"WhatsApp Messenger","Internet Instant Messaging","972982858","309922009","663060849"
"Taobao","Web","3535208","1833275","1701933"
"Google App Engine","Business Application","671617","240148","431469"
"Apple App Store","Web","5712197986","184792609","5527405377"
"Windows Marketplace","Web","2866249240","203709620","2662539620"
"Apple FaceTime","Real Time Audio/Video","1093804580","596751014","497053566"
"Apple Push Notification Service","Web","282762497","175471884","107290613"
"iOS over-the-air (OTA) update","Web","1821423648","48747224","1772676424"
"Samsung Apps","Web","60631636","5214385","55417251"
"Google Play Store","Media","937220033","141198085","796021948"
"iCloud (Apple)","Storage and Backup","10477923982","2793111906","7684812076"
"Instagram","Web","17136630007","857649507","16278980500"
"SoundCloud","Media","91432076","6245649","85186427"
"Amazon Web Services/Cloudfront CDN","Infrastructure","2996947190","1091263745","1905683445"
"Akamai Technologies CDN","Web","10535968624","202105227","10333863397"
"Microsoft Azure (previously Windows Azure)","Infrastructure","197706891","11763115","185943776"
"Yahoo.com","Web","3896918393","200232041","3696686352"
"Rakuten.co.jp","Web","7548514","1925299","5623215"
"CloudFlare CDN","Infrastructure","2334517505","171410015","2163107490"
"Microsoft Office 365","Business Collaboration","2212642039","441234778","1771407261"
"Zoho Corporation","Business Application","33875863","15175215","18700648"
"Pinterest","Web","184851484","22055175","162796309"
"Microsoft Outlook (Office 365)","Business Application","2581238244","849892769","1731345475"
"Reddit.com","Web","3762874471","115925663","3646948808"
"Apple SIRI","Web","54585462","29812253","24773209"
"Google Documents (aka Google Drive)","Storage and Backup","253617303","34042315","219574988"
"Apple Maps","Web","5818608","224539","5594069"
"Paypal.com","Web","81629066","13299214","68329852"
"Apple HTTP Live Streaming","Real Time Audio/Video","305875","13729","292146"
"Kijiji.ca","Web","30413145","843136","29570009"
"Google Accounts","Web","79190562","18935663","60254899"
"Amazon Ad System","Web","121288406","20319280","100969126"
"Aol","Web","7263203","1111467","6151736"
"Snapchat","Social Networking","2584092584","221693027","2362399557"
"AddThis","Web","8311120","701117","7610003"
"Turn","Web","1985038","553878","1431160"
"ScorecardResearch","Web","24574903","6993490","17581413"
"Quantcast","Web","29388359","2075098","27313261"
"Symantec","Web","573103018","14061183","559041835"
"Oracle","Web","2827438","892450","1934988"
"Bitstrips","Social Networking","65717727","4582663","61135064"
"Criteo","Web","65358717","12829087","52529630"
"Adobe","Business Application","942051585","61886961","880164624"
"Flurry","Business Application","73054450","28750389","44304061"
"Samsung","Web","170177143","82259439","87917704"
"Crashlytics","Web","15926135","3070345","12855790"
"Twitch","Media","117820","69882","47938"
"Facebook Messenger","Internet Instant Messaging","3321982027","1534337630","1787644397"
"AppsFlyer","Business Application","17563089","6781267","10781822"
"Xiaomi","Web","2358917","716828","1642089"
"Stickyads","Web","5503924","2133340","3370584"
"Mixpanel","Web","48243174","37705746","10537428"
"Smart AdServer","Web","20263969","7918823","12345146"
"Google Cloud Storage","Web","132716562","61749650","70966912"
"Google Cloud Messaging","Web","76102670","17987009","58115661"
"Lazada","Web","4511041","449901","4061140"
"Google Calendar","Web","14430652","6064083","8366569"
"Apple Location","Web","999366944","133384941","865982003"
"OpenX","Web","6051750","2233391","3818359"
"PubMatic","Web","37979059","18299641","19679418"
"Index Exchange (previously Casale Media)","Web","29048123","13351527","15696596"
"LOTAME","Web","4061147","911180","3149967"
"Rubicon Project","Web","67565734","27921627","39644107"
"AppNexus","Web","106991457","52138716","54852741"
"Rlcdn","Web","4951702","1203843","3747859"
"HyperText Transfer Protocol version 2","Web","3311419902","1012444290","2298975612"
"Constant Contact","Web","22420227","7973748","14446479"
"Google Tag Manager","Web","129482798","10286258","119196540"
"Facebook Embedded Video","Media","4848085280","68186241","4779899039"
"Ad Safe Protected","Web","77601897","13763222","63838675"
"Adjust.com","Web","13099911","6496255","6603656"
"Urbanairship","Web","972633","306147","666486"
"Apple Music","Media","2964957838","93563388","2871394450"
"Outbrain","Web","74719514","18999660","55719854"
"CBS Video","Web","19364685","542798","18821887"
"Fastly","Web","4897257","419225","4478032"
"Unruly","Web","2116590","1137477","979113"
"MoPub","Web","759158","248621","510537"
"Applovin","Web","375793468","98005965","277787503"
"Android connectivity Manager","Network Service","18307082","10035717","8271365"
"Moat","Web","56442902","15623555","40819347"
"Krux","Web","4588180","1256378","3331802"
"Heap","Web","256330943","214153922","42177021"
"Branch Metrics","Web","65645459","10164155","55481304"
"Optimizely","Web","9477046","1652054","7824992"
"Liveperson","Web","7407101","686916","6720185"
"Taboola","Web","128492725","13658684","114834041"
"Rackspace","Web","1228758482","65891594","1162866888"
"Signal","Web","221866","43772","178094"
"Riffsy (Tenor.co)","Web","22602446","630996","21971450"
"Smaato","Web","5438564","3182006","2256558"
"Verizon","Web","5285576","3638202","1647374"
"MediaMath","Web","2645446","1029635","1615811"
"jQuery","Web","6704280","598768","6105512"
"Everest Technologies","Web","13910781","4952791","8957990"
"SpotXchange","Web","3119536","1344162","1775374"
"Microsoft OneDrive","Web","372696022","66394010","306302012"
"Microsoft","Web","2801036885","587866481","2213170404"
"New Relic","Web","79586154","46778762","32807392"
"Uber (formerly UberCab)","Web","35010243","11295767","23714476"
"Conversant","Web","6894901","1688043","5206858"
"Bazaarvoice","Web","7383742","1028251","6355491"
"Teads","Web","8624470","1579293","7045177"
"Adform","Web","5148274","1308686","3839588"
"hotjar","Web","18694737","4293728","14401009"
"ZoomMeetings","Business Collaboration","462044461","103488325","358556136"
"HyperText Transfer Protocol proxy","Network Service","16178893","2895590","13283303"
"GIPHY","Web","133403885","5760322","127643563"
"Firebase Cloud Messaging","Web","153716644","70815818","82900826"
"Bidswitch","Web","8878530","3952863","4925667"
"Bugsnag","Web","1682157","983533","698624"
"Tealium","Web","6292928","1829163","4463765"
"Sharethrough","Web","21880755","7563659","14317096"
"DoubleVerify","Web","27654312","5557793","22096519"
"Media Innovation Group","Web","743223","235381","507842"
"Okta","Web","86869283","20593285","66275998"
"PulsePoint","Web","2835939","963561","1872378"
"eXelate","Web","1022108","331033","691075"
"Sonobi","Web","6476304","3238368","3237936"
"Google Secure User Plane Location","Web","1375599","297081","1078518"
"Amplitude","Web","144942845","108901948","36040897"
"Google Cloud Platform","Web","10630657","2641590","7989067"
"Microsoft teams","Internet Instant Messaging","650423713","117666898","532756815"
"Akamai Video","Media","112392862","2299094","110093768"
"Cisco","Web","14724112","6335731","8388381"
"9GAG","File Sharing","813948","217177","596771"
"Simpli.fi","Web","2032936","443981","1588955"
"ByteDance","Web","98190826","23868699","74322127"
"TikTok (Musical.ly)","Social Networking","15913512976","752341479","15161171497"
"Alibaba Cloud","Web","17855919","1280109","16575810"
"Apple News","Web","2268603871","152702752","2115901119"
"Google APIs","Web","1780692077","392514625","1388177452"
"OpenSignal","Web","931522","807431","124091"
"Amazon Cognito","Web","17591017","5913713","11677304"
"Unknown virtual protocol","Unclassified","4325196881","136275351","4188921530"
"Unknown virtual protocol","Unclassified","7555175","6113250","1441925"
"Google Pay","Web","4444275","1214292","3229983"
"Google Messages","Internet Instant Messaging","21333971","10199417","11134554"
"Quora","Social Networking","8418461","726879","7691582"
"KOCHAVA","Web","1115494","331035","784459"
"Spotify Audio","Real Time Audio/Video","2010729932","47898556","1962831376"
"Pendo","Web","8399964","1574936","6825028"
"Contentful","Web","204672264","6713089","197959175"
"Digicert","Web","7978650","3371031","4607619"
"Font Awesome","Web","10578844","1169781","9409063"
"Intercom","Web","35692901","15789742","19903159"
"SD-WAN Control","SD-WAN","15241125923","8587697328","6653428595"
"SD-WAN Management","SD-WAN","3672676717","1502597850","2170078867"
"TencentMeeting","Business Collaboration","84599511","41054026","43545485"
"McAfee Client update","Business Application","37859226","8769621","29089605"
"Daum.net","Web","6941628","782464","6159164"
"Mozilla.com - Mozilla.org","Web","11667837","2725627","8942210"
"Naver Corporation (formerly NHN Corporation)","Web","2021031","160439","1860592"
"WeChat","Internet Instant Messaging","124015097","4151933","119863164"
"Google Safe Browsing","Web","97358063","79116966","18241097"
"Inneractive","Web","49173672","28503666","20670006"
"InMobi","Web","23348034","11280783","12067251"
"Kakaocdn","Infrastructure","45880","11836","34044"
"Rogers TV","Web","14951550","1240101","13711449"
"LKQD","Web","117183","39385","77798"
"Liftoff","Web","2568365","938970","1629395"
"Yieldmo","Web","7665824","1840934","5824890"
"Avast","Web","10892701","2000521","8892180"
"Kakao","Web","98775","27619","71156"
"x_vpn","Tunneling and VPN","304792455","66140848","238651607"
"IronSource","Business Application","70183499","5354192","64829307"
"Vungle","Web","172662967","7988706","164674261"
"Unknown virtual protocol","Unclassified","47936519","22178273","25758246"
"JWPLAYER","Web","108569531","2643232","105926299"
"Dailymotion.com","Media","83710787","3672683","80038104"
"eBay.com","Web","17227083","1508935","15718148"
"Gnutella","Peer to Peer","8824","3822","5002"
"IPsec (AH and ESP)","Tunneling and VPN","1037253208","262699068","774554140"
"Kerberos","Authentication","5265","3600","1665"
"Netbios Name Service","Network Service","162476","162476","0"
"Post Office Protocol (Version 3)","Email","323620","38807","284813"
"Secure POP3","Email","2843469","88926","2754543"
"Port Mapper","Network Service","5265","3600","1665"
"QQ","Internet Instant Messaging","460395","192950","267445"
"Remote Desktop Protocol (Windows Terminal Server)","Remote Desktop","7843","5034","2809"
"Real Time Control Protocol","Business Collaboration","17473","10050","7423"
"Real Time Protocol","Business Collaboration","510141114","226222798","283918316"
"ShoutCast","Media","3479243","335750","3143493"
"Server Message Block (Windows File Server)","File Sharing","11881","8440","3441"
"Simple Mail Transfer Protocol","Email","387967","269792","118175"
"Simple Network Management Protocol","Management","88588","88588","0"
"Wikipedia.com","Web","44240490","4718978","39521512"
"X Window System","Business Application","7193","4862","2331"
"Yahoo Search","Web","1722279","230874","1491405"
"Secure AIM","Internet Instant Messaging","962688","224393","738295"
"Ask.com","Web","80149","5540","74609"
"Expedia.fr","Web","5010306","2425505","2584801"
"Travelocity.com","Web","24280","4651","19629"
"WordPress.com","Social Networking","15468065","823080","14644985"
"Flickr","Social Networking","1741","682","1059"
"Mail.ru Webmail","Email","341653","62037","279616"
"Real Time Messaging Protocol","Network Service","558807","56896","501911"
"Steampowered.com","Gaming","5524012","306107","5217905"
"Xbox Live","Gaming","241010759","5071964","235938795"
"BabyCenter (My Baby Today)","Web","226862","20448","206414"
"Badoo.com","Internet Instant Messaging","575741","102314","473427"
"Foursquare.com","Web","1648543","326507","1322036"
"Odnoklassniki.ru","Social Networking","15431","3850","11581"
"Tumblr","Social Networking","282777","19358","263419"
"Vk.com (Vkontakte)","Social Networking","48986","9389","39597"
"Vox.com","Web","21532","7220","14312"
"Yelp.com","Web","12958398","757681","12200717"
"Yandex.ru","Web","6173164","1684134","4489030"
"Yandex webmail","Email","79466","15290","64176"
"Baidu.com","Web","2092274","205432","1886842"
"Adobe Flash Plugin Update","Web","27294","5241","22053"
"Firefox Update","Web","13909825","248252","13661573"
"Java Update","Web","118098","7947","110151"
"Apple Update","Web","570570003","7702682","562867321"
"BitDefender Update","Web","1202238","607376","594862"
"Symantec Norton AntiVirus Updates","Web","9787769","482538","9305231"
"BBC Player","Media","16168644","308773","15859871"
"Garena","Web","337016","36939","300077"
"Box","File Sharing","28176581","26464658","1711923"
"Concur","Business Application","7112756","997683","6115073"
"Dropbox","Storage and Backup","369925657","15147341","354778316"
"iHeartRADIO","Media","3689646","301787","3387859"
"IMVU.com (Instant Message Virtual Universe)","Gaming","653181","70628","582553"
"Psiphon","Web","4161","2127","2034"
"Portal.TidalTV.com","Web","534019","159650","374369"
"Tokbox.com","Web","310861","170751","140110"
"GoToMeeting Online Meeting","Business Collaboration","3979930","632514","3347416"
"WebEx","Business Collaboration","14738520","477705","14260815"
"Bloomberg.com","Web","4385590","192088","4193502"
"ABCNews","Web","5653988","157679","5496309"
"AccuWeather","Web","3917323","705745","3211578"
"Acer","Web","85563","19684","65879"
"Alexa","Web","13546","2278","11268"
"AmericanExpress","Web","10876","2225","8651"
"Blogger","Web","529704","36898","492806"
"Capital One","Web","8759412","688270","8071142"
"Cnet.com","Web","4286745","821434","3465311"
"CNN (Cable News Network)","Web","9380951","870852","8510099"
"Comcast","Web","751345","209214","542131"
"Daily Mail","Web","3453982","199325","3254657"
"Fox News","Web","7365946","616919","6749027"
"Groupon","Web","415769","33090","382679"
"HowStuffWorks.com","Web","4807","1697","3110"
"Kaspersky.com","Web","9094285","3267789","5826496"
"Monster.com","Web","61017","13773","47244"
"NBA.com","Web","156135171","7814747","148320424"
"National Football League (NFL.com)","Web","29738063","772473","28965590"
"Nike.com","Web","106413233","6716714","99696519"
"NYTimes.com","Web","5362860","201508","5161352"
"PlayStation.com","Web","1455097","257914","1197183"
"Redtube","Web","15838","2352","13486"
"Reuters.com","Web","1867234","112439","1754795"
"Sky","Web","140715","8846","131869"
"Sports Illustrated","Web","1041500","41320","1000180"
"SurveyMonkey.com","Web","89071","11081","77990"
"Vimeo","Web","165524945","3634814","161890131"
"WashingtonPost.com","Web","4483552","201085","4282467"
"Xbox","Gaming","247881","32134","215747"
"XNXX","Web","17035","7175","9860"
"Xvideos.com","Media","24447","6751","17696"
"Youporn","Web","227421","59487","167934"
"Sina.com.cn","Internet Instant Messaging","1327","700","627"
"OICQ","Internet Instant Messaging","14518","7259","7259"
"Sina Weibo","Web","43861","14754","29107"
"QQ WeiBo","Web","1321","964","357"
"Line","Internet Instant Messaging","38320","5611","32709"
"Shazam","Web","6755","1495","5260"
"KakaoTalk","Internet Instant Messaging","90106","26048","64058"
"Amazon Prime Video","Media","475297638","16570945","458726693"
"QQ.com","Web","8696963","2027197","6669766"
"Ifeng.com","Web","9584","6986","2598"
"Alipay","Web","607501","196581","410920"
"Sogou.com","Web","99411","69211","30200"
"Alibaba.com","Web","156449","26693","129756"
"Limelight Networks CDN","Web","492795149","19313574","473481575"
"Datagram Transport Layer Security","Tunneling and VPN","374473072","34038748","340434324"
"ISO Base Media File Format","Real Time Audio/Video","65329508","6562560","58766948"
"KIK Messenger","Internet Instant Messaging","289991","64330","225661"
"MiTalk Messenger (Miliao)","Internet Instant Messaging","173008","8454","164554"
"QQ Games","Gaming","212883","142868","70015"
"QQ Mail","Email","506633","124443","382190"
"Tencent.com","Internet Instant Messaging","90220","24175","66045"
"Google Talk (incl. Hangouts and Allo and Duo)","Real Time Audio/Video","564771303","212856017","351915286"
"Nokia Here API","Web","177780","46094","131686"
"MeetMe.com","Social Networking","119626","11582","108044"
"Microsoft SharePoint Online (Office 365)","Business Application","135003545","86407132","48596413"
"Microsoft Skype for Business (formerly Microsoft Lync Online) (Office 365)","Business Collaboration","27836","14131","13705"
"Speedtest","File Sharing","21941982","7125748","14816234"
"ESPN.go.com","Web","137165217","3172494","133992723"
"Internet Movie Database","Web","133022","33263","99759"
"Imgur.com","Storage and Backup","7930373","326109","7604264"
"Evernote","Web","591377","138265","453112"
"WebSocket","Network Service","83525","47970","35555"
"LastPass.com","Web","8849","1980","6869"
"Mendeley.com","File Sharing","35528","9370","26158"
"Microsoft Skype for Business (formerly Microsoft Lync)","Business Collaboration","358831711","60473852","298357859"
"Saavn Bollywood Music","Media","315908","40420","275488"
"BBC","Web","213731106","9040465","204690641"
"Marca.com","Web","23737","5697","18040"
"Kooora.com","Web","615345","22642","592703"
"Goal.com","Web","455842","20432","435410"
"Indiatimes","Web","1951592","105492","1846100"
"Background Intelligent Transfer Service","File Sharing","142772632","10169606","132603026"
"Sahibinden.com","Web","409530","17876","391654"
"Conviva","Infrastructure","1520263","846556","673707"
"AliExpress.com","Web","15670067","779877","14890190"
"Wp.pl","Web","13070","2955","10115"
"Jutarnji.hr","Web","188886","17528","171358"
"Fox Business Network","Web","28034","5360","22674"
"Gameloft Games","Gaming","7025","2419","4606"
"Yadro","Web","54520","20765","33755"
"Telegram","Internet Instant Messaging","600561510","32136306","568425204"
"Candy Crush Saga","Gaming","1214275","376855","837420"
"King Digital Entertainment","Gaming","121556","34173","87383"
"Waze Social GPS Maps & Traffic","Web","2243897","226350","2017547"
"TRUSTe","Web","6018540","1125394","4893146"
"OpenStreetMap","Infrastructure","565860","48068","517792"
"Zendesk","Business Collaboration","7732165","685658","7046507"
"Brightcove","Media","189628871","3356858","186272013"
"Plenty Of Fish","Web","319602","208431","111171"
"Beatport","Media","3928175","310340","3617835"
"BoldChat Live Chat","Internet Instant Messaging","788037","335261","452776"
"Apsalar","Business Application","41562","9167","32395"
"Gravatar","Business Collaboration","2087253","433319","1653934"
"FreeWheel","Web","3282077","859598","2422479"
"Turner","Web","51009007","863895","50145112"
"Nielsen","Web","3237549","693299","2544250"
"zalo","Internet Instant Messaging","31261","9141","22120"
"battlenet","Gaming","29557","10441","19116"
"Cedexis","Web","2781071","890248","1890823"
"Amazon Cloud Drive","Web","232089133","142517286","89571847"
"Gettyimages","Web","5208445","484270","4724175"
"Flipboard","Web","2479340","305832","2173508"
"Traffic Junky","Web","195281","77106","118175"
"CPMSTAR","Web","37458","10299","27159"
"ADTECH","Web","1321337","199160","1122177"
"Sizmek (previously MediaMind)","Web","15988164","1057273","14930891"
"AOL One","Web","786513","239499","547014"
"Realestate","Web","63427","15909","47518"
"GitHub","Web","560481","86673","473808"
"Skynewsarabia","Web","69615","5105","64510"
"Pastebin","Web","3379","1359","2020"
"Advertising.com","Web","9394566","1891394","7503172"
"Bizographics","Web","4721","1185","3536"
"Helpshift","Web","186528","54330","132198"
"Scotiabank","Web","3284733","600035","2684698"
"Atlas Solutions","Web","135595","49266","86329"
"BootstrapCDN","Web","2402687","254125","2148562"
"Microsoft SpyNet (aka Microsoft Active Protection Service)","Web","11576","6656","4920"
"LogMeIn","Remote Desktop","215532","15540","199992"
"Disney Channel","Web","1679259","91206","1588053"
"UpLynk","Web","810098","196762","613336"
"NBC","Web","534294956","12536299","521758657"
"Localytics","Web","2857585","514314","2343271"
"Periscope","Media","26427453","2847731","23579722"
"Microsoft Office OneNote (Office 365)","Business Application","294969","42668","252301"
"Zopim","Web","10369173","8912114","1457059"
"Mapbox","Web","3044090","347608","2696482"
"Liberty Times Net","Web","123727","14629","109098"
"Rollout","Web","65961","16702","49259"
"Microsoft Excel Online (Office 365)","Web","13038133","1511862","11526271"
"LiveChat","Web","724213","150179","574034"
"Ensighten","Web","2452324","408653","2043671"
"Tune","Web","33233","10521","22712"
"Braintree","Web","335650","76510","259140"
"TubeMogul","Web","126418","29283","97135"
"Bleacher Report","Web","9230478","125298","9105180"
"Umeng","Web","259682","138351","121331"
"Revcontent","Web","13043945","2796587","10247358"
"funCaptcha","Web","9847","3481","6366"
"MobFox","Web","284961","100303","184658"
"Google Photos (formerly Google Picasa)","Web","255816139","210140053","45676086"
"Baidu Maps","Web","54172","11147","43025"
"QQVideo","Web","132942","36933","96009"
"Slack","Web","855550","281776","573774"
"Younow","Web","18701836","9342747","9359089"
"MQ Telemetry Transport","Network Service","5630","2816","2814"
"Clicktale","Web","10092704","8245881","1846823"
"Pokemon GO","Gaming","11702123","798492","10903631"
"CDNetworks","Infrastructure","3731082","212340","3518742"
"Weborama","Web","68892","15424","53468"
"Constrained Application Protocol","Network Service","7330131","2546201","4783930"
"Highwinds","Web","27363","2618","24745"
"Innovid","Web","95437858","2839804","92598054"
"StackExchange","Web","1860197","96454","1763743"
"StackOverflow","Web","2498724","217730","2280994"
"Wix","Web","109965065","12997312","96967753"
"Tinder","Web","78077639","3131826","74945813"
"Eskimi","Web","29740","9723","20017"
"Qatarairways","Web","525603","66784","458819"
"Shutterstock","Web","31768","4104","27664"
"Heroku","Web","1017466","133482","883984"
"IMO Video Calling Application","Media","883226","342189","541037"
"Clash of Clans","Gaming","7488616","1065453","6423163"
"Supercell","Gaming","652480","240797","411683"
"Amazon Music","Media","9343540","1862387","7481153"
"Cheetah Mobile","Web","6726","2106","4620"
"Microsoft Word Online (Office 365)","Business Collaboration","13330976","447728","12883248"
"Microsoft Powerpoint Online (Office 365)","Business Collaboration","8522929","603072","7919857"
"Signal Private Messenger (Open Whisper Systems)","Internet Instant Messaging","416679","170041","246638"
"Tidal","Media","20878","12216","8662"
"StreamRail","Media","35346","11168","24178"
"Vidyard","Web","50765","6210","44555"
"Apple Game Center","Gaming","6823637","1748124","5075513"
"OpenRTB","Web","615512","548290","67222"
"ADventori","Web","58051","14264","43787"
"Audible","Real Time Audio/Video","93618","44406","49212"
"Flashtalking","Web","5357638","856390","4501248"
"AdColony","Web","2025269","687685","1337584"
"Google Classroom","Web","419277","48879","370398"
"Samsung Update","Web","327248591","4483114","322765477"
"Huawei","Web","1096879","529098","567781"
"MGID","Web","3325081","247808","3077273"
"ULP","Network Service","685167","60897","624270"
"MaxCDN","Web","15966","2986","12980"
"Zhihu","Web","5257674","3037993","2219681"
"Booking.com","Web","958564","135984","822580"
"Walmart","Web","195318","123679","71639"
"Yandex Music","Real Time Audio/Video","843720","77285","766435"
"Cloudinary","Web","5326073","275628","5050445"
"Optus","Web","748908","67039","681869"
"Gfycat","Web","1132644","42479","1090165"
"T-Mobile","Web","440604","88704","351900"
"Sportradar","Web","1824184","309006","1515178"
"Wall Street Journal","Web","1025277","110541","914736"
"ChinaNetCenter ","Web","1233486","35450","1198036"
"Niantic, Inc","Web","269673","49708","219965"
"Clash Royale","Gaming","1248204","582165","666039"
"Origin","Web","12011","3095","8916"
"Instructure","Web","610022","63557","546465"
"Mail.com","Email","2042035","159880","1882155"
"shopee.tw","Web","108946954","6492237","102454717"
"Electronic Arts","Web","2605462","836575","1768887"
"Facebook Lite","Social Networking","470304","96557","373747"
"Microsoft PowerShell Remoting Protocol","Network Service","13375","6417","6958"
"Digioh","Web","1461324","44343","1416981"
"Apptimize","Web","53425","13080","40345"
"UC Browser","Web","477506","438693","38813"
"Mediascope","Web","29643","7579","22064"
"Data Saver","Web","1237816","153429","1084387"
"Domain Name Service Crypt","Network Service","3499423","1727737","1771686"
"Adtelligent","Web","399177","105365","293812"
"Symantec Endpoint Protection","Web","44723","17627","27096"
"Youtube Music","Media","1063310","63345","999965"
"Appnext","Web","362655","32569","330086"
"Tenor","Web","90024996","6858902","83166094"
"Splunk Cloud","Storage and Backup","16832","3880","12952"
"Fox Networks","Web","208751","8920","199831"
"Text Me","Internet Instant Messaging","2862042","1122456","1739586"
"AnchorFree","Tunneling and VPN","113920","8521","105399"
"textPlus","Internet Instant Messaging","13780","6987","6793"
"Epic_games","Gaming","2807735","623421","2184314"
"Voxer","Internet Instant Messaging","41865","17572","24293"
"Disqus","Web","11763289","1117746","10645543"
"IBM","Web","547512","73927","473585"
"Grammarly","Web","120279317","39321679","80957638"
"Microsoft AD Right Management Service","Business Application","156762","80886","75876"
"Barracuda Networks","Web","41372","10387","30985"
"RingCentral","Business Collaboration","146734","44151","102583"
"Google News","Web","326761","34035","292726"
"Visual IQ","Web","273719","77252","196467"
"Alibaba Group","Web","1611779","109717","1502062"
"League of Legends","Gaming","3807936","1759181","2048755"
"Discord","Internet Instant Messaging","123718613","6487763","117230850"
"Discourse","Web","50601","7269","43332"
"ExpressVPN","Tunneling and VPN","10469236","3755918","6713318"
"Monday.com","Web","4774758","1300900","3473858"
"Wish","Web","7816065","609915","7206150"
"Google Play Books","Web","248600","20956","227644"
"Bluehost","Web","54742","17090","37652"
"MAkeMyTrip","Web","119672","9149","110523"
"Prezi","Web","2697923","175758","2522165"
"Basecamp","Business Application","1405429","199805","1205624"
"Grab - Transport, Food Delivery, Payments","Web","20484","9803","10681"
"Fandom","Web","36733","3619","33114"
"Tesla","Web","3642151","1141347","2500804"
"Google GSuite","Web","961190","237458","723732"
"W3Schools","Web","583899","35266","548633"
"Megaphone","Web","797242259","14552613","782689646"
"TripAdvisor","Web","4618750","250070","4368680"
"Moodle","Social Networking","4322310","560692","3761618"
"Gcash","Web","2226643","109647","2116996"
"Mynt","Web","2358131","507622","1850509"
"PubNub","Web","19612","4980","14632"
"Unknown virtual protocol","Unclassified","17494604","1740040","15754564"
"Unknown virtual protocol","Unclassified","207821684","41504722","166316962"
"NetEase","Web","14117","4366","9751"
"Unknown virtual protocol","Unclassified","23512","12347","11165"
"Unknown virtual protocol","Unclassified","149096","52559","96537"
"Unknown virtual protocol","Unclassified","138263","6640","131623"
"Unknown virtual protocol","Unclassified","716005","42493","673512"
"Eurosport","Web","9614","3614","6000"
"Bumble","Web","22762277","1592905","21169372"
"National Public Radio","Web","1216","610","606"
"Wireguard","Tunneling and VPN","773020662","47890821","725129841"
"Firework","Internet Instant Messaging","164608","34812","129796"
"Bigo","Web","11131","4698","6433"
"BAMTech","Real Time Audio/Video","8560335","4983493","3576842"
"Disney Plus","Real Time Audio/Video","1557959370","21182314","1536777056"
"Grand Theft Auto 5","Gaming","151404","33912","117492"
"Toutiao","Web","13776","2274","11502"
"Tuchong","Web","437269","398425","38844"
"Airbnb","Web","18169396","3166620","15002776"
"Activision-Blizzard","Web","7664","1917","5747"
"MediaLab","Web","112704","38842","73862"
"Wangwang","Internet Instant Messaging","345942","175958","169984"
"Browsec VPN","Tunneling and VPN","290351853","42780305","247571548"
"Workday","Business Application","5237487","403069","4834418"
"Shopify","Web","77205968","2708588","74497380"
"Service Now","Web","5618203","1073489","4544714"
"StackPath","Web","462490","29110","433380"
"Uber Eats","Web","12462","6983","5479"
"DoorDash","Web","76997","29759","47238"
"Houseparty","Real Time Audio/Video","140395","24451","115944"
"Roblox","Gaming","1364367515","138922313","1225445202"
"Likee","Internet Instant Messaging","939835","246132","693703"
"Acronis Cloud","Web","134272","95860","38412"
"Acronis Backup","File Sharing","842585","84135","758450"
"Citrix","Web","6807","413","6394"
"Microsoft Dynamics","Business Application","28368","5999","22369"
"Pluto TV","Real Time Audio/Video","44752191","2001488","42750703"
"iFunny","Web","16442","3434","13008"
"Demandbase","Web","10982","2478","8504"
"Sift Science","Web","588934","194625","394309"
"Amazon Alexa Assistant","Business Collaboration","58428","19425","39003"
"Yubo","Internet Instant Messaging","856470","70579","785891"
"Connatix","Real Time Audio/Video","25238581","1755876","23482705"
"Minute Media","Web","160481182","2608151","157873031"
"UserReport","Web","456507","80139","376368"
"Xbox Cloud Gaming","Gaming","56217","18695","37522"
"Jitsi","Real Time Audio/Video","625340056","380380322","244959734"
"Go Daddy","Web","2631140","393885","2237255"
"Hotels.com","Web","121078","11553","109525"
"Indeed","Web","52984267","20792676","32191591"
"NHL.com","Web","32648276","2262456","30385820"
"Official Major League Baseball","Web","193484569","2466072","191018497"
"Rotten Tomattoes","Web","37886","2463","35423"
"Slickdeals","Web","1654420","254455","1399965"
"Nvidia","Web","1216526244","37300027","1179226217"
"Geforce Now","Gaming","3549228","373104","3176124"
"Call of Duty Mobile","Gaming","244261","41021","203240"
"The Walt Disney Company","Web","3538768","244606","3294162"
"FedEx","Web","317551","87289","230262"
"Kayak","Web","3036124","161479","2874645"
"WarnerMedia","Web","3047885842","60001831","2987884011"
"Datadog","Web","746533","602493","144040"
"Unknown virtual protocol","Unclassified","13983","6192","7791"
"ShoreTel","Business Collaboration","106059","59780","46279"
"RingCentralApp","Business Collaboration","14200","4778","9422"
