"Application","Category","Total Bytes","Bytes Received","Bytes Sent"
"Domain Name Service","Network Service","1550978658","759847462","791131196"
"Google Mail","Email","1815867272","160666050","1655201222"
"Google Search","Web","1140608323","149426885","991181438"
"HyperText Transfer Protocol","Web","1105588997","89199779","1016389218"
"HyperText Transfer Protocol Secure","Web","31663193026","4249938921","27413254105"
"Internet Control Message Protocol","Network Service","4162611081","2485392897","1677218184"
"Internet Message Access Protocol version 4","Email","113663478","40538282","73125196"
"Internet Protocol","Network Service","0","0","0"
"Network Time Protocol","Network Service","2666092","1442284","1223808"
"Simple Object Access Protocol","Network Service","462273464","241510707","220762757"
"Secure Socket Layer","Tunneling and VPN","34359335930","6188605365","28170730565"
"Transmission Control Protocol","Other TCP/UDP","1680771487","269069392","1411702095"
"User Datagram Protocol","Other TCP/UDP","156878050318","13362182110","143515868208"
"Yahoo Mail v.2.0","Email","362873126","64375293","298497833"
"Youtube.com","Media","36492835191","1122671744","35370163447"
"Facebook","Social Networking","371376945640","8986828943","362390116697"
"Google Ads","Web","1900849454","312614341","1588235113"
"Windows Live Hotmail","Email","159891764","24636235","135255529"
"Apple Generic Services","Web","12515092375","332772921","12182319454"
"Online Certificate Status Protocol","Business Application","20464438","8024684","12439754"
"Yelp.com","Web","15177272","396150","14781122"
"iTunes","Media","1591442551","136019389","1455423162"
"TeamViewer","Remote Desktop","141484847","86750706","54734141"
"Chrome Update","Web","2094485858","25514694","2068971164"
"Google Analytics,Google Marketing Platform","Web","521595445","164151660","357443785"
"Google GStatic","Web","6243674281","165697307","6077976974"
"Google Generic","Web","1898734523","267903111","1630831412"
"Amazon Generic Services","Web","3224195426","1020445578","2203749848"
"WhatsApp Messenger","Internet Instant Messaging","35573287398","11373515518","24199771880"
"Apple App Store","Web","14817711874","313207707","14504504167"
"Apple Push Notification Service","Web","392907733","259143370","133764363"
"iOS over-the-air (OTA) update","Web","6134580228","62661515","6071918713"
"Google Play Store","Media","2338359708","464940371","1873419337"
"iCloud (Apple)","Storage and Backup","5328532137","891191749","4437340388"
"Instagram","Web","53158722165","2425293347","50733428818"
"Amazon Web Services/Cloudfront CDN","Infrastructure","3019916259","1007686884","2012229375"
"Yahoo.com","Web","1361310787","130392139","1230918648"
"CloudFlare CDN","Infrastructure","6539425359","633297107","5906128252"
"Microsoft Office 365","Business Collaboration","368519277","38035416","330483861"
"Microsoft Outlook (Office 365)","Business Application","563160608","114000747","449159861"
"Apple SIRI","Web","80124963","48228304","31896659"
"Apple Maps","Web","619049","38366","580683"
"Google Accounts","Web","206703574","72558540","134145034"
"Snapchat","Social Networking","6228468501","378659191","5849809310"
"TRUSTe","Web","18098153","1463297","16634856"
"Adobe","Business Application","345900681","44030277","301870404"
"Google Safe Browsing","Web","8564600","2208358","6356242"
"Inneractive","Web","148439474","105605767","42833707"
"Samsung","Web","194196745","49055010","145141735"
"Facebook Messenger","Internet Instant Messaging","14423359696","4201760260","10221599436"
"AppsFlyer","Business Application","104207252","22695767","81511485"
"Nielsen","Web","5069236","999462","4069774"
"Google Cloud Storage","Web","9781435842","9217403689","564032153"
"Google Cloud Messaging","Web","169150607","32149831","137000776"
"Apple Location","Web","3632404239","228654618","3403749621"
"Rlcdn","Web","9563506","1662591","7900915"
"HyperText Transfer Protocol version 2","Web","11576361767","732104473","10844257294"
"Google Tag Manager","Web","243856674","16420010","227436664"
"Ad Safe Protected","Web","87772983","12558942","75214041"
"Adjust.com","Web","46505169","24580135","21925034"
"Rogers TV","Web","101301565","5018064","96283501"
"NBC","Web","5543043","363806","5179237"
"Android connectivity Manager","Network Service","20685171","10599995","10085176"
"Moat","Web","137965936","32483812","105482124"
"Optimizely","Web","108177375","36378209","71799166"
"Microsoft","Web","1543663204","470475482","1073187722"
"Uber (formerly UberCab)","Web","2893689664","2152254128","741435536"
"HyperText Transfer Protocol proxy","Network Service","2067631","561584","1506047"
"Firebase Cloud Messaging","Web","804209320","401830505","402378815"
"Cisco","Web","11361586","5052416","6309170"
"TikTok (Musical.ly)","Social Networking","114818737694","3518149506","111300588188"
"Apple News","Web","371474136","17686127","353788009"
"Vungle","Web","819533110","21785178","797747932"
"Google APIs","Web","2877239664","1349913716","1527325948"
"Amazon Cognito","Web","23936852","7948212","15988640"
"Unknown virtual protocol","Unclassified","46456705","8839365","37617340"
"Unknown virtual protocol","Unclassified","402739977","154082683","248657294"
"Contentful","Web","315639816","143994835","171644981"
"Rotten Tomattoes","Web","3977688","127764","3849924"
"Digicert","Web","8527227","2962484","5564743"
"SD-WAN Control","SD-WAN","28767338546","15434434956","13332903590"
"SD-WAN Management","SD-WAN","4042526924","1675206360","2367320564"
"Google Maps","Web","107744209","9383782","98360427"
"Internet Message Access Protocol Secure","Email","15568532","8791283","6777249"
"Internet Security Association and Key Management Protocol","Tunneling and VPN","115649884","22904706","92745178"
"XMPP Protocol (Jabber)","Business Collaboration","57496884","3411277","54085607"
"McAfee Client update","Business Application","13867619","1163494","12704125"
"Skype and Teams","Business Collaboration","40740518","14734892","26005626"
"Session Traversal Utilities for NAT","Business Collaboration","21301144","4519587","16781557"
"Wikipedia.com","Web","87981697","9291445","78690252"
"WordPress.com","Social Networking","20016697","830082","19186615"
"LinkedIn","Social Networking","158680683","15119715","143560968"
"Twitter","Social Networking","3720439495","95729735","3624709760"
"Spotify","Media","1220340680","93060381","1127280299"
"Bing.com (formerly MSN Search)","Web","298107168","25460081","272647087"
"Windows Update","Web","1459228712","72138970","1387089742"
"Opera Update","Web","3801632","778755","3022877"
"Viber","Real Time Audio/Video","134621659","31599764","103021895"
"Netflix.com","Media","47400342631","594041056","46806301575"
"Dropbox","Storage and Backup","3214425728","160531814","3053893914"
"Salesforce","Business Application","13671945","3414386","10257559"
"AccuWeather","Web","9798950","1462611","8336339"
"Daily Mail","Web","11566162","1051503","10514659"
"Mozilla.com - Mozilla.org","Web","6975051","1920297","5054754"
"Vimeo","Web","6334196212","87732974","6246463238"
"Weather.com","Web","32466829","2561693","29905136"
"Taobao","Web","47115785","6524232","40591553"
"Windows Marketplace","Web","158631388","8826917","149804471"
"Apple FaceTime","Real Time Audio/Video","9281219500","5157721115","4123498385"
"Samsung Apps","Web","321176153","10695557","310480596"
"SoundCloud","Media","227992354","9844348","218148006"
"Amazon Prime Video","Media","12364107748","391851714","11972256034"
"QQ.com","Web","226356231","12129109","214227122"
"Alibaba.com","Web","3922187","908329","3013858"
"Akamai Technologies CDN","Web","8259998279","206300223","8053698056"
"Limelight Networks CDN","Web","743334494","16929031","726405463"
"Microsoft Azure (previously Windows Azure)","Infrastructure","114283738","5193115","109090623"
"WeChat","Internet Instant Messaging","285637420","14752430","270884990"
"Rakuten.co.jp","Web","1531522","341058","1190464"
"Tencent.com","Internet Instant Messaging","16209750","825886","15383864"
"Google Talk (incl. Hangouts and Allo and Duo)","Real Time Audio/Video","636566214","152816159","483750055"
"Zoho Corporation","Business Application","16106267","1002601","15103666"
"Microsoft SharePoint Online (Office 365)","Business Application","18930235","6132978","12797257"
"Pinterest","Web","407681618","29767744","377913874"
"Reddit.com","Web","801329452","33821272","767508180"
"Google Documents (aka Google Drive)","Storage and Backup","98606408","64780379","33826029"
"Paypal.com","Web","577049263","24655856","552393407"
"Kijiji.ca","Web","100363556","3773237","96590319"
"Conviva","Infrastructure","2713698","1096178","1617520"
"AliExpress.com","Web","76898325","1797201","75101124"
"Amazon Ad System","Web","214947921","51236857","163711064"
"Aol","Web","1972057","267710","1704347"
"Turn","Web","3487947","818590","2669357"
"ScorecardResearch","Web","27142786","6424208","20718578"
"Quantcast","Web","13472398","2517308","10955090"
"Telegram","Internet Instant Messaging","1734477268","100844321","1633632947"
"King Digital Entertainment","Gaming","9366015","1086550","8279465"
"Symantec","Web","8541311","1737453","6803858"
"Oracle","Web","6824272","1825450","4998822"
"Bitstrips","Social Networking","85992012","3857023","82134989"
"Criteo","Web","161736998","22274101","139462897"
"Zendesk","Business Collaboration","12336017","437202","11898815"
"Flurry","Business Application","92057994","22890133","69167861"
"Crashlytics","Web","61230326","6758271","54472055"
"Brightcove","Media","57347345","1095302","56252043"
"Plenty Of Fish","Web","46948293","3033852","43914441"
"InMobi","Web","104138266","46789666","57348600"
"Gravatar","Business Collaboration","1666568","282400","1384168"
"Xiaomi","Web","5739758","1714196","4025562"
"zalo","Internet Instant Messaging","751001528","114662515","636339013"
"Stickyads","Web","18503977","6502720","12001257"
"Mixpanel","Web","24227625","16065157","8162468"
"Smart AdServer","Web","263450743","14623911","248826832"
"Lazada","Web","49253635","5286944","43966691"
"Google Calendar","Web","23983960","7221837","16762123"
"OpenX","Web","14889779","6137390","8752389"
"PubMatic","Web","84744795","41896793","42848002"
"Index Exchange (previously Casale Media)","Web","30804018","8179030","22624988"
"Rubicon Project","Web","119358513","48440358","70918155"
"AppNexus","Web","204528326","115473937","89054389"
"Realestate","Web","209378","35486","173892"
"Advertising.com","Web","1879448","519182","1360266"
"Facebook Embedded Video","Media","54184299946","498085355","53686214591"
"Urbanairship","Web","6269984","1560515","4709469"
"BootstrapCDN","Web","3767068","304213","3462855"
"Outbrain","Web","139078202","35763561","103314641"
"Fastly","Web","3774085","177693","3596392"
"Disney Channel","Web","1511186","46107","1465079"
"Localytics","Web","6194176","1492014","4702162"
"Applovin","Web","1280998493","329465143","951533350"
"Krux","Web","24287454","5572899","18714555"
"Microsoft Office OneNote (Office 365)","Business Application","644976","109301","535675"
"Heap","Web","82434176","65293701","17140475"
"Branch Metrics","Web","54909999","11970601","42939398"
"Taboola","Web","455004116","35416431","419587685"
"Zopim","Web","816239","226020","590219"
"Mapbox","Web","3168300","118107","3050193"
"Rackspace","Web","1670620367","179840194","1490780173"
"Ensighten","Web","7045043","1060108","5984935"
"Smaato","Web","32672057","15655173","17016884"
"Verizon","Web","29362641","20875073","8487568"
"MediaMath","Web","9190358","2953313","6237045"
"Everest Technologies","Web","17387592","5391530","11996062"
"SpotXchange","Web","3366014","931859","2434155"
"Microsoft OneDrive","Web","1201810037","301970531","899839506"
"Umeng","Web","4979151","2673419","2305732"
"New Relic","Web","58338454","32948513","25389941"
"Google Photos (formerly Google Picasa)","Web","55749851","22759169","32990682"
"Liftoff","Web","3025124","980715","2044409"
"Baidu Maps","Web","670630","90447","580183"
"QQVideo","Web","567082","49026","518056"
"Conversant","Web","6274534","1726569","4547965"
"Bazaarvoice","Web","9885373","865652","9019721"
"Teads","Web","25654511","4959822","20694689"
"Clicktale","Web","13176629","8099892","5076737"
"Adform","Web","26150844","12728938","13421906"
"hotjar","Web","21645924","9138287","12507637"
"ZoomMeetings","Business Collaboration","3779598454","718073742","3061524712"
"GIPHY","Web","657197143","13122081","644075062"
"Heroku","Web","4793449","193844","4599605"
"IMO Video Calling Application","Media","67977190","34431182","33546008"
"Bidswitch","Web","17220791","6460559","10760232"
"Microsoft Word Online (Office 365)","Business Collaboration","13551049","948540","12602509"
"Signal Private Messenger (Open Whisper Systems)","Internet Instant Messaging","16888321","6867193","10021128"
"Bugsnag","Web","4805532","2812988","1992544"
"OpenRTB","Web","23446408","19386073","4060335"
"Flashtalking","Web","23716050","1481565","22234485"
"Sharethrough","Web","49805249","18849627","30955622"
"AdColony","Web","28124042","7982980","20141062"
"MGID","Web","21605645","776725","20828920"
"Livescore","Web","27992999","1702141","26290858"
"DoubleVerify","Web","56043148","11044736","44998412"
"Media Innovation Group","Web","2009648","536035","1473613"
"Okta","Web","34529824","5369854","29159970"
"PulsePoint","Web","4503613","1377593","3126020"
"eXelate","Web","1523582","392854","1130728"
"Sonobi","Web","6853448","2359569","4493879"
"Cloudinary","Web","74829294","1236123","73593171"
"Google Secure User Plane Location","Web","1345001","227506","1117495"
"Amplitude","Web","259951218","209239812","50711406"
"Sportradar","Web","32032328","1361872","30670456"
"Google Cloud Platform","Web","50333182","6461419","43871763"
"Mail.com","Email","14259049","2884864","11374185"
"United Internet","Web","1952054","544344","1407710"
"Microsoft teams","Internet Instant Messaging","406646921","53432845","353214076"
"Adtelligent","Web","3242099","1520086","1722013"
"Akamai Video","Media","1676682","365386","1311296"
"IronSource","Business Application","264249039","48258291","215990748"
"Grammarly","Web","23406682","7150045","16256637"
"Simpli.fi","Web","2967516","636922","2330594"
"ByteDance","Web","501407857","42010842","459397015"
"Google News","Web","4441102","212240","4228862"
"Alibaba Group","Web","1003419","154377","849042"
"Alibaba Cloud","Web","32455416","5908774","26546642"
"Discord","Internet Instant Messaging","243398654","11986284","231412370"
"ExpressVPN","Tunneling and VPN","59840210","27246166","32594044"
"Google GSuite","Web","628262","111350","516912"
"Unknown virtual protocol","Unclassified","3879223606","91651131","3787572475"
"Unknown virtual protocol","Unclassified","20551630","17885679","2665951"
"Google Pay","Web","9380777","2426810","6953967"
"Google Messages","Internet Instant Messaging","128192687","98734540","29458147"
"JWPLAYER","Web","509760876","9351805","500409071"
"Bigo","Web","279926901","6253352","273673549"
"BAMTech","Real Time Audio/Video","12295467","5555435","6740032"
"Disney Plus","Real Time Audio/Video","2350882228","33970582","2316911646"
"Quora","Social Networking","43796099","4341765","39454334"
"Shopify","Web","94108524","1818914","92289610"
"StackPath","Web","3652577","375886","3276691"
"KOCHAVA","Web","1695884","453528","1242356"
"Sift Science","Web","1093671","358914","734757"
"Spotify Audio","Real Time Audio/Video","3391212501","36764773","3354447728"
"Go Daddy","Web","985829","79591","906238"
"Indeed","Web","45725633","8659108","37066525"
"Font Awesome","Web","12933095","1052649","11880446"
"Intercom","Web","18198468","7071132","11127336"
"TencentMeeting","Business Collaboration","268271707","23489906","244781801"
"BitTorrent","Peer to Peer","96374","11621","84753"
"Dailymotion.com","Media","1930259594","20909119","1909350475"
"eBay.com","Web","17028865","1682083","15346782"
"File Transfer Protocol","File Sharing","360616","147814","212802"
"File Transfer Protocol Data","File Sharing","68316","13420","54896"
"Google Groups","Social Networking","8204","945","7259"
"HP Printer Job Language","Business Application","4236","2568","1668"
"PalTalk","Internet Instant Messaging","6855973","369067","6486906"
"Secure POP3","Email","311475","14431","297044"
"QQ","Internet Instant Messaging","388132","37056","351076"
"Real Time Control Protocol","Business Collaboration","42104700","7308739","34795961"
"Real Time Protocol","Business Collaboration","2154133430","832504991","1321628439"
"Real Time Streaming Protocol","Media","2546","1598","948"
"Session Initiation Protocol","Business Application","3227459","1837388","1390071"
"Simple Mail Transfer Protocol","Email","19326454","8063413","11263041"
"SOCKet Secure v5","Tunneling and VPN","2758","1309","1449"
"VMWare","Remote Desktop","40877","7754","33123"
"Yahoo Search","Web","2803711","232985","2570726"
"MPEG-Transport Stream","Real Time Audio/Video","1808471076","20895209","1787575867"
"4shared.com","Web","249664","35128","214536"
"Secure AIM","Internet Instant Messaging","343666","56079","287587"
"Tagged.com","Social Networking","1223774","334660","889114"
"Expedia.fr","Web","936275","142609","793666"
"Travelocity.com","Web","9760","1791","7969"
"Realtor.com","Web","259534","25002","234532"
"Windows Live","Web","21470","11862","9608"
"Flickr","Social Networking","444447","6585","437862"
"Hi5.com","Social Networking","143429","67589","75840"
"Deezer","Web","32376153","543343","31832810"
"Yahoo webmail for mobile","Email","1330","570","760"
"Mail.ru Webmail","Email","1424072","270166","1153906"
"Steampowered.com","Gaming","3788710","326607","3462103"
"Xbox Live","Gaming","5236230","367915","4868315"
"Badoo.com","Internet Instant Messaging","53456381","4788527","48667854"
"Foursquare.com","Web","4437137","921469","3515668"
"Meetup","Web","553534","33089","520445"
"MyAnimeList.net","Web","6640073","130712","6509361"
"Odnoklassniki.ru","Social Networking","696849692","16177792","680671900"
"ReverbNation.com","Web","14205","2539","11666"
"Tumblr","Social Networking","166921","5132","161789"
"Vk.com (Vkontakte)","Social Networking","76070287","585990","75484297"
"Vox.com","Web","6759","1272","5487"
"Yandex.ru","Web","54723099","6442099","48281000"
"Yandex webmail","Email","35465","2517","32948"
"Baidu.com","Web","11240323","1104562","10135761"
"Adobe Flash Plugin Update","Web","116728","2152","114576"
"Teredo protocol","Tunneling and VPN","3594","1424","2170"
"Firefox Update","Web","8539","1915","6624"
"Java Update","Web","67741","2583","65158"
"Apple Update","Web","11219058","374851","10844207"
"Archive.org","Web","1636316","46052","1590264"
"0zz0.com","Web","4885619","135890","4749729"
"BitDefender Update","Web","1638353","539213","1099140"
"BBC Player","Media","10192644","280580","9912064"
"Garena","Web","280577","44783","235794"
"Box","File Sharing","23763","1868","21895"
"Google Translate","Web","3831146","1307917","2523229"
"iHeartRADIO","Media","33137475","2706653","30430822"
"Livestream (formerly Mogulus)","Media","284482","5780","278702"
"Psiphon","Web","29560","6988","22572"
"Portal.TidalTV.com","Web","845619","199735","645884"
"Tokbox.com","Web","732087","16172","715915"
"YouKu","Media","10939726","10469775","469951"
"Zoho CRM","Business Application","465081","74046","391035"
"GoToMeeting Online Meeting","Business Collaboration","2762719992","978349129","1784370863"
"WebEx","Business Collaboration","21102","1042","20060"
"RSS","Web","1320","156","1164"
"Acer","Web","18128","3243","14885"
"Adobe Acrobat DC (Document Cloud)","Web","454885","163832","291053"
"Alexa","Web","529535","76562","452973"
"AlJazeera.net","Web","11811","1905","9906"
"AmericanExpress","Web","4673008","540295","4132713"
"ATT.com (AT&T)","Web","6533974","5689859","844115"
"Blogger","Web","12148925","450749","11698176"
"Capital One","Web","22142607","1304861","20837746"
"Cnet.com","Web","62935","2141","60794"
"CNN (Cable News Network)","Web","29620411","4670196","24950215"
"Comcast","Web","1882732","392818","1489914"
"Daum.net","Web","168714","36663","132051"
"Digg.com","Web","82992","11591","71401"
"Fox News","Web","1913843","103299","1810544"
"Groupon","Web","308643","18811","289832"
"IKEA.com","Web","57942705","2648831","55293874"
"Intuit.com","Business Application","1684397","345113","1339284"
"Kaspersky.com","Web","35940","8649","27291"
"Monster.com","Web","1361804","69971","1291833"
"Naver Corporation (formerly NHN Corporation)","Web","1302659","73723","1228936"
"NBA.com","Web","4773990","230045","4543945"
"Nike.com","Web","9198679","1669547","7529132"
"NYTimes.com","Web","108558","3748","104810"
"PlayStation.com","Web","2344009","360746","1983263"
"Reverso.net","Web","40856","4952","35904"
"Sports Illustrated","Web","130754","3131","127623"
"Sprint.com","Web","30308602","216665","30091937"
"SurveyMonkey.com","Web","102358","13840","88518"
"VietBao.vn","Web","29155","6111","23044"
"WashingtonPost.com","Web","1415329","41633","1373696"
"Xbox","Gaming","90839","13063","77776"
"XNXX","Web","37589","20592","16997"
"Youm7.com","Web","20821","1508","19313"
"Google App Engine","Business Application","988084","164908","823176"
"Line","Internet Instant Messaging","1722302","313989","1408313"
"Scribd.com","Web","69259","5099","64160"
"Shazam","Web","472563","51606","420957"
"TuneIn","Real Time Audio/Video","3445678","183748","3261930"
"KakaoTalk","Internet Instant Messaging","83299","24703","58596"
"NetMarble.com","Web","24304660","1711819","22592841"
"Nexon.com","Web","7326","1802","5524"
"163.com","Web","47058","15180","31878"
"Ifeng.com","Web","20043","17299","2744"
"Tmall.com","Web","110189","16881","93308"
"Alipay","Web","248867","104510","144357"
"360.cn","Web","49778","18362","31416"
"Alimama.com","Web","12570","4911","7659"
"Zynga.com","Gaming","186305409","13783754","172521655"
"Datagram Transport Layer Security","Tunneling and VPN","1808809","350421","1458388"
"ISO Base Media File Format","Real Time Audio/Video","39792098332","251135373","39540962959"
"KIK Messenger","Internet Instant Messaging","696144","379384","316760"
"MiTalk Messenger (Miliao)","Internet Instant Messaging","378029","43132","334897"
"Goo.ne.jp","Web","7187","965","6222"
"Nikkei.com","Web","527933","93012","434921"
"Ctrip.com","Web","65663","27701","37962"
"QQ Games","Gaming","2421446","743055","1678391"
"Nokia Here API","Web","7730197","287291","7442906"
"MeetMe.com","Social Networking","22650576","380673","22269903"
"iperf","File Sharing","5534043","2088056","3445987"
"Speedtest","File Sharing","800495","580463","220032"
"ESPN.go.com","Web","5503103","768619","4734484"
"BuzzFeed.com","Web","4423770","719229","3704541"
"Internet Movie Database","Web","3319848","162483","3157365"
"Imgur.com","Storage and Backup","19055052","313912","18741140"
"WebSocket","Network Service","17746090","5337726","12408364"
"Bet365.com","Web","937364","63760","873604"
"Saavn Bollywood Music","Media","27931","4633","23298"
"BBC","Web","13214485","728614","12485871"
"AVG.com","Web","1785659","31027","1754632"
"Softonic.com","Web","16926","2404","14522"
"ElPais.com","Web","203312","21409","181903"
"Kooora.com","Web","78412","4776","73636"
"ESPNCricinfo.com","Web","596728","28690","568038"
"Apple HTTP Live Streaming","Real Time Audio/Video","499059353","6428673","492630680"
"24h.com.vn","Web","4643594","198689","4444905"
"craigslist","Web","1026704","72960","953744"
"Dantri.com.vn","Web","5770574","105705","5664869"
"Echoroukonline.com","Web","133783","7651","126132"
"Hurriyet.com.tr","Web","34483","7433","27050"
"EdgeCast Networks CDN","Infrastructure","5638023","32196","5605827"
"Clarin.com","Web","9230","3396","5834"
"Coccoc.com","Web","14400","3976","10424"
"NZHerald.co.nz","Web","2833639","62644","2770995"
"Rt.com","Web","8285967","480074","7805893"
"UOL.com.br","Web","110506","5304","105202"
"Wp.pl","Web","50587","9803","40784"
"Elsalvador.com","Web","540967","21995","518972"
"Flipkart.com","Web","356381","60291","296090"
"Sana.sy","Web","26953","2107","24846"
"VnExpress.net","Web","13243974","1240220","12003754"
"Zing.vn","Web","524142","182118","342024"
"Jamaicaobserver","Web","76489","8430","68059"
"Fnb","Web","124268","14662","109606"
"Eltiempo","Web","157485","5018","152467"
"News","Web","845134","44958","800176"
"Gameloft Games","Gaming","37238565","1816784","35421781"
"Aparat","Web","768605","31565","737040"
"AddThis","Web","12405110","705491","11699619"
"Yadro","Web","350391","143569","206822"
"Rovio Entertainment","Gaming","12952752","8493604","4459148"
"Candy Crush Saga","Gaming","23449063","11864280","11584783"
"Waze Social GPS Maps & Traffic","Web","32235628","1487429","30748199"
"Huffington Post","Web","1070871","24350","1046521"
"OpenStreetMap","Infrastructure","268205","14735","253470"
"Videoplaza","Web","38234","4395","33839"
"World Series of Poker","Gaming","23705521","2188393","21517128"
"Twitch","Media","848718550","21130112","827588438"
"BoldChat Live Chat","Internet Instant Messaging","3006832","787160","2219672"
"OkCupid","Web","406283","173038","233245"
"Apsalar","Business Application","5009","1108","3901"
"FreeWheel","Web","1676202","361244","1314958"
"Turner","Web","86799431","2059569","84739862"
"Hihi2","Web","1566842","47100","1519742"
"battlenet","Gaming","48166","13015","35151"
"Jamaica Gleaner","Web","1490990","168788","1322202"
"Eksisozluk","Web","35951","1821","34130"
"Taobao Ad Network and Exchange","Web","48860","24997","23863"
"Cedexis","Web","14848342","4289052","10559290"
"Hootsuite","Web","83004","6202","76802"
"Amazon Cloud Drive","Web","5752688","5566148","186540"
"Gettyimages","Web","1868356","68930","1799426"
"Flipboard","Web","17410577","1130420","16280157"
"quic","Network Service","5721507","1684197","4037310"
"I2P Invisible Internet Project","Tunneling and VPN","44638","9438","35200"
"LOTAME","Web","7166411","1282379","5884032"
"CPMSTAR","Web","199523","41116","158407"
"ADTECH","Web","884522","40137","844385"
"Sizmek (previously MediaMind)","Web","11231421","637119","10594302"
"AOL One","Web","1442090","164524","1277566"
"Smh","Web","6936","601","6335"
"Constant Contact","Web","4073655","130630","3943025"
"GitHub","Web","28334348","377905","27956443"
"Skynewsarabia","Web","3033574","155083","2878491"
"Atlassian","Web","124447","54394","70053"
"Pastebin","Web","13915","1621","12294"
"Internet.org","Web","65864","22481","43383"
"My.com","Web","92982","33896","59086"
"Bizographics","Web","17124","4267","12857"
"Helpshift","Web","461215","120908","340307"
"Scotiabank","Web","21157138","2364441","18792697"
"Atlas Solutions","Web","332830","66809","266021"
"Apple Music","Media","5386988781","87268687","5299720094"
"CBS Video","Web","205271277","5092926","200178351"
"LogMeIn","Remote Desktop","33794686","32162513","1632173"
"Unruly","Web","2821409","1217723","1603686"
"UpLynk","Web","16575029","389586","16185443"
"MoPub","Web","618262","179467","438795"
"Parse","Web","85023","30116","54907"
"Microsoft Translator (Bing Translator)","Web","83029","25139","57890"
"Perform","Web","33214281","1185528","32028753"
"Periscope","Media","1325960245","55835770","1270124475"
"Olark","Web","3047902","130327","2917575"
"Liveperson","Web","14468610","2099962","12368648"
"Rollout","Web","304472","122427","182045"
"Microsoft Excel Online (Office 365)","Web","7569088","2200185","5368903"
"Signal","Web","4395390","102004","4293386"
"LiveChat","Web","3535355","245197","3290158"
"Riffsy (Tenor.co)","Web","3089308","386594","2702714"
"Tune","Web","115656","28789","86867"
"Braintree","Web","1063990","255773","808217"
"LKQD","Web","4267093","3208955","1058138"
"jQuery","Web","10487899","546527","9941372"
"Lookout Mobile Security","Business Application","37903","2630","35273"
"TubeMogul","Web","429780","73071","356709"
"Bleacher Report","Web","48969","11282","37687"
"Google Web Light","Web","1343880","79844","1264036"
"pCloud","Web","33439","3153","30286"
"The Royal Gazette","Web","6098","318","5780"
"Revcontent","Web","44167250","1296876","42870374"
"funCaptcha","Web","6235","1646","4589"
"MobFox","Web","142236","34140","108096"
"Slack","Web","5356448","621035","4735413"
"Younow","Web","31341825","13807049","17534776"
"MQ Telemetry Transport","Network Service","1507","778","729"
"Thethao247","Web","6410944","81305","6329639"
"Adk2","Web","62019","5308","56711"
"Pokemon GO","Gaming","42384740","936950","41447790"
"CDNetworks","Infrastructure","38464045","600942","37863103"
"Weborama","Web","158529","28007","130522"
"Highwinds","Web","121712382","2288674","119423708"
"Innovid","Web","384734082","6883487","377850595"
"StackExchange","Web","736388","15108","721280"
"StackOverflow","Web","562161","18799","543362"
"Wix","Web","9807531","864590","8942941"
"Tinder","Web","131680638","4128677","127551961"
"Shutterstock","Web","488022","158674","329348"
"Ubuntu","Web","12737","4395","8342"
"Hola","Web","10229","4990","5239"
"Clash of Clans","Gaming","16791641","580424","16211217"
"Supercell","Gaming","657862","147898","509964"
"Amazon Music","Media","1579083","477665","1101418"
"Cheetah Mobile","Web","129228","30898","98330"
"StreamRail","Media","85768","15896","69872"
"Vidyard","Web","492882","24253","468629"
"Apple Game Center","Gaming","11497864","2517462","8980402"
"Nintendo","Gaming","11175945240","276634320","10899310920"
"ADventori","Web","115967","24212","91755"
"Tealium","Web","8014628","2092949","5921679"
"Audible","Real Time Audio/Video","33312","14540","18772"
"Yieldmo","Web","10331494","1882491","8449003"
"Google Classroom","Web","9041501","2089008","6952493"
"Samsung Update","Web","2539251041","34170533","2505080508"
"Huawei","Web","8480363","2188338","6292025"
"ULP","Network Service","1506216","75321","1430895"
"AnyDesk","Remote Desktop","434223","176504","257719"
"Naij","Web","227837","36790","191047"
"PopAds","Web","5594","1423","4171"
"Savefrom","Web","47564","4636","42928"
"MaxCDN","Web","4717","402","4315"
"Booking.com","Web","15307426","561274","14746152"
"Walmart","Web","4195415","3530900","664515"
"Emisoras Unidas","Web","7050","2387","4663"
"Avast","Web","29492891","1263475","28229416"
"Tuko Kenya","Web","486902","64910","421992"
"DocuSign","Web","162161","34499","127662"
"Automatic Data Processing (ADP)","Web","21940950","992765","20948185"
"Publinews","Web","101551","14548","87003"
"Optus","Web","1021356","57041","964315"
"Gfycat","Web","105327946","2689571","102638375"
"T-Mobile","Web","1232739","118610","1114129"
"Vivox","Internet Instant Messaging","114994","38381","76613"
"Wall Street Journal","Web","2702439","77579","2624860"
"Niantic, Inc","Web","423455","38704","384751"
"Meitu","Web","98660885","27183959","71476926"
"Clash Royale","Gaming","5458225","802976","4655249"
"Origin","Web","32896","7263","25633"
"Instructure","Web","373932","15722","358210"
"shopee.tw","Web","72039015","14217883","57821132"
"Electronic Arts","Web","34847","8340","26507"
"Facebook Lite","Social Networking","18238096","1650151","16587945"
"Kakao","Web","6630805","116589","6514216"
"Digioh","Web","2088775","75244","2013531"
"Apptimize","Web","134827","17911","116916"
"UC Browser","Web","1503295","1125759","377536"
"x_vpn","Tunneling and VPN","350509212","47320314","303188898"
"Mediascope","Web","605175","141130","464045"
"Data Saver","Web","4792038","805883","3986155"
"Opera turbo","Network Service","29894207","1987780","27906427"
"Youtube Music","Media","1763550","483657","1279893"
"Appnext","Web","41782","6262","35520"
"Tenor","Web","30319104","2255139","28063965"
"Fox Networks","Web","463160","9421","453739"
"9GAG","File Sharing","236801910","6263613","230538297"
"Text Me","Internet Instant Messaging","22232135","3020555","19211580"
"AnchorFree","Tunneling and VPN","3676027","2333531","1342496"
"textPlus","Internet Instant Messaging","7069","1822","5247"
"Epic_games","Gaming","2719988","197122","2522866"
"Unreal_engine","Gaming","3628344","1241680","2386664"
"Disqus","Web","20088243","1527720","18560523"
"IBM","Web","211541","17728","193813"
"RingCentral","Business Collaboration","20515","2984","17531"
"Visual IQ","Web","276233","100837","175396"
"League of Legends","Gaming","96256401","17094462","79161939"
"Mobile Legends","Gaming","20801772","6269142","14532630"
"Future_plc","Web","3269754","108443","3161311"
"Inskin","Web","8557","1687","6870"
"Monday.com","Web","14096674","732032","13364642"
"Wish","Web","5419429","309492","5109937"
"Minecraft","Gaming","21537857","879156","20658701"
"Mojang","Gaming","5879","520","5359"
"Prezi","Web","6166927","132568","6034359"
"Grab - Transport, Food Delivery, Payments","Web","604519","426470","178049"
"iBooks","Web","250403","120598","129805"
"Fandom","Web","2670766","168699","2502067"
"Tesla","Web","15348416","304883","15043533"
"AnonyTun","Tunneling and VPN","180726","89114","91612"
"OpenSignal","Web","30141138","6760831","23380307"
"Megaphone","Web","1736148","27410","1708738"
"TripAdvisor","Web","95350213","4883772","90466441"
"PubNub","Web","701422","177793","523629"
"Unknown virtual protocol","Unclassified","696811199","156375147","540436052"
"Unknown virtual protocol","Unclassified","4740332","312203","4428129"
"Unknown virtual protocol","Unclassified","61907","9362","52545"
"Unknown virtual protocol","Unclassified","2177110","58250","2118860"
"NetEase","Web","25423","6957","18466"
"Unknown virtual protocol","Unclassified","8376","6383","1993"
"Unknown virtual protocol","Unclassified","488134","37582","450552"
"Unknown virtual protocol","Unclassified","3415676","320373","3095303"
"Bumble","Web","14883949","957092","13926857"
"National Public Radio","Web","2616237","37195","2579042"
"Talkatone","Internet Instant Messaging","4138041","1218304","2919737"
"Raknet","Gaming","7983516","3664759","4318757"
"Wireguard","Tunneling and VPN","46037419","3358487","42678932"
"Firework","Internet Instant Messaging","7492299","246096","7246203"
"Banggood","Web","1510351","73759","1436592"
"Agora","Network Service","3517784","1802865","1714919"
"Schibsted Media Group","Web","1203340","11335","1192005"
"Toutiao","Web","18408","1603","16805"
"Tuchong","Web","12756064","12123746","632318"
"Airbnb","Web","39452640","4605407","34847233"
"MediaLab","Web","629539","204421","425118"
"Wangwang","Internet Instant Messaging","880901","390817","490084"
"Browsec VPN","Tunneling and VPN","170350555","8290894","162059661"
"Workday","Business Application","17019088","2967910","14051178"
"Uber Eats","Web","6565651","1115979","5449672"
"DoorDash","Web","63749340","1098425","62650915"
"Houseparty","Real Time Audio/Video","85582","12982","72600"
"Roblox","Gaming","2826029196","219287492","2606741704"
"Likee","Internet Instant Messaging","43824205","12036297","31787908"
"Acronis Cloud","Web","320758","124605","196153"
"Acronis Backup","File Sharing","215186","57599","157587"
"Citrix","Web","45288","17662","27626"
"Microsoft Dynamics","Business Application","85956","31215","54741"
"Digital Turbine","Web","22277026","695914","21581112"
"Pluto TV","Real Time Audio/Video","2116735","695823","1420912"
"Amber Weather","Web","20100","4160","15940"
"adRise","Real Time Audio/Video","18256806","1629974","16626832"
"Tubi TV","Real Time Audio/Video","3760933479","54264805","3706668674"
"Demandbase","Web","414568","18209","396359"
"Amazon Alexa Assistant","Business Collaboration","96894","15093","81801"
"Yubo","Internet Instant Messaging","6135772","424114","5711658"
"Connatix","Real Time Audio/Video","45749639","2833610","42916029"
"Minute Media","Web","475957","26001","449956"
"UserReport","Web","1661439","111185","1550254"
"Xbox Cloud Gaming","Gaming","30479","9149","21330"
"Pendo","Web","4148811","1237319","2911492"
"Jitsi","Real Time Audio/Video","31545","10041","21504"
"The Blaze","Web","974195","24936","949259"
"Hotels.com","Web","18506","2649","15857"
"NHL.com","Web","5425711","301823","5123888"
"Official Major League Baseball","Web","6506680","266080","6240600"
"Priceline.com","Web","6498885","1312428","5186457"
"Slate Magazine","Web","863483","99407","764076"
"BambooHR","Web","8262076","123186","8138890"
"The Telegraph","Web","3228810","336588","2892222"
"The Free Dictionary","Web","762466","108903","653563"
"TIME","Web","80592","1518","79074"
"TMZ","Web","1380705","57019","1323686"
"Call of Duty Mobile","Gaming","13974","1906","12068"
"Wired","Web","429128366","3927400","425200966"
"Kickstarter","Web","3077189","97942","2979247"
"Indiegogo","Web","7468","1287","6181"
"FedEx","Web","1862125","507094","1355031"
"Kayak","Web","10709","2848","7861"
"Eventbrite","Web","5063198","89336","4973862"
"G-Core Labs","Web","18609","5696","12913"
"WarnerMedia","Web","360605735","9299815","351305920"
"Bilibili","Web","61162204","279405","60882799"
"Etahub","Web","2585","1220","1365"
"Datadog","Web","1525039","1221121","303918"
"Unknown virtual protocol","Unclassified","46881","3445","43436"
"ZoomCRC","Business Collaboration","900","432","468"
